$SPEC_ID:
No sample description was entered.
$SPEC_REM:
DET# 1
DETDESC# PPF18-07 Easy-MCA-8k SN 14274550
AP# Maestro Version 7.01
$DATE_MEA:
11/15/2022 11:53:30
$MEAS_TIM:
7685 13974
$DATA:
0 8191
       0
       0
       0
       0
       0
       0
       0
       0
       1
       0
       0
       0
       0
       0
       0
       1
       0
       0
       0
       0
       0
       0
       1
       1
      36
    9945
  427343
 3282589
   55490
   19828
   26225
   35722
   47731
   59109
   63444
   58508
   46913
   34723
   26168
   20988
   17146
   14698
   11816
    9581
    7782
    6230
    5077
    4125
    3314
    2826
    2444
    2202
    2036
    2032
    1896
    1872
    1869
    1805
    1766
    1677
    1672
    1618
    1511
    1437
    1323
    1199
    1059
    1013
     860
     737
     634
     577
     480
     465
     394
     335
     291
     331
     239
     245
     195
     187
     201
     173
     185
     152
     140
     177
     142
     139
     134
     125
     115
     116
     109
     107
     106
      89
     117
     113
      92
      91
      85
      66
      70
      62
      64
      56
      54
      59
      67
      52
      42
      51
      46
      48
      63
      51
      41
      45
      61
      47
      39
      31
      42
      43
      34
      39
      41
      50
      51
      32
      44
      37
      32
      40
      35
      28
      23
      28
      36
      30
      32
      39
      33
      33
      26
      34
      32
      33
      29
      33
      30
      45
      33
      28
      24
      35
      27
      31
      33
      35
      34
      34
      25
      29
      29
      23
      31
      17
      26
      28
      28
      28
      30
      40
      29
      24
      32
      25
      34
      35
      23
      31
      37
      32
      25
      33
      26
      31
      27
      26
      30
      32
      30
      21
      21
      23
      19
      35
      31
      23
      31
      32
      32
      25
      27
      25
      21
      26
      21
      24
      27
      34
      24
      21
      26
      30
      36
      14
      19
      21
      30
      19
      29
      17
      16
      19
      24
      13
      29
      25
      24
      29
      21
      18
      25
      20
      20
      18
      17
      22
      19
      18
      28
      20
      24
      26
      24
      18
      13
      17
      28
      15
      16
      19
      11
      16
      23
      25
      26
      17
      26
      16
      14
      18
      11
      21
      14
      19
      14
      19
      19
      23
      29
      21
      14
      16
      19
      20
      16
      22
      18
      13
      22
      24
      22
      21
      21
      13
      16
      25
      19
      20
      19
      14
      16
      26
      14
      22
      15
      15
      24
      15
      14
      26
      26
      20
       8
      24
      21
      22
      21
      19
      18
      17
      18
      17
      15
      23
      16
      23
      14
      11
      21
      13
      21
      15
      11
      15
      14
      25
       9
      12
      14
      27
      19
      14
      20
      19
      15
      18
       8
      17
      17
      17
      17
      14
      21
      14
      12
      15
      14
      17
      15
      21
      11
      18
      11
      21
      19
      14
      17
      17
      10
      16
      13
      14
       8
      14
      12
      14
      14
      12
      10
      12
      19
      15
      16
      15
      18
      14
      15
      17
      10
      13
      15
      11
      13
      14
      15
      11
      17
      14
      12
       9
      13
      17
      17
      16
      16
      19
      10
      18
      17
      11
      18
      16
      15
       9
      11
      15
      16
      18
      14
      11
      10
       9
      19
      18
      10
      12
      17
      12
      12
      19
      10
      14
      14
       7
       9
      12
      14
       4
      13
      12
      16
       5
      14
      16
      11
      15
      13
      10
       7
      10
       9
      15
      15
      10
      12
      14
       7
      15
       9
      10
      12
      11
      15
      13
      12
       6
      12
      14
      16
      15
      11
      10
      13
       6
      12
      12
      12
       8
      11
      11
      13
      12
       8
       8
      11
      10
      13
      11
      10
       8
      10
      14
      11
      12
      16
       9
       5
      12
      11
      11
      14
       6
      10
      16
      16
      10
      11
      18
      11
      17
      13
       8
      12
      11
      12
      13
       3
      10
      17
      13
       8
       9
      14
      12
       7
      13
      12
      12
       7
      10
       5
       3
      12
      10
      10
       7
       9
      14
      11
      14
       9
      12
      14
       8
      13
       9
      12
       5
      12
      10
      13
      12
       9
      15
       7
       8
      11
      11
      10
      10
      16
      12
      12
      11
      10
       6
      11
      14
      12
      11
      15
      12
       9
      11
      12
       6
      10
      12
       6
       5
       7
      12
      11
      12
      20
      11
       7
       9
      10
      11
      12
      11
      11
      15
       4
      10
      12
      11
       6
      10
       7
       8
      11
       3
       7
       9
      14
       9
      14
      10
      14
      11
      14
       7
       9
      11
       8
      11
       5
       9
      12
      16
       8
       8
       9
       7
       9
      11
       5
      16
      14
      11
      13
       4
      15
      13
      12
      12
      17
      10
      15
      10
       6
      11
       6
      12
      18
      11
      11
      13
      13
       7
       7
       9
      13
       8
      14
       5
       9
       8
       9
       6
      16
      13
      14
       6
       6
       8
      11
       9
      10
       5
       7
       5
      13
      11
      13
       6
       6
       7
      11
      14
       7
      10
       8
      20
       7
       9
      15
       9
      12
       4
      10
       6
      11
      12
      10
      16
       7
      15
       9
       9
      12
       3
      14
      12
      12
      14
       9
      10
       6
       7
      11
       8
       9
       7
      10
      11
       7
       9
       6
      17
      13
      11
       8
       5
      12
       9
      20
      10
       8
       8
       4
       6
      10
       7
       7
      11
       8
      15
      10
      10
      10
       5
      10
       9
      10
       8
      10
       5
      11
      10
       9
       7
       8
      10
       5
      11
       6
       7
      10
      15
      11
       8
       9
       8
       7
       7
      15
       9
       3
      11
       8
       8
       5
       9
       7
      13
       6
      15
       5
      12
       5
      10
       7
      10
      12
       9
       7
       9
       5
       4
      14
      12
       8
       8
       9
       3
      10
       5
      13
      14
      12
       9
      12
       3
      10
       6
       7
       4
       6
       4
       9
       6
      17
       6
      10
       8
       9
       7
       7
      12
      14
       7
       4
      11
      13
       5
      11
      13
       5
       4
       7
       8
      11
       9
      10
      12
       9
      10
      13
       7
       7
       6
       4
       9
       9
       8
       5
       8
       6
       9
      10
       8
       6
       4
       3
       3
       6
       8
       7
      12
       7
       8
       6
       9
       9
      12
      11
       5
      11
      11
      10
       9
       5
      11
      10
      15
       9
      11
      12
       6
       8
      13
      12
       5
      15
       6
       9
       7
      13
      12
      10
       9
       6
       8
       7
      12
       6
      11
      13
      10
       9
      10
      14
       8
      10
      13
       9
       9
       9
      10
       9
      14
       9
       6
       8
      10
      11
       9
       8
       4
      16
       6
       8
      10
       6
       6
      12
       7
       8
       6
       6
       6
       4
      14
      12
       6
       9
       8
       8
       7
       8
      12
      11
       7
       4
      11
      10
       7
      10
       6
       9
      14
       7
       8
       7
       9
       7
       9
      10
       5
       9
       7
       8
       7
      11
       6
       5
       6
      10
      10
       7
      10
       8
      10
      11
       7
      10
       7
      10
       8
       9
       8
       9
       8
       4
      13
      10
       5
      10
       7
       8
       8
       7
       7
       9
      11
      10
       7
       5
      11
       4
       9
      10
       8
       8
      13
       6
       7
       8
      13
       7
      10
       6
       7
      13
      12
      11
       9
       7
       6
       2
       8
       6
       7
       7
       6
       6
       9
       4
       7
       4
       6
      11
       7
       8
       8
      10
       5
      13
       8
       3
       3
       9
       6
      12
       9
      10
       4
      16
       9
       6
      10
       9
       4
       5
       9
       9
       8
      14
       9
       9
       1
      10
       9
      11
       8
      11
      13
      11
       8
       9
       7
       1
      14
       7
       6
       8
       8
       7
      10
      21
      11
      12
       8
       6
      11
       7
      12
      10
       7
       8
      10
      10
      12
       8
      11
      14
       6
       8
       5
       7
       6
       5
       9
       5
       6
       5
      12
       5
       5
       9
      11
       8
       9
      10
       6
       7
       8
       5
       8
       9
       5
      12
      14
      12
      10
      11
       9
       9
      10
       8
       8
      12
       9
      10
       3
       7
       8
      12
      10
       7
      10
       5
       9
       6
       3
       5
       2
       7
       7
      12
       4
      12
      14
       5
       9
       8
      17
       8
      10
       8
       6
       5
      11
       4
       5
      10
       9
      15
      10
       6
       6
       6
       7
      10
       6
      13
      13
      13
       2
      12
       9
       2
       6
       9
       7
      10
       6
       5
       8
       7
       9
       8
       9
       3
      16
       6
      10
       8
       6
       9
       9
       5
       8
       5
      10
       5
       9
       5
       9
       7
       5
       9
       9
       6
      13
      11
       7
       9
      10
      13
       9
       6
       5
       9
       6
       5
       3
       7
      10
       6
      10
       5
       6
      10
       5
      10
      10
      11
       4
       8
       5
       9
      10
       6
      10
       7
      12
      19
       9
      10
      10
      14
      10
       5
       8
       7
      10
       6
       9
       3
       8
       2
      15
      10
       7
       3
       8
      12
      10
       4
       3
       9
       7
      10
       9
       7
       3
       3
       9
       8
       9
      12
       6
       4
      16
      11
       4
       7
      13
      12
       9
       6
       6
      10
       5
       7
      12
      12
      10
       2
       7
       6
       8
       5
      10
       7
       8
       7
       4
       8
      10
       7
      12
       4
       8
       7
       9
       5
       9
       6
       6
       9
       9
       9
       7
       8
       6
       4
       6
       5
       8
       9
       4
       9
       8
       5
       8
      14
      11
       3
       7
       8
       3
       8
       9
       2
       4
      10
      10
       4
       9
      12
      15
       7
       5
       9
       8
      16
      13
       3
       7
       3
       9
       9
       5
      11
       9
      12
      14
      10
       9
       9
       4
       5
       9
       6
       5
      12
      13
       4
       7
       7
       7
       9
       5
       9
       9
       2
       9
       7
       3
       7
       8
      15
       9
      13
      12
       9
       2
       9
       9
      12
      10
       8
       7
      10
       6
      11
       6
      11
       6
       7
       6
      11
       2
       6
       4
       4
       6
       5
       9
       9
      14
       8
       6
       8
       6
       7
       6
       7
       8
      10
       9
       9
       7
       5
       5
       8
       8
      13
       7
       4
       8
       8
       2
       8
      10
       8
       8
       9
      10
       7
       4
       9
      10
      10
       5
      12
       8
      10
      13
       7
       9
      12
      14
      12
      12
       9
      12
      13
       9
       6
       7
       6
      13
       3
       3
       7
       6
       7
      11
       9
       6
       5
      12
       9
      10
      11
       7
       7
       6
       9
      11
       5
       9
       4
       8
       6
       6
      13
       8
       6
      11
       5
       7
       6
       7
       5
       6
      15
       9
       3
       5
       9
       9
       4
       9
       6
      14
       7
      12
       9
       8
       8
       9
      11
       7
       7
       8
       6
       6
       8
       5
       7
       7
       8
      10
       9
      12
      23
       9
       8
       8
       9
       9
      13
       8
       2
      10
      12
       9
      11
       6
       6
       6
       8
       9
      12
       8
      13
       8
       7
       2
       8
       9
       8
       8
       5
       8
       6
       7
      10
       3
       7
       8
       9
       8
       6
       7
       7
       9
      11
      11
      11
      13
       6
       9
      14
       6
      11
      11
      13
       6
      10
      12
       6
      10
       8
       8
       6
      13
      11
       9
      11
       6
       8
       8
       6
       8
       7
      12
       6
       7
       6
      12
       7
       8
      14
       7
       5
       9
       9
       8
      10
      10
       5
       9
       5
      14
      15
       7
       4
      15
      12
       7
       8
      11
      15
       8
      10
       6
      10
       5
       6
       9
       4
       8
      10
       7
       9
       9
       7
      13
       9
       5
       9
       9
      11
       5
      16
      10
       9
      12
       8
      14
       7
      10
      11
       4
      12
       9
       9
      11
       5
       8
      10
      12
       4
       8
       9
       9
       9
       4
      13
      14
      10
      10
       6
       8
       7
      14
      10
       9
       6
       8
       9
       7
       8
       9
       8
       8
       9
       8
      12
       8
      12
       4
       7
       6
       7
      11
       5
       5
       9
       9
      12
      10
       7
       8
      11
       8
       8
      11
       8
       9
       4
       7
       7
      12
      10
      13
      12
       8
      19
       7
       5
      10
       9
       6
       8
       6
      10
       5
       9
       6
       9
       7
       6
       7
      13
       7
      13
       3
      11
       7
       9
       2
       5
      10
       6
       7
      10
       9
      11
       6
       8
      13
       7
       7
       9
       3
      13
       7
       7
       9
      16
      11
      11
      12
      11
       8
      11
       4
      14
      14
      14
       7
       8
      11
       7
      12
      16
      13
      12
      14
      12
       7
       9
       9
       9
      12
       8
       7
      11
       9
       5
      14
       9
       9
       7
       6
      12
      14
      11
       8
      11
       4
      14
       6
       7
       9
       9
       5
      12
       6
       8
      12
       7
       6
       9
      14
       7
      10
      20
       6
      13
      13
       6
      11
       9
       9
      15
       6
      14
       7
       4
      13
      12
      12
      10
       7
      12
      16
       9
       5
      14
       6
      14
       8
       8
       4
       9
      15
       8
       9
      11
       7
       7
      13
      15
       9
      12
       5
       7
      12
      10
      11
       6
       7
      15
       3
       7
      11
      12
       7
      10
      13
      13
      14
       4
      11
       4
      14
       7
      10
       7
       8
       4
      10
       6
       8
       9
       5
      10
       8
       9
      11
      16
      10
      10
      11
       9
      10
       5
      14
       7
      12
      13
       9
       8
       9
      14
       7
       7
      10
      12
      10
      12
       9
      14
       5
       8
       9
      10
      16
       8
      14
       6
       8
       4
       5
      11
      15
      16
       7
      12
       9
      13
       6
       8
       8
      10
       7
      10
      11
       9
       8
      11
       9
       8
       6
       9
       8
      12
       8
      10
       8
       8
       5
       9
       5
       7
      12
       6
       9
      13
      16
      14
       5
       3
       5
       6
      12
      12
       8
       8
       8
      10
      11
      16
       8
       5
       6
      11
      12
       7
       8
       5
      13
       9
      13
      11
       8
      14
      11
      12
      13
       8
      15
       6
       7
       8
      11
      14
      14
       8
       7
      10
      10
       7
      16
      11
      11
       9
       8
      10
       4
      10
      15
      12
      12
       5
      12
       7
      10
       5
      11
      11
      10
      11
       5
       7
      13
      12
       9
      12
      12
      13
      10
       7
      11
       9
       9
       9
       7
       6
       7
       9
      12
      15
       3
      12
      12
       9
      11
      13
       8
      10
       9
       9
      11
      10
       9
      12
       5
      10
       9
       6
      12
      13
       9
      13
       7
      10
      11
      10
       4
      11
      12
      13
       8
       6
       3
      14
      11
       6
       7
      13
      10
      17
       5
       8
      14
      12
      16
      14
       9
       9
       9
      12
      12
      12
      10
       6
       5
      11
       8
       8
      10
      15
      12
      16
       6
       4
       8
       9
      16
      11
       6
       8
      12
      15
       7
       9
       9
      12
       7
       9
      14
      16
       9
       8
      12
      14
       9
      16
      14
      10
      13
       7
       5
      13
      14
      11
       5
       9
       9
      14
      12
      11
      15
       9
      14
       7
      10
      14
      11
      12
       6
      20
      16
      14
      10
       9
      12
      14
      10
      10
       8
      12
      13
       7
       7
      10
       9
      16
       7
      12
       8
       9
      13
      14
      13
      11
       8
      17
       6
      15
       3
      10
      11
       8
      11
       8
      11
      17
       7
      15
      13
       9
       8
      12
      11
      14
       9
       9
       6
      14
      13
       5
      13
      12
      10
      14
      12
       8
      11
       9
      12
       8
      18
       8
       7
       8
       9
       8
       8
       8
       8
       2
      10
      11
      10
      10
      15
       8
      12
      10
      13
       9
       7
      20
      11
       9
       7
      10
      12
      12
      15
       6
      18
       6
       9
      11
      11
      15
       8
       9
      14
      14
       7
      11
      10
       9
      15
      17
      10
       7
      13
      10
       9
       7
      18
      10
      12
       8
       9
      10
      18
       8
      13
      10
      11
       4
      13
      11
       9
      16
      11
       9
      11
      13
      10
      11
      12
      15
      12
       9
       9
       9
      11
      17
      14
      11
      13
      14
       7
      12
      10
      19
       6
       7
       7
       9
      15
       8
      14
       8
       7
      10
      13
      14
      13
      13
      15
       9
       9
      14
      15
      16
      14
      16
      13
      13
       6
      14
      18
      12
      12
      10
      12
       8
      16
      17
      17
      13
      17
      12
       9
      18
       7
      15
      14
       5
      14
      11
      15
      11
      10
      10
       9
      13
       8
      17
      15
      14
      12
      17
      11
      12
      12
      10
      15
       8
      14
      10
      11
       8
      10
      10
      13
       7
      14
      13
      10
       7
      10
      11
      10
       9
       9
      10
      14
      10
      13
       6
      15
       6
       9
      13
      11
      13
       7
      15
      10
      12
      13
       7
      13
      11
      18
      17
      11
      15
      14
      14
      19
       7
       7
       9
      12
       7
      12
      16
      14
       8
       9
      16
      15
       9
      11
      13
       8
       9
      18
      12
      14
      21
      14
      18
      12
      12
       8
      13
      11
      14
      11
      14
      10
      10
      13
       8
       9
      12
      17
      12
      14
      13
      11
       8
      11
      16
      17
       9
      13
      14
      14
      10
      10
      13
      17
      17
      11
      10
      16
      13
      12
      12
      20
      14
      21
      13
      16
      14
       7
      10
      12
      11
      12
      13
      16
      13
      10
      10
       6
      10
      10
      11
      17
      11
      10
      13
      20
       9
      10
      10
      17
      18
      12
      10
      17
      12
      13
      12
      12
      13
      12
      16
      13
      12
      15
      11
      12
       9
      11
      18
      12
      12
       7
      15
      22
      14
       7
       7
      14
      19
      15
      15
       8
      14
      17
      10
      13
      18
      12
      12
      12
      13
      12
      12
      10
       6
      17
      21
       7
      10
      12
      12
      10
      17
       9
      18
      19
      17
      14
      15
      10
       6
      11
      17
      16
      14
      18
      12
      14
      11
      14
      19
      13
      13
      13
      15
      12
       8
      15
      12
      10
      14
       8
       6
      10
       9
      10
       8
      11
      12
      21
       8
      12
      16
      12
      15
      14
      10
      16
      24
      19
      15
      14
      13
      12
      11
      11
       4
       9
      22
      14
      12
      18
      12
      16
      12
      10
       9
      12
      17
      19
       8
       9
      12
      14
      13
      21
      12
      24
      10
      11
      13
       9
      12
      10
      14
      25
      13
       6
      13
      16
      11
      11
      11
      19
      14
      15
      18
      11
      12
      15
      14
      15
      10
      13
      23
      16
      12
      15
      13
      10
      13
      20
      17
      14
      17
      16
      20
      16
      13
      14
      16
      12
      11
      10
       8
      20
      17
      16
       7
      16
      16
      12
      21
       8
       7
      13
      12
      12
      15
      10
      10
      15
       7
      18
      16
      14
      18
      20
      12
      12
      18
      10
       7
      11
      18
      15
      17
      15
      15
      23
      15
      12
      11
      17
      10
      18
      19
       9
      14
      15
      14
      14
       9
      17
      15
      12
      11
      12
      11
      12
      18
       9
      11
      12
      18
      12
      18
      10
      11
      15
      18
      15
      11
      18
      11
      19
      20
      23
      17
      19
      20
      13
      18
      19
      13
      13
       8
      14
      17
      16
      10
      10
      19
      17
      12
      14
      14
      11
      14
      16
      14
      14
      13
      13
      19
      18
      14
      16
      11
      20
      19
      16
      10
      19
       9
      22
      10
      21
      15
      13
      18
      17
      11
      19
      18
      18
      17
       9
      11
      16
      19
      14
      19
      15
      21
      13
      16
      18
      12
      17
      20
      18
      18
      18
      17
      19
      12
      12
      12
      16
      16
      14
      17
      12
      25
      20
      17
      15
      13
      14
      13
      12
      13
      16
      15
      12
      19
      14
      12
      16
      20
      14
      15
      15
      12
      15
      13
       7
      19
      16
      13
      20
      10
      13
      12
      16
      11
      14
      14
      14
       8
      17
      14
      17
      17
       9
      21
      14
      11
      19
      17
      21
      15
      19
      14
      16
       9
      21
      22
      15
      14
      10
      19
      20
      16
      16
      14
      12
      10
      12
      11
      17
      12
      16
      24
      16
      15
      18
      13
      14
      10
      21
      13
      17
      17
      11
      15
      16
      13
      14
      17
      20
      19
      13
      20
       5
      13
      13
      19
      15
      14
      23
      15
      23
      15
      21
      19
      18
      16
      15
      17
      16
      21
      21
      16
      13
      15
      24
      21
      18
      18
      15
      13
      23
      13
      16
      13
      13
      15
      16
      12
      15
      23
      22
      16
      23
       8
      19
      24
      20
      14
      20
      13
      14
      16
      18
      17
      17
      21
      10
      25
      14
      16
      15
      21
      18
      12
      18
      19
      14
      12
      10
      22
      16
      10
      21
      31
      18
      11
      13
      16
      29
      15
      15
      16
      23
      21
      11
      24
      24
      14
      14
      16
      29
      21
      25
      19
      13
      22
      21
      15
      13
      17
      26
      17
      27
      15
      15
      17
      19
      22
      16
      20
      16
      14
      20
      21
      15
      16
      21
      18
      20
      11
      11
      25
      16
      16
      17
      22
      16
      14
      14
      16
      18
      13
      29
      22
      21
      26
      23
      15
      17
      22
      23
      22
      25
      17
      18
      19
      21
      13
      12
      20
      19
      19
      16
      16
      18
      13
      17
      19
      11
      25
      15
      13
      21
      23
      15
      13
      25
      15
      23
      11
      25
      27
      23
      19
      20
      17
      21
      19
      20
      27
      13
      17
      12
      18
      22
      20
      10
      18
      19
      13
      16
      22
      22
      16
      12
      26
      22
      18
      25
      10
      21
      16
      21
      15
      22
      10
      20
      18
      18
      19
      11
      17
      12
      27
      22
      16
      28
      17
      21
      14
      19
      23
      21
      19
      15
      21
      25
      22
      22
      13
      23
      25
      24
      22
      20
      16
      20
      20
      26
      17
      24
      22
      21
      19
      24
      25
      16
      12
      11
      25
      26
      21
      14
      24
      19
      20
      25
      25
      27
       9
      19
      23
      22
      17
      27
      18
      15
      16
      16
      11
      23
      20
      22
      18
      14
      21
      20
      23
      20
      12
      15
      20
      28
      18
      17
      20
      22
      25
      25
      13
      15
      17
      23
      19
      12
      28
      17
      17
      25
      21
      28
      15
      24
      20
      27
      25
      20
      25
      18
      23
      17
      18
      23
      19
      17
      24
      17
      29
      18
      20
      24
      24
      15
      28
      20
      25
      17
      25
      21
      24
      18
      18
      19
      20
      27
      19
      24
      23
      20
      18
      21
      26
      21
      22
      23
      26
      19
      20
      15
      19
      22
      19
      23
      19
      22
      20
      22
      21
      21
      23
      22
      19
      17
      19
      25
      19
      17
      26
      22
      19
      21
      20
      20
      14
      22
      16
      17
      32
      30
      17
      26
      20
      21
      20
      19
      24
      22
      29
      19
      17
      22
      29
      24
      33
      27
      26
      31
      18
      17
      33
      16
      25
      11
      24
      21
      24
      16
      27
      24
      19
      27
      28
      34
      24
      21
      17
      23
      27
      27
      21
      22
      25
      19
      29
      21
      25
      25
      32
      30
      20
      37
      21
      30
      27
      19
      37
      27
      35
      28
      16
      23
      27
      28
      19
      24
      19
      21
      28
      24
      21
      20
      26
      24
      32
      27
      16
      29
      22
      31
      38
      22
      25
      30
      20
      30
      22
      30
      22
      23
      28
      26
      30
      30
      22
      26
      24
      19
      22
      20
      27
      28
      20
      32
      31
      32
      29
      30
      27
      33
      26
      25
      35
      27
      27
      33
      23
      26
      32
      25
      33
      29
      19
      25
      18
      26
      30
      21
      29
      31
      34
      24
      27
      32
      15
      32
      29
      28
      25
      26
      28
      25
      28
      27
      30
      26
      28
      23
      27
      38
      27
      30
      27
      25
      35
      22
      36
      31
      33
      24
      20
      29
      27
      25
      31
      27
      23
      17
      25
      28
      40
      21
      41
      32
      25
      31
      29
      21
      30
      29
      25
      38
      38
      26
      29
      24
      23
      26
      28
      22
      30
      41
      40
      37
      22
      32
      31
      30
      26
      24
      27
      32
      31
      25
      26
      28
      33
      36
      38
      38
      33
      31
      35
      32
      40
      27
      25
      22
      26
      33
      27
      38
      38
      37
      27
      35
      38
      35
      25
      25
      30
      36
      25
      30
      38
      32
      22
      26
      38
      37
      32
      35
      33
      44
      32
      32
      25
      33
      37
      30
      32
      42
      37
      32
      35
      34
      20
      37
      25
      29
      34
      17
      33
      32
      29
      19
      32
      35
      39
      25
      27
      46
      38
      31
      27
      38
      33
      22
      27
      29
      42
      33
      38
      35
      31
      36
      38
      43
      42
      36
      40
      31
      30
      27
      24
      26
      28
      37
      39
      38
      28
      29
      24
      35
      34
      35
      32
      37
      37
      31
      37
      27
      29
      36
      20
      31
      36
      35
      30
      45
      39
      37
      32
      37
      28
      51
      29
      46
      33
      33
      33
      40
      42
      36
      36
      45
      52
      41
      40
      43
      43
      40
      43
      26
      43
      42
      45
      39
      49
      47
      39
      38
      41
      37
      39
      39
      38
      31
      37
      44
      37
      31
      55
      41
      44
      39
      36
      31
      35
      38
      42
      31
      56
      47
      41
      65
      28
      42
      38
      46
      42
      36
      33
      36
      49
      40
      34
      40
      38
      44
      50
      36
      53
      45
      47
      56
      58
      47
      65
      39
      47
      40
      44
      38
      47
      51
      43
      46
      47
      46
      38
      51
      51
      58
      45
      46
      45
      36
      55
      36
      43
      56
      37
      50
      37
      54
      47
      50
      38
      45
      47
      48
      48
      51
      49
      56
      53
      44
      53
      49
      36
      47
      50
      43
      62
      49
      56
      61
      52
      51
      54
      40
      55
      75
      39
      49
      70
      52
      52
      43
      47
      56
      49
      44
      64
      62
      42
      57
      42
      51
      57
      49
      54
      46
      52
      50
      58
      50
      51
      62
      70
      59
      59
      53
      51
      54
      54
      63
      41
      56
      64
      47
      43
      64
      64
      54
      61
      60
      54
      58
      51
      65
      52
      45
      60
      58
      58
      61
      56
      61
      54
      53
      67
      59
      65
      64
      55
      60
      59
      53
      56
      67
      55
      66
      36
      62
      62
      73
      64
      52
      73
      62
      56
      73
      50
      52
      67
      55
      76
      76
      71
      55
      67
      68
      61
      63
      72
      55
      67
      54
      59
      78
      71
      72
      51
      82
      72
      69
      71
      71
      69
      66
      60
      64
      70
      63
      77
      71
      67
      66
      84
      68
      71
      72
      64
      71
      62
      84
      68
      76
      78
      75
      80
      59
      82
      83
      81
      75
      78
      77
      79
      59
      81
      71
      75
      80
      94
      78
      86
      71
      83
      88
      85
      91
      87
      84
      89
      75
      61
      87
      88
      71
      82
      83
      86
      79
      93
      93
      76
      89
      87
      85
      83
      98
      85
      77
      94
      76
      94
      95
      93
      92
      86
      82
      74
      74
      89
      76
      89
      93
      99
      76
      89
      85
     106
      90
      80
      74
      85
      87
      85
     102
     101
      94
      86
      98
     105
     108
      92
      74
     103
     110
      80
      98
     102
     104
      89
      89
     100
      94
     117
      92
     127
     110
     106
     100
     110
     105
     103
      92
      97
      91
     100
     106
      97
     112
     100
     101
      97
     117
     118
     103
     122
     101
     113
     101
     117
     102
     117
     135
     118
     103
     124
     121
     101
     103
     113
     104
     135
     102
     102
     124
     114
     144
     115
     124
     117
     120
     120
     129
     110
     117
     122
     123
     110
     125
     108
     124
     141
     120
     113
     102
     133
     125
     135
     147
     132
     116
     132
     123
     133
     115
      98
     134
     121
     145
     136
     133
     139
     133
     121
     119
     129
     139
     137
     134
     134
     126
     145
     147
     149
     141
     140
     113
     142
     160
     149
     136
     138
     133
     136
     151
     163
     133
     147
     134
     133
     168
     162
     155
     158
     164
     144
     180
     140
     150
     161
     153
     158
     150
     159
     168
     149
     167
     162
     166
     152
     163
     147
     159
     181
     161
     154
     178
     159
     185
     187
     172
     182
     160
     183
     190
     164
     162
     168
     167
     195
     158
     172
     176
     180
     201
     179
     185
     182
     151
     183
     176
     180
     206
     171
     180
     185
     181
     171
     184
     209
     193
     164
     209
     191
     210
     200
     220
     209
     208
     178
     203
     210
     198
     199
     195
     193
     208
     196
     190
     198
     204
     248
     206
     220
     203
     223
     232
     223
     202
     228
     240
     229
     223
     214
     250
     236
     220
     237
     205
     213
     225
     227
     210
     212
     239
     233
     246
     248
     217
     234
     235
     229
     250
     227
     228
     252
     237
     247
     240
     222
     245
     229
     258
     235
     234
     271
     238
     238
     249
     253
     256
     263
     259
     254
     272
     257
     241
     256
     245
     243
     252
     260
     286
     263
     270
     249
     281
     257
     259
     239
     253
     234
     274
     279
     258
     272
     270
     286
     269
     284
     276
     287
     313
     312
     317
     274
     253
     267
     317
     281
     272
     292
     296
     281
     299
     288
     322
     286
     339
     302
     299
     305
     302
     316
     344
     314
     318
     303
     305
     307
     324
     312
     288
     328
     317
     317
     315
     335
     315
     338
     325
     338
     342
     348
     350
     377
     361
     345
     330
     328
     348
     350
     363
     341
     358
     360
     373
     359
     356
     368
     379
     390
     357
     345
     372
     389
     353
     381
     374
     350
     377
     362
     377
     369
     386
     338
     389
     380
     386
     358
     439
     403
     385
     413
     401
     473
     419
     377
     407
     378
     415
     409
     425
     419
     416
     412
     395
     440
     409
     420
     459
     422
     453
     435
     465
     454
     416
     479
     435
     423
     466
     452
     483
     450
     440
     463
     497
     464
     437
     480
     442
     444
     463
     456
     477
     487
     433
     472
     461
     491
     459
     521
     460
     503
     485
     498
     474
     517
     537
     517
     539
     466
     500
     523
     500
     571
     525
     508
     523
     518
     487
     551
     508
     583
     499
     531
     549
     534
     533
     565
     561
     549
     591
     577
     610
     572
     569
     574
     612
     551
     573
     543
     564
     559
     611
     585
     573
     609
     549
     592
     594
     573
     582
     620
     576
     645
     626
     649
     630
     583
     594
     559
     631
     611
     632
     630
     630
     676
     607
     618
     641
     625
     659
     620
     655
     642
     677
     686
     652
     668
     699
     723
     692
     642
     675
     643
     705
     690
     661
     664
     737
     681
     763
     678
     724
     698
     712
     751
     715
     717
     731
     720
     732
     695
     744
     727
     777
     741
     772
     766
     714
     775
     763
     734
     748
     842
     792
     759
     782
     717
     760
     819
     764
     806
     787
     800
     812
     737
     789
     813
     845
     817
     781
     820
     770
     828
     842
     838
     810
     792
     818
     890
     890
     863
     868
     862
     878
     859
     879
     862
     856
     889
     908
     824
     874
     900
     852
     879
     923
     954
     895
     909
     943
     983
     941
     967
     906
     900
     932
     970
     932
     962
     935
     967
     997
     999
     938
     968
    1017
     973
     986
     999
     994
    1038
     947
     960
    1021
     999
     972
     994
    1057
    1063
    1005
    1035
    1006
    1090
    1048
    1079
    1046
    1028
    1080
    1001
    1048
    1068
    1095
    1135
    1070
    1069
    1050
    1114
    1191
    1106
    1046
    1126
    1106
    1118
    1207
    1081
    1139
    1123
    1166
    1151
    1142
    1181
    1143
    1207
    1126
    1228
    1165
    1225
    1163
    1124
    1243
    1189
    1222
    1144
    1270
    1208
    1183
    1203
    1284
    1226
    1207
    1197
    1196
    1281
    1252
    1218
    1316
    1248
    1343
    1257
    1293
    1249
    1293
    1297
    1263
    1277
    1255
    1372
    1339
    1295
    1365
    1343
    1294
    1333
    1355
    1433
    1399
    1379
    1281
    1365
    1333
    1416
    1368
    1429
    1365
    1430
    1376
    1379
    1423
    1443
    1415
    1545
    1463
    1457
    1400
    1458
    1458
    1459
    1447
    1479
    1516
    1484
    1502
    1544
    1530
    1561
    1574
    1502
    1511
    1538
    1521
    1540
    1539
    1508
    1523
    1612
    1534
    1649
    1597
    1579
    1610
    1598
    1533
    1579
    1572
    1653
    1632
    1598
    1630
    1722
    1631
    1625
    1622
    1617
    1620
    1589
    1608
    1631
    1679
    1608
    1693
    1704
    1762
    1718
    1727
    1747
    1694
    1765
    1648
    1748
    1751
    1737
    1794
    1844
    1787
    1774
    1786
    1793
    1837
    1803
    1799
    1883
    1866
    1837
    1846
    1876
    1966
    1843
    1870
    1924
    1864
    1871
    1916
    1830
    1873
    1897
    1806
    1855
    1955
    1985
    1899
    1915
    1915
    1976
    2043
    1983
    1937
    1945
    1948
    2015
    2027
    2015
    1970
    2040
    2069
    1958
    2099
    2002
    2083
    2096
    2018
    2119
    2046
    2091
    1991
    2120
    1997
    2063
    2103
    2029
    2135
    2111
    2236
    2185
    2044
    2145
    2082
    2177
    2201
    2182
    2124
    2194
    2220
    2185
    2305
    2124
    2248
    2185
    2260
    2306
    2259
    2212
    2160
    2261
    2305
    2248
    2325
    2285
    2297
    2316
    2294
    2361
    2338
    2388
    2293
    2374
    2261
    2368
    2333
    2409
    2361
    2411
    2410
    2352
    2391
    2365
    2461
    2449
    2438
    2278
    2455
    2411
    2380
    2425
    2467
    2461
    2429
    2488
    2497
    2554
    2410
    2542
    2481
    2492
    2487
    2573
    2556
    2599
    2567
    2614
    2636
    2521
    2647
    2580
    2628
    2641
    2649
    2627
    2613
    2614
    2718
    2637
    2725
    2669
    2607
    2729
    2632
    2715
    2718
    2707
    2672
    2694
    2748
    2744
    2773
    2673
    2644
    2796
    2736
    2747
    2791
    2827
    2798
    2836
    2798
    2827
    2812
    2822
    2855
    2774
    2845
    2882
    2800
    2874
    2964
    2912
    2900
    2955
    2885
    2895
    2856
    2895
    2984
    2912
    2970
    2974
    2887
    2932
    3043
    2939
    2894
    3012
    2929
    3011
    3066
    3018
    3053
    3090
    3004
    3085
    3028
    2993
    2955
    3091
    3030
    3038
    3111
    3137
    3117
    3154
    3043
    3099
    3139
    3107
    3076
    3148
    3105
    3172
    3190
    3184
    3120
    3160
    3257
    3154
    3211
    3191
    3222
    3209
    3185
    3165
    3223
    3252
    3171
    3294
    3254
    3250
    3318
    3196
    3311
    3303
    3284
    3327
    3278
    3408
    3382
    3378
    3296
    3302
    3268
    3403
    3424
    3430
    3409
    3363
    3495
    3438
    3374
    3333
    3571
    3554
    3425
    3340
    3442
    3486
    3432
    3478
    3442
    3558
    3453
    3501
    3499
    3539
    3497
    3413
    3497
    3561
    3521
    3562
    3572
    3628
    3586
    3623
    3504
    3544
    3647
    3575
    3475
    3603
    3654
    3509
    3478
    3684
    3522
    3629
    3676
    3633
    3501
    3602
    3570
    3556
    3673
    3624
    3668
    3716
    3506
    3607
    3678
    3748
    3651
    3663
    3762
    3727
    3765
    3689
    3701
    3715
    3713
    3720
    3776
    3706
    3728
    3691
    3738
    3642
    3797
    3768
    3735
    3779
    3720
    3754
    3838
    3873
    3926
    3757
    3805
    3785
    3867
    3845
    3706
    3889
    3833
    3806
    3844
    3789
    3778
    3944
    3913
    3962
    3916
    3860
    3851
    3957
    3806
    3902
    3935
    4059
    3939
    3859
    3882
    4057
    3918
    4064
    3905
    3912
    4037
    4076
    4023
    3957
    3972
    4006
    3973
    3944
    3832
    3970
    3997
    4159
    4025
    4119
    3885
    3960
    3929
    3889
    3934
    4102
    4008
    3976
    4057
    4034
    4051
    4025
    4046
    3960
    3901
    4011
    4059
    4075
    3997
    4020
    4150
    4096
    4092
    4113
    4069
    4068
    3971
    4218
    4157
    4103
    3974
    4064
    4104
    4014
    4091
    4132
    4120
    4118
    4118
    4086
    4109
    4100
    4085
    4266
    4093
    4187
    4165
    4162
    4205
    4162
    4139
    4174
    3997
    4136
    4235
    4109
    4091
    4275
    4206
    4226
    4112
    4205
    4301
    4153
    4162
    4207
    4151
    4108
    4170
    4203
    4170
    4190
    4183
    4230
    4178
    4121
    4234
    4100
    4212
    4133
    4161
    4285
    4184
    4253
    4255
    4197
    4205
    4168
    4139
    4184
    4158
    4284
    4294
    4303
    4173
    4163
    4059
    4057
    4210
    4062
    4143
    4170
    4198
    4266
    4224
    4149
    4252
    4151
    4202
    4216
    4313
    4178
    4333
    4152
    4272
    4190
    4343
    4193
    4208
    4086
    4213
    4234
    4302
    4228
    4169
    4193
    4144
    4083
    4177
    4325
    4241
    4142
    4165
    4126
    4227
    4189
    4246
    4121
    4207
    4231
    4243
    4161
    4206
    4171
    4200
    4104
    4213
    4169
    4180
    4135
    4119
    4105
    4167
    4074
    4170
    4232
    4259
    4180
    4087
    4142
    4158
    4076
    4096
    4130
    4087
    4059
    4167
    4081
    4260
    4204
    4096
    4171
    4206
    4117
    4137
    4099
    4105
    4178
    4191
    4192
    4020
    4201
    4174
    4024
    4102
    4172
    4086
    4061
    4099
    3965
    4193
    4130
    4165
    4088
    3969
    4084
    4223
    4146
    4049
    4148
    4129
    4159
    4021
    4060
    4041
    4104
    4055
    4071
    4089
    4121
    4013
    3964
    3962
    4028
    4115
    4068
    3945
    3971
    4000
    3971
    4019
    4080
    4025
    3992
    4059
    3888
    4145
    3831
    3894
    4003
    3899
    4063
    4002
    3801
    4026
    3963
    3896
    3961
    4011
    3857
    3922
    3942
    3861
    3859
    3906
    3812
    3697
    3935
    3819
    3912
    3883
    3871
    3829
    3903
    3848
    3783
    3963
    3923
    3930
    3701
    3732
    3879
    3765
    3885
    3811
    3846
    3695
    3769
    3780
    3786
    3755
    3688
    3746
    3706
    3806
    3653
    3720
    3555
    3806
    3654
    3678
    3768
    3633
    3638
    3675
    3604
    3716
    3631
    3624
    3651
    3578
    3636
    3660
    3655
    3597
    3561
    3657
    3509
    3524
    3576
    3542
    3489
    3456
    3554
    3501
    3455
    3481
    3566
    3381
    3568
    3412
    3397
    3463
    3512
    3422
    3435
    3406
    3413
    3302
    3383
    3512
    3480
    3365
    3468
    3424
    3342
    3442
    3253
    3434
    3284
    3338
    3344
    3338
    3309
    3369
    3356
    3276
    3258
    3152
    3259
    3321
    3247
    3254
    3323
    3175
    3149
    3229
    3272
    3210
    3199
    3113
    3213
    3265
    3140
    3176
    3140
    3138
    3048
    3086
    3080
    3093
    3038
    3089
    3033
    3021
    3153
    3061
    3216
    3085
    3088
    3020
    3015
    3030
    3042
    3059
    3000
    2923
    3004
    2915
    2975
    3023
    3015
    2985
    2933
    2996
    2996
    2923
    3008
    2927
    2864
    2927
    2900
    2901
    2904
    2923
    2852
    2781
    2885
    2826
    2836
    2856
    2801
    2744
    2773
    2873
    2824
    2840
    2740
    2731
    2740
    2711
    2671
    2767
    2677
    2734
    2718
    2677
    2635
    2641
    2656
    2653
    2644
    2597
    2587
    2660
    2519
    2609
    2541
    2522
    2552
    2570
    2564
    2465
    2535
    2498
    2548
    2512
    2482
    2456
    2548
    2503
    2409
    2441
    2527
    2490
    2442
    2426
    2351
    2438
    2430
    2369
    2375
    2408
    2401
    2377
    2336
    2301
    2267
    2396
    2245
    2339
    2366
    2201
    2223
    2327
    2258
    2224
    2251
    2230
    2332
    2234
    2226
    2203
    2221
    2165
    2155
    2226
    2203
    2174
    2062
    2064
    2121
    2130
    2144
    2039
    2189
    2107
    2180
    2087
    2057
    2053
    2042
    2080
    2150
    2036
    2027
    1959
    1931
    1996
    2029
    2035
    2014
    1922
    2011
    2026
    1983
    1886
    1941
    1882
    1905
    1959
    1904
    1937
    1978
    1847
    1772
    1925
    1862
    1829
    1776
    1814
    1725
    1761
    1763
    1808
    1770
    1738
    1721
    1755
    1721
    1769
    1738
    1724
    1648
    1635
    1673
    1672
    1656
    1696
    1713
    1649
    1594
    1630
    1636
    1691
    1705
    1621
    1584
    1629
    1570
    1568
    1680
    1593
    1506
    1541
    1613
    1494
    1567
    1530
    1535
    1525
    1579
    1447
    1538
    1582
    1447
    1481
    1381
    1492
    1480
    1526
    1453
    1475
    1427
    1414
    1313
    1397
    1393
    1362
    1397
    1319
    1388
    1398
    1290
    1369
    1226
    1337
    1293
    1342
    1320
    1332
    1349
    1332
    1278
    1275
    1280
    1267
    1348
    1219
    1248
    1198
    1249
    1254
    1204
    1175
    1236
    1198
    1168
    1220
    1162
    1198
    1125
    1212
    1164
    1146
    1143
    1125
    1094
    1217
    1118
    1180
    1147
    1107
    1138
    1031
    1103
    1096
    1074
    1094
    1084
    1035
    1011
    1041
    1036
    1011
    1049
    1055
     980
     986
     975
     999
     947
     975
     914
     971
    1003
     957
     931
     906
     932
     956
     928
     951
     905
     883
     912
     886
     876
     888
     902
     899
     892
     898
     835
     879
     941
     844
     830
     855
     815
     805
     802
     802
     887
     830
     766
     838
     852
     821
     800
     769
     755
     741
     752
     741
     743
     718
     747
     740
     668
     747
     739
     734
     712
     690
     688
     691
     702
     680
     667
     709
     691
     671
     686
     656
     641
     640
     677
     642
     632
     650
     640
     612
     594
     599
     626
     645
     563
     599
     606
     594
     584
     588
     572
     573
     542
     554
     578
     558
     546
     558
     516
     530
     547
     574
     527
     534
     494
     518
     517
     513
     546
     517
     497
     486
     489
     488
     475
     500
     521
     476
     482
     459
     474
     447
     429
     433
     421
     471
     402
     402
     440
     470
     432
     414
     427
     427
     407
     417
     422
     395
     392
     397
     421
     434
     399
     376
     378
     396
     364
     378
     407
     349
     378
     341
     408
     379
     339
     328
     348
     362
     350
     340
     342
     348
     343
     322
     322
     338
     340
     327
     321
     320
     285
     300
     273
     296
     296
     304
     303
     291
     307
     341
     284
     313
     301
     293
     267
     254
     268
     268
     287
     257
     262
     252
     232
     261
     226
     262
     264
     263
     248
     236
     250
     220
     252
     244
     246
     221
     226
     211
     228
     246
     208
     189
     235
     247
     224
     244
     214
     185
     217
     194
     203
     218
     195
     188
     211
     194
     192
     178
     179
     196
     178
     206
     186
     188
     171
     195
     174
     171
     159
     163
     159
     159
     165
     147
     159
     142
     177
     167
     153
     150
     149
     164
     143
     171
     145
     139
     141
     139
     138
     145
     136
     121
     131
     136
     128
     133
     143
     135
     124
     115
     140
     106
     121
     128
     104
     113
     103
      92
     103
     114
     100
     113
      98
     124
     103
      93
      85
      97
     116
     102
      97
     106
     100
      93
     102
     105
      81
     103
     100
      98
      78
      88
      90
      85
      94
      85
      77
      78
      88
      97
      89
      96
      90
      70
      82
      85
      78
      81
      72
      63
      72
      71
      72
      75
      61
      77
      65
      72
      70
      77
      83
      60
      59
      57
      61
      73
      72
      56
      69
      56
      54
      63
      82
      49
      61
      64
      42
      57
      49
      47
      40
      49
      54
      52
      51
      59
      54
      57
      41
      56
      57
      52
      45
      41
      45
      50
      52
      44
      56
      47
      34
      60
      39
      45
      38
      44
      48
      49
      32
      40
      43
      45
      44
      42
      48
      38
      44
      27
      36
      35
      30
      41
      31
      37
      26
      54
      29
      28
      36
      33
      29
      33
      37
      33
      27
      37
      34
      34
      31
      23
      30
      31
      25
      28
      17
      30
      29
      34
      31
      27
      25
      27
      20
      29
      37
      33
      20
      18
      25
      23
      22
      22
      28
      26
      18
      21
      23
      27
      26
      21
      27
      19
      23
      22
      29
      16
      15
      19
      17
      26
      25
      17
      22
      24
      15
      18
      15
      12
      16
      18
      25
      15
      28
      17
      22
      12
      16
      10
      21
      14
      15
      18
      14
      22
      12
      16
      12
       7
      13
      10
      18
      13
      16
      13
      16
      10
      11
      10
      16
      21
      20
      12
      16
       8
      14
      22
       9
       6
      12
      18
       9
      14
      14
      14
       8
      13
      13
      12
       9
       8
       9
      12
       9
      10
       8
       9
      13
      14
       7
      10
      10
      10
       8
       5
      13
      12
       8
      11
      10
       7
      12
       7
       8
      14
       6
       4
      13
      15
      12
      12
       9
      13
       8
       7
       7
       9
       4
       9
      14
       6
       5
      11
       7
       9
       8
       7
       4
      11
       9
       7
       6
       9
       5
      11
       8
       6
       3
       5
      11
       9
       1
      10
       7
       6
       8
       2
       6
       7
       5
       3
       9
       6
      10
       4
       3
       3
       6
       4
       8
      10
       5
       5
       9
       8
       3
       3
       4
       2
       2
       6
       4
       5
       9
       7
       4
       5
       7
       5
       9
      10
       4
       3
       4
       7
       6
       5
       6
       3
       7
       8
       6
      10
      12
       3
       6
       8
       3
       7
       2
       7
       5
       8
       6
       5
       7
       3
       2
       4
       6
       0
       3
       3
       5
      11
       6
       6
       3
       2
       6
       7
       5
       2
       5
       1
       4
       3
       5
       7
      10
       6
       4
       3
       6
       3
       5
       5
       2
       4
       3
       3
       5
       4
       2
       5
       4
       2
       5
       3
       3
       2
       1
       3
       5
       4
       7
       2
       4
       7
       2
       9
       4
       5
       4
       5
       3
       7
       4
       2
       5
       3
       3
       8
       7
       3
       4
       2
       6
       5
       6
       0
       5
       5
       2
       6
       1
       6
       1
       6
       4
       3
       1
       2
       8
       6
       8
       5
       2
       1
       5
       4
       3
       0
       4
       6
       5
       0
       3
       5
       4
       3
      10
       9
       3
       3
       4
       6
       3
       2
       5
       9
       2
       4
       2
       4
       0
       3
       5
       3
       2
       4
       8
       4
       2
       3
       3
       1
       1
       2
       6
       3
       2
       3
       6
       3
       2
       4
       7
       5
       3
       7
       5
       2
       5
       6
       3
       7
       2
       3
       2
       3
       2
       3
       5
       3
       5
       3
       1
       4
       2
       8
       3
       3
       3
       6
       0
       3
       6
       2
       5
       5
       5
       4
       3
       7
       3
       2
       9
      10
       1
       2
       6
       3
       2
       5
       0
       2
       4
       3
       3
       2
       9
       6
       2
       6
       3
       3
       7
       7
       4
       1
       3
       6
       4
       5
       3
       3
       6
       3
       2
       6
       5
       2
       6
       8
       5
       6
       1
       6
       5
       5
       6
       2
       3
       5
       3
       5
       3
       2
       4
       7
       4
       4
       3
       1
       2
       5
       1
       5
       4
       5
       6
       2
       8
       6
       4
       5
       3
       2
       3
       8
       6
       5
       4
       5
       3
       4
       8
       3
       3
       1
       6
       6
       5
       5
       4
       1
       1
      10
       3
       4
       6
       1
       1
       4
       7
       2
       6
       1
       4
       1
       6
       5
       3
       5
       5
       7
       5
       7
       2
       4
       7
       7
       9
       2
       4
       5
       5
       5
       5
       4
       5
       2
       3
       7
       2
       3
       8
       8
       6
       4
       5
       6
       6
       5
       4
       6
       9
       1
       2
       3
       8
       4
       7
       6
       7
       5
       6
       2
       3
       3
       8
       3
       6
       3
       4
       5
       3
       4
       8
       1
       4
       8
       5
       8
       4
       4
       3
       7
       4
       7
       7
       6
       6
       6
       3
       6
       3
       3
       2
       5
       1
       5
       3
       6
       4
       4
       3
       3
       3
       3
       5
       4
       3
       4
       1
       4
       5
       3
       6
       3
       5
       6
       7
       2
       3
       2
       5
       5
       4
       3
       4
       5
       6
       1
       5
       2
       3
       5
       2
       4
       2
       1
       2
       4
       2
       3
       4
       5
       2
       0
       9
       2
       6
       2
       5
       2
       2
       0
       3
       3
       3
       3
       3
       6
       6
       5
       1
       2
       1
       1
       2
       3
       1
       3
       0
       4
       2
       3
       3
       1
       2
       0
       3
       5
       3
       0
       1
       2
       2
       4
       4
       2
       5
       1
       1
       5
       2
       1
       0
       4
       6
       3
       1
       3
       2
       3
       4
       4
       5
       2
       0
       1
       2
       1
       1
       1
       2
       1
       4
       2
       0
       2
       3
       2
       1
       2
       1
       1
       3
       5
       2
       5
       2
       0
       1
       3
       1
       0
       0
       1
       2
       6
       1
       3
       0
       2
       1
       1
       4
       3
       4
       1
       2
       1
       3
       6
       2
       2
       3
       1
       3
       4
       4
       2
       2
       4
       2
       3
       2
       1
       1
       2
       2
       2
       0
       3
       2
       0
       2
       5
       1
       0
       3
       2
       3
       2
       3
       4
       2
       6
       3
       2
       3
       0
       2
       1
       1
       4
       3
       2
       3
       1
       2
       1
       4
       2
       0
       0
       3
       3
       2
       1
       1
       2
       2
       1
       2
       1
       3
       4
       2
       1
       2
       3
       3
       5
       0
       4
       3
       2
       3
       4
       3
       5
       1
       2
       2
       1
       4
       3
       5
       3
       3
       1
       3
       2
       2
       1
       3
       6
       1
       1
       2
       3
       0
       1
       3
       5
       3
       1
       1
       4
       2
       2
       5
       7
       1
       3
       2
       0
       3
       3
       1
       2
       0
       2
       4
       3
       4
       1
       1
       4
       4
       1
       3
       2
       1
       2
       3
       1
       1
       5
       1
       3
       1
       5
       0
       1
       0
       4
       2
       1
       5
       2
       6
       0
       1
       1
       2
       2
       1
       1
       6
       1
       2
       0
       4
       0
       1
       3
       0
       0
       1
       2
       1
       3
       2
       1
       0
       1
       2
       3
       6
       2
       3
       2
       2
       2
       4
       4
       2
       4
       2
       4
       5
       2
       2
       3
       3
       1
       5
       1
       6
       1
       3
       3
       5
       3
       0
       3
       0
       1
       3
       2
       2
       0
       3
       4
       1
       2
       3
       4
       3
       4
       6
       1
       1
       2
       2
       3
       0
       0
       2
       2
       3
       0
       2
       4
       4
       4
       4
       1
       3
       0
       2
       4
       3
       2
       0
       2
       2
       1
       1
       5
       4
       4
       3
       3
       1
       1
       6
       6
       3
       2
       2
       2
       4
       0
       2
       4
       2
       6
       1
       1
       2
       4
       1
       2
       2
       4
       3
       5
       0
       1
       3
       0
       3
       1
       2
       7
       2
       0
       1
       4
       0
       2
       1
       4
       2
       4
       1
       5
       3
       2
       2
       3
       2
       2
       1
       5
       2
       1
       0
       5
       0
       3
       2
       1
       0
       0
       1
       1
       1
       0
       1
       1
       1
       4
       5
       1
       2
       1
       4
       2
       4
       3
       4
       1
       4
       3
       1
       2
       3
       4
       4
       2
       1
       0
       4
       1
       2
       2
       0
       3
       1
       0
       2
       4
       5
       2
       2
       3
       2
       2
       1
       2
       2
       2
       4
       3
       1
       1
       2
       1
       2
       3
       1
       1
       1
       2
       2
       2
       1
       0
       6
       5
       2
       3
       5
       1
       4
       1
       0
       1
       3
       1
       2
       0
       2
       5
       6
       4
       1
       2
       6
       4
       1
       4
       0
       8
       1
       2
       0
       5
       2
       1
       2
       1
       0
       3
       0
       3
       2
       2
       2
       2
       3
       4
       1
       1
       3
       5
       4
       3
       2
       2
       2
       0
       1
       0
       1
       0
       0
       1
       1
       1
       4
       1
       3
       4
       2
       4
       2
       2
       2
       2
       5
       2
       2
       3
       4
       3
       2
       0
       1
       1
       2
       0
       1
       0
       2
       3
       2
       0
       3
       0
       2
       5
       2
       1
       0
       5
       1
       4
       0
       4
       2
       1
       3
       2
       5
       0
       1
       1
       2
       2
       2
       3
       4
       3
       2
       5
       1
       2
       1
       3
       0
       1
       0
       3
       1
       2
       2
       3
       4
       0
       1
       1
       2
       1
       4
       3
       6
       2
       1
       2
       4
       3
       2
       6
       2
       2
       5
       1
       4
       1
       2
       2
       4
       3
       3
       4
       4
       1
       3
       6
       2
       3
       1
       1
       2
       2
       3
       4
       5
       3
       3
       2
       1
       1
       1
       5
       0
       1
       0
       2
       2
       3
       3
       4
       1
       2
       3
       2
       6
       1
       1
       3
       2
       5
       1
       2
       3
       2
       1
       1
       0
       0
       0
       1
       3
       4
       3
       6
       0
       1
       5
       0
       4
       3
       2
       1
       2
       4
       2
       1
       1
       1
       2
       2
       3
       5
       2
       0
       5
       5
       5
       3
       2
       4
       0
       2
       1
       3
       0
       6
       3
       2
       0
       2
       4
       1
       3
       2
       4
       3
       4
       3
       1
       1
       2
       5
       2
       2
       2
       2
       2
       2
       4
       1
       2
       1
       4
       3
       1
       1
       3
       2
       3
       2
       3
       4
       2
       2
       2
       2
       6
       0
       2
       4
       0
       3
       4
       0
       4
       3
       1
       1
       4
       1
       4
       3
       0
       2
       3
       1
       2
       3
       3
       3
       3
       3
       1
       2
       2
       3
       2
       0
       1
       2
       1
       1
       2
       2
       0
       4
       2
       6
       2
       2
       3
       5
       1
       0
       2
       2
       0
       1
       1
       4
       1
       5
       2
       5
       2
       3
       1
       2
       1
       3
       1
       3
       2
       0
       5
       0
       2
       6
       2
       3
       1
       2
       2
       1
       2
       2
       0
       1
       1
       4
       3
       2
       1
       1
       2
       1
       2
       2
       0
       2
       3
       3
       2
       0
       0
       2
       4
       3
       7
       3
       4
       1
       2
       4
       1
       2
       4
       1
       4
       3
       3
       1
       1
       3
       2
       3
       2
       2
       2
       0
       0
       0
       2
       2
       3
       3
       1
       1
       4
       2
       3
       6
       0
       5
       2
       3
       5
       0
       1
       2
       0
       2
       3
       2
       2
       1
       3
       2
       3
       4
       0
       4
       2
       1
       2
       0
       4
       0
       1
       3
       2
       0
       3
       2
       0
       1
       3
       2
       1
       4
       2
       2
       1
       0
       1
       0
       1
       1
       4
       3
       2
       2
       0
       2
       2
       4
       2
       3
       5
       0
       0
       0
       3
       1
       2
       5
       2
       1
       4
       2
       1
       1
       4
       3
       4
       4
       1
       1
       0
       5
       4
       3
       0
       2
       3
       3
       1
       3
       1
       0
       3
       2
       5
       4
       0
       4
       2
       1
       3
       2
       2
       0
       4
       3
       1
       1
       0
       0
       2
       5
       3
       2
       2
       2
       1
       2
       1
       1
       3
       2
       1
       5
       3
       2
       1
       7
       0
       2
       3
       5
       1
       5
       4
       3
       2
       0
       2
       2
       1
       3
       3
       3
       2
       3
       4
       3
       3
       0
       2
       5
       2
       2
       3
       2
       1
       4
       2
       1
       3
       4
       5
       2
       3
       2
       1
       0
       2
       2
       0
       2
       5
       1
       4
       0
       3
       6
       6
       1
       3
       1
       1
       5
       0
       5
       3
       3
       2
       4
       4
       1
       1
       4
       2
       3
       2
       3
       0
       1
       6
       3
       3
       4
       4
       2
       3
       4
       0
       2
       6
       3
       1
       0
       2
       1
       0
       2
       2
       0
       1
       2
       1
       3
       6
       0
       3
       2
       2
       0
       2
       4
       1
       5
       1
       1
       1
       3
       2
       2
       2
       1
       1
       2
       0
       1
       2
       2
       2
       2
       5
       3
       2
       5
       2
       3
       4
       2
       1
       1
       1
       3
       3
       2
       4
       2
       1
       0
       3
       5
       3
       3
       4
       4
       2
       1
       2
       3
       4
       5
       1
       0
       0
       4
       1
       2
       5
       1
       4
       2
       3
       1
       4
       0
       2
       3
       1
       1
       4
       1
       3
       3
       2
       2
       1
       3
       2
       3
       2
       0
       3
       3
       2
       3
       1
       4
       0
       2
       3
       2
       1
       2
       5
       3
       1
       3
       1
       4
       1
       3
       2
       2
       4
       3
       1
       4
       3
       1
       5
       0
       0
       3
       5
       4
       0
       3
       0
       1
       3
       5
       2
       2
       3
       3
       2
       2
       3
       5
       0
       1
       4
       4
       1
       2
       2
       3
       2
       2
       2
       2
       2
       3
       3
       2
       1
       0
       2
       1
       1
       2
       1
       4
       4
       3
       1
       2
       7
       2
       0
       0
       0
       0
       0
       0
       0
       0
       0
       0
       0
       0
       0
       0
       0
       0
       0
       0
       0
       0
       0
       0
       0
       0
       0
       0
       0
       0
       0
       0
       0
       0
       0
       0
       0
       0
       0
       0
       0
       0
       0
       0
       0
       0
       0
       0
       0
       0
       0
       0
       0
       0
       0
       0
       0
       0
       0
       0
       0
       0
       0
       0
       0
       0
       0
       0
       0
       0
       0
       0
       0
       0
       0
       0
       0
       0
       0
       0
       0
       0
       0
       0
       0
       0
       0
       0
       0
       0
       0
       0
       0
       0
       0
       0
       0
       0
       0
       0
       0
       0
       0
       0
       0
       0
       0
       0
       0
       0
       0
       0
       0
       0
       0
       0
       0
       0
       0
       0
       0
       0
       0
       0
       0
       0
       0
       0
       0
       0
$ROI:
3
6725 6813
6948 7045
7244 7256
$PRESETS:
None
0
0
$ENER_FIT:
-0.000074 0.728814
$MCA_CAL:
3
-7.366740E-005 7.288145E-001 -2.624510E-006 keV
$SHAPE_CAL:
3
0.000000E+000 0.000000E+000 0.000000E+000
