$SPEC_ID:
No sample description was entered.
$SPEC_REM:
DET# 1
DETDESC# PPF18-07 Easy-MCA-8k SN 14274550
AP# Maestro Version 7.01
$DATE_MEA:
11/15/2022 08:08:02
$MEAS_TIM:
7291 13286
$DATA:
0 8191
       0
       0
       0
       0
       0
       0
       0
       0
       0
       0
       1
       0
       0
       0
       0
       0
       1
       0
       0
       0
       0
       0
       0
       0
      36
    8831
  396750
 2973398
   49264
   18771
   24402
   33271
   44735
   54824
   58812
   54038
   42863
   32263
   24687
   19214
   15946
   13525
   11209
    9086
    7527
    6095
    4947
    3939
    3336
    2913
    2565
    2348
    2161
    2088
    2013
    1974
    1844
    1834
    1820
    1805
    1668
    1594
    1556
    1561
    1352
    1251
    1181
    1113
     923
     856
     721
     685
     552
     495
     442
     415
     359
     337
     316
     285
     297
     283
     253
     239
     248
     230
     215
     225
     228
     230
     195
     207
     186
     172
     183
     177
     151
     150
     133
     140
     126
     110
     124
     133
     115
     102
     111
     112
     113
     108
      99
     109
      76
      90
      86
      87
      82
      86
     109
      93
      81
      70
      97
      73
      80
      69
      72
      90
      76
      78
      55
      76
      64
      74
      73
      69
      73
      63
      59
      70
      54
      64
      59
      72
      74
      53
      56
      62
      55
      48
      63
      66
      58
      65
      56
      61
      60
      51
      47
      47
      43
      56
      52
      60
      50
      52
      68
      70
      50
      60
      51
      56
      56
      63
      33
      51
      55
      56
      32
      46
      36
      37
      55
      49
      51
      38
      35
      39
      58
      55
      45
      45
      31
      63
      46
      42
      54
      38
      49
      34
      42
      44
      41
      41
      40
      41
      44
      47
      41
      40
      32
      40
      36
      35
      39
      40
      41
      42
      36
      34
      35
      45
      25
      44
      29
      39
      35
      24
      41
      29
      33
      41
      30
      46
      32
      41
      38
      37
      37
      33
      28
      43
      30
      38
      42
      34
      27
      32
      28
      26
      27
      37
      30
      32
      34
      35
      44
      28
      39
      39
      29
      27
      24
      27
      28
      30
      28
      27
      21
      30
      23
      26
      23
      19
      22
      24
      27
      25
      23
      23
      25
      25
      27
      28
      31
      41
      27
      15
      28
      21
      24
      37
      25
      31
      23
      29
      22
      18
      33
      31
      20
      25
      25
      15
      17
      32
      28
      29
      27
      28
      25
      23
      24
      17
      35
      27
      16
      17
      13
      27
      24
      28
      22
      24
      27
      20
      23
      22
      24
      20
      25
      30
      16
      26
      21
      19
      21
      28
      28
      27
      27
      17
      25
      19
      24
      15
      16
      17
      19
      20
      17
      17
      26
      20
      22
      20
      24
      22
      29
      14
      32
      18
      16
      25
      24
      13
      21
      23
      20
      23
      19
      18
      27
      16
      23
      12
      21
      11
      19
      13
      23
      25
      23
      18
      27
      15
      16
      21
      12
      18
      22
      15
      17
      26
      17
      13
      17
      18
      11
      16
      20
      28
      16
      14
      15
      22
      18
      19
      12
      12
      16
       7
      21
      13
      16
      13
      15
      11
      16
      20
      20
      21
      14
      16
      15
      23
      15
      16
      14
      16
      16
      19
      15
      13
      11
      19
      12
      12
      12
      14
      19
      17
      16
      24
      14
      16
      15
      25
      13
      14
      20
      16
      11
      21
      16
      15
      18
      12
      12
      12
      17
      18
      12
      14
      13
      17
      10
      16
      11
      12
      13
       5
      11
      18
      14
      11
      18
      16
      13
      17
      12
      15
       8
      15
      16
      16
      23
      23
      14
      11
      18
      25
      14
      10
      16
      13
      22
      16
      11
      17
      18
      17
      14
      10
      13
       9
      12
      15
      18
      12
      17
      14
      19
      14
      20
      14
       8
      13
      22
      14
      12
       9
       7
      13
       8
      16
      14
      15
      21
       9
      16
      12
       8
      16
       7
      16
      17
      15
      14
      18
      14
      14
       4
      12
       7
      17
      19
      13
      13
       8
      11
      18
      14
      13
       9
      12
      15
      19
      16
      17
      15
       8
      26
       7
      11
      11
      23
      13
      15
      16
      10
      13
      16
      10
       9
      13
      13
      14
      10
      24
      10
      15
      15
      14
      14
      10
      14
      13
      12
      13
       8
       8
      16
       5
      12
      11
      12
       9
      12
      12
      11
      12
      19
      20
      10
      12
       8
      12
      10
      12
       5
      13
       8
      14
       9
      18
      15
      14
      12
      17
       9
      11
       8
      12
      19
      11
      13
       6
      12
      13
       9
       8
       9
      16
      15
       6
       9
      16
       9
      15
      17
      15
      13
       9
       9
      11
      12
      12
      11
      12
      12
      11
      12
       7
       6
       7
      10
      13
      14
      11
       8
      13
       9
      10
      11
      10
      12
      17
      13
      11
       7
      14
      12
      11
      12
      14
      12
      11
      13
      11
      16
      11
      10
      15
      10
      10
       7
       8
       8
      12
      16
      22
      11
      14
       9
      12
       7
      10
      12
      14
      10
       8
      11
      12
      11
      11
      13
       9
       9
       8
      11
      14
       8
       9
      12
      19
      13
      12
       4
      11
       8
      10
      13
      13
      13
      10
      15
      12
       7
       4
      14
       8
      12
      11
      12
       9
      10
       8
      13
      12
       7
      11
      11
      11
       6
      13
      12
       9
       5
       5
      12
       8
      13
      11
      17
      13
      17
      12
       7
      15
      10
       7
      10
       8
      13
      13
       9
      12
       4
      13
       5
      10
      13
       8
       7
       8
       4
      16
      18
      10
      10
       8
      10
       9
       6
      14
       8
      11
      16
      13
       9
       9
      11
       9
      11
      12
       6
      12
       9
      11
      10
      11
       6
      16
      22
       9
       9
      12
      11
      10
      13
      16
      13
       9
       8
       8
      10
       6
       8
      10
       9
       7
      12
      14
       7
       7
       8
       8
       5
       5
       6
       9
      10
      10
       8
       9
      10
      10
      13
      10
      14
       7
      15
       7
       8
      10
       4
      13
       9
       8
      13
      13
      10
       4
       9
       9
       8
       5
      10
       8
       7
      11
       5
      11
       6
      10
       2
       3
       6
       9
      14
      13
      10
       7
      13
       8
      12
       7
       8
      13
       7
      10
      10
       8
      10
      11
      11
       8
      10
      10
       6
       5
      13
      14
       9
       8
      11
       8
       9
       9
       7
      12
       6
      11
      11
       9
       7
       8
       8
       8
       9
      11
       9
      10
       7
       4
       3
       8
      13
      10
       9
      11
       9
       6
      11
      10
       5
      10
      12
       9
      17
       8
      12
       7
       8
       2
      10
       8
       8
       7
      10
      12
      13
       9
       8
      13
       8
       6
       7
       9
      10
       7
       9
       6
       9
       8
      12
      13
       7
      18
      13
       7
       7
       8
       9
      10
       6
      11
       6
      12
      11
       8
       7
       7
       7
      12
      12
      12
      12
       9
       9
       3
       6
      12
      13
      10
      10
      10
       4
      11
       8
       6
      10
      11
      11
       9
       9
       8
       4
      13
       7
       4
       6
       9
      10
      11
      11
       9
       8
       9
      10
      10
       5
       6
       8
      14
       4
      10
       5
       4
       9
       7
      10
       5
      11
       9
       9
      10
      10
      15
      10
      11
      12
       5
      11
       8
      10
       6
      14
       7
       7
       4
      15
       5
      10
       5
      10
       5
      11
       8
       8
      10
       8
       7
       5
       8
       7
      11
       4
       9
       7
       8
       9
       8
       8
       7
       8
      17
       5
       6
      10
       6
       6
       8
       6
       8
       9
       7
       5
      10
      11
      10
      11
       3
       5
      12
       7
       9
       7
       8
      14
       6
      10
       8
       9
       9
       6
      10
       9
       8
       9
       3
       5
       6
       8
       5
      15
      13
       7
      12
       5
       6
      11
       7
       6
      11
       8
       8
       5
       9
       8
       7
       4
       5
       7
       5
       3
       9
       4
       7
       4
       7
       6
       9
       8
      10
      10
      10
       6
      12
       8
       8
      10
      12
       6
      12
      11
       9
       7
       6
       5
      10
       5
      10
      10
      10
      13
      10
       5
       9
      14
       9
      14
       5
       9
       9
       7
      14
      10
       9
       7
       2
       5
       8
       5
      13
       9
      13
       5
      14
       9
       6
      12
      12
      11
       8
       7
      15
       7
      11
       8
       9
      15
      12
       3
       6
       7
       6
      13
       5
       8
       7
       5
       9
      15
       5
       8
       8
      17
      10
       3
       3
       8
       7
      10
      12
       6
       9
       6
       4
      16
       4
      10
       8
       7
       6
      10
       5
       9
       8
      10
      11
      11
      10
      13
       8
       8
      13
      15
       4
       9
      12
      12
       8
       8
       7
       4
       3
      10
       7
       7
       1
       4
      10
      10
      14
       7
      12
       6
       7
       5
      11
      10
      10
       7
      12
       8
       5
       9
       7
       5
       7
      14
       6
       8
      11
      11
       6
       7
       8
      11
      12
       4
       8
       6
      10
      10
      12
       7
      12
       3
       3
       7
       9
       8
       4
       7
       7
       8
       7
       7
       8
      10
       5
       9
      13
      11
       8
       9
      15
       9
       7
      12
      12
      18
       9
      12
       3
       6
      12
       6
       4
       7
       3
      13
      11
       6
       5
       7
       8
       8
      10
      11
       6
      11
       7
       2
       7
      10
       3
       6
       5
       9
      14
      12
       9
      10
       2
       5
       8
      11
       7
      10
      13
      13
       7
       5
       5
       6
       9
       5
       5
       6
       9
      17
       4
       3
       9
      10
      10
      10
      11
      10
       3
       6
       2
       3
       8
       7
       6
      13
       6
      10
       7
      10
       6
      12
       3
       6
       4
       5
       9
       9
       7
      10
       3
      17
       8
       9
      10
       6
       7
      10
       7
      12
       7
       7
      11
      13
      10
       5
       6
      10
       5
      10
       9
      10
       7
       7
       4
       7
      11
      10
       9
       8
       9
       4
       6
       6
       6
      10
      14
      14
      10
       6
      11
       8
      11
       5
      11
      18
       5
       9
      11
       9
       6
      11
       6
       5
       6
       8
       7
       8
      10
       3
      11
      10
      12
      12
       8
       8
       9
       9
       5
       8
      12
       8
       5
      11
       6
      10
       7
       9
      10
       4
       9
       7
       7
      13
       5
       8
       9
       5
      12
      11
       8
       8
       6
       6
       8
       7
       9
      11
       6
      12
       5
      11
       9
      10
       4
       4
       9
       5
       7
      12
       6
      14
       6
       9
       8
       5
      10
      11
       9
      16
      11
       7
       6
       2
       7
       9
       4
       5
      11
       6
      11
       8
       4
       8
       8
      12
       5
       6
       8
       9
       9
      14
       6
       9
       7
       7
       5
       9
       6
       9
      10
      12
       5
       6
       4
      15
       6
       7
      14
       2
      10
       6
      10
       4
       4
       9
       7
       3
       6
       8
      11
       5
      11
       9
      16
      10
      16
       7
       7
       6
       6
       5
      11
      10
      10
       9
       5
       8
      10
      11
       8
      13
       7
      14
      11
       8
      16
      11
      11
      12
       5
       6
       8
       9
       4
      14
       6
       9
       6
       8
       7
      13
       9
       6
       8
       5
       3
       9
      12
       6
       4
      13
       2
       9
       8
       9
       8
      11
       9
      12
       9
       4
       4
       6
       5
       8
       8
       7
       3
      12
       4
      10
      12
       8
      10
       7
       6
       9
      11
      10
       9
      10
       7
       9
       5
       7
       3
       5
       8
      13
       4
       9
      10
      10
      11
      12
       6
       5
       6
      13
      15
       6
       4
       9
      13
      10
       7
      12
      10
       5
       7
       9
       1
       5
       7
       9
       5
       8
       7
       5
       3
       9
       7
       7
       6
       8
      10
      10
       8
       4
       6
       7
      13
       8
       8
       4
      13
       4
       9
       5
       4
      10
      11
       6
       8
       5
      11
      13
       7
      10
       8
      12
      14
      10
       9
       9
      18
       7
       5
      10
       9
       7
       7
      12
      11
       6
       8
       6
      10
       6
       4
       8
       5
       8
      12
       7
      14
       6
      12
      10
       9
       8
      12
       4
       2
       5
      11
       5
       6
       8
       3
       1
       4
      10
      10
      10
      11
       7
       7
      13
       6
       8
      11
      12
       5
       7
       9
      10
       9
      12
       7
       6
       5
      12
       9
       6
       6
      11
      15
       7
      13
      12
      13
       7
      11
       7
       2
       7
       9
       7
       9
       3
      12
       7
       5
       9
      11
      10
      12
       6
      11
       8
       6
       8
       4
      10
       8
       6
       7
       4
      11
       8
      12
       9
       8
       6
      10
       9
      10
      12
       8
      11
      11
      10
      10
      10
      14
      12
       8
       8
       9
       5
      11
       6
      10
      11
      12
      12
       9
       4
       8
      10
       6
      10
       8
       8
      15
       4
      13
       7
       6
       4
       6
       9
       8
       8
      10
       6
       8
       9
       8
       9
       6
       8
       4
      12
      13
       4
       9
       3
      11
       9
       9
       6
       9
       7
      14
      21
       9
      14
       7
       9
       9
       6
      10
       8
       6
       8
       9
      12
       4
       9
       8
       7
       6
      10
      11
      12
       8
       9
       4
       6
       6
      12
       9
       5
       9
       6
      16
       9
       8
       7
      16
      12
      10
       8
       7
      12
       6
       9
       5
       7
      13
      14
       8
       8
       3
       7
       5
       3
       4
      10
      12
       9
       9
       8
      11
       8
       9
       8
       7
       9
      13
       8
       8
       5
       9
       9
       9
       3
       5
       8
       8
       9
       6
       8
       9
      14
       8
      10
      11
       5
      13
       7
       6
       9
       6
      13
       6
       5
      11
       9
      10
       6
       9
      13
      10
       9
       5
       9
      10
      14
       6
       6
      10
      10
      11
      13
      17
      11
      10
       6
       5
      13
       8
       8
       7
       5
       6
       7
      12
      12
      10
       9
       7
       8
       6
      14
      16
      14
      11
      10
       8
      12
       7
       9
       5
       8
       7
       9
       4
       5
      15
       5
       3
       6
       7
      12
      11
      14
       7
       9
       6
      10
      16
      10
       6
      10
       6
      10
       8
       8
      11
       6
       7
       8
       6
      11
      10
      14
      10
       8
       6
      10
       7
      14
       9
      13
       3
       4
      10
       6
       4
       7
       9
      11
       7
       5
      17
       7
       8
       5
       7
       7
       9
       6
       9
      12
      10
      10
      12
       7
      13
      16
       9
       9
      10
      12
      11
       9
       9
       9
       9
       4
      14
       8
      11
      10
      13
       9
       7
       9
      10
      10
      12
      13
      10
      14
      11
       9
       9
       8
      10
      18
       8
      11
      11
       8
       8
       7
       9
      11
       7
       7
      10
       7
      11
      13
      11
       3
       9
       6
       7
      11
      12
       9
       8
       8
      10
       9
       6
       9
      13
      11
       9
       7
      13
       6
       6
      11
       8
      15
      13
      13
      10
       8
      14
       8
       6
      14
       5
       6
       9
      10
       9
      14
       5
      11
      10
       7
      13
       9
       6
       7
      12
      10
      13
      13
      11
      11
      10
       9
       9
       6
      12
      16
       9
       8
       9
      12
      12
      17
       9
       5
      18
       6
       5
       5
      14
       8
      16
      16
       6
      12
       6
      11
       5
       6
       6
       9
      17
      16
      10
      12
      10
      13
       7
      12
      11
       7
       5
      15
       8
       8
      11
      13
       9
      10
       9
      15
      15
      10
       8
      11
       7
      10
      17
       5
      11
      10
      12
       7
      11
       6
      11
      11
       7
      15
       5
       9
      19
      16
       8
      10
      11
      18
      15
      11
      10
       8
       6
      11
      13
       7
      11
      10
      15
       8
       6
      10
      11
       4
      17
       5
      19
      10
      10
      12
      10
      13
      10
      13
       9
      10
       7
      10
      12
       5
      14
       9
       8
      13
      10
       6
      15
       7
      11
       9
      15
      10
       6
       6
       9
      12
      13
      15
      10
       9
       7
      10
      12
      13
       8
      14
       9
       5
      14
      13
      17
      11
      11
      10
       9
      11
       9
      12
      17
       5
      14
      12
       8
       9
      13
       7
      10
       7
      11
       9
       4
       9
      10
      10
       6
       8
      16
      14
       6
      13
      10
       9
      10
       8
       8
       7
      16
       7
      17
       6
      10
       8
       8
      11
      14
      17
       7
       6
      10
      11
       6
      15
      11
       5
      11
      13
      13
      10
      11
      13
       9
       9
      10
      13
      14
      12
      13
      11
      11
      17
      11
      10
      12
      10
       9
      12
      14
      12
      13
       9
       9
      13
      11
       6
      15
      10
      13
      15
      12
       9
       9
      10
       8
      12
       8
      13
       7
       4
      13
      13
      12
       6
      14
      10
      12
      15
      17
       8
      10
      13
      11
      13
       7
       9
      12
       6
       5
       9
      13
       6
      17
      10
      14
      14
      11
      14
      12
      12
       6
      11
       9
      11
      14
      16
       6
      11
      11
      10
      10
      12
      17
      17
      12
      11
       9
      12
      20
      16
      11
      14
      15
      12
       7
      12
       9
      12
      13
       9
      10
      14
      10
       8
      15
      11
      10
       3
      11
       7
       7
      18
      13
      11
       9
      11
      11
       9
      14
      12
      10
      13
      22
       9
      11
       9
      11
      12
      11
      14
       7
       9
      16
      14
       9
      13
       9
       9
       8
      12
      10
       8
      10
      13
      11
      15
       8
      23
      13
       8
      14
      11
      18
      14
      14
       7
      12
      15
      12
      13
      15
      11
       7
      16
       9
      11
      10
      13
       9
      11
       9
       8
      12
      12
      15
      10
       9
      11
       4
       9
      15
       9
      17
       7
       7
       9
      10
      11
      12
      11
      11
       6
      11
      19
       5
      10
      12
      14
      10
      11
       9
       7
      10
      11
      21
      11
       8
       5
       9
      14
       4
      14
      14
       7
      11
      15
      11
      11
       9
      16
       9
      14
       9
      13
      10
      12
      10
      15
       6
       8
      13
      13
       8
      14
      13
      15
      17
      10
      10
       6
      11
       5
      12
      17
       8
       9
      10
      18
      14
      16
      14
       8
       8
       9
      13
      12
       9
      10
      12
      18
      14
      15
      20
      10
       8
      18
      11
      12
      11
      13
      12
       3
      15
      14
      20
      10
      16
       7
      14
       9
      14
      14
      15
      13
      17
      17
      25
      11
      10
      12
      13
       9
       7
      10
       7
       9
      11
      11
      13
       9
      11
       8
       9
      10
      10
      16
      19
       5
      11
       8
      16
       4
       6
      13
      12
      17
      11
      20
      14
       9
      15
      10
      17
      15
      14
      13
      13
      15
      10
      18
      12
       8
      16
       6
      12
      15
       9
      13
      10
      12
      17
      15
      10
      17
      11
      14
      18
      17
      10
      16
      12
      18
      13
      10
      10
      14
      12
       7
      13
      16
      13
       6
      10
       6
      10
      10
      14
      22
      10
       9
       8
      12
      14
      15
      14
      16
       8
      12
       8
      15
      13
      17
       7
      11
       8
      18
      19
      12
      11
       9
      11
      22
      10
       8
      20
      18
      13
      13
      11
      13
      11
      10
      16
      12
      10
      11
      16
      12
      14
      21
      11
      11
      17
       9
      13
      13
       7
      24
      18
      10
       7
      16
       8
      15
      13
      11
      16
      20
      13
      20
      15
      11
       9
       9
      17
      11
      12
      15
      13
       7
      22
      15
      16
      14
      11
      20
      13
      11
      16
      12
       9
      14
      15
      14
      16
      13
      12
      18
      11
      18
      14
      11
      12
      12
      15
       7
      12
      15
      17
      20
       6
      12
      20
      12
      15
      14
      15
      13
      19
      17
      12
      12
      11
       7
      15
      18
      14
      16
      18
      10
       8
      15
      11
      10
      17
      12
      15
       7
       4
      17
      19
      13
      17
      15
      20
      15
      13
      10
      20
      10
      12
      18
       8
      12
      14
      14
      11
      21
      16
      12
      11
      20
      15
      11
      14
      16
      10
       9
      16
      18
      14
      13
      18
      16
      20
      12
      13
      12
      19
      14
      13
       9
      19
      17
      15
      18
      12
      10
      13
      13
      12
      20
      21
       7
      14
      15
      12
      12
      24
      11
      16
      22
      16
      10
      13
      17
      14
      14
      10
      13
      15
      15
      14
      11
      13
      16
      12
      12
      18
      11
      19
      10
      19
      16
      13
      13
      18
      16
      21
      11
      16
      22
      14
      18
      12
      23
      15
      18
      16
      13
      13
      11
      17
      16
      13
      12
       9
      13
      15
      17
      18
      15
       8
      18
      15
      21
      22
      15
      12
      16
      13
       9
      17
       9
      24
      12
       9
      14
       8
      19
      16
      20
      14
      12
      15
      12
      14
      17
      12
      16
      17
      13
      18
      18
      15
      23
      13
      16
      16
      14
      30
       8
      16
       6
      13
      17
      10
      18
      14
      15
      15
      23
      20
      17
      10
      19
      19
      16
      10
      14
      12
      25
      20
       9
      19
      16
      23
      14
      14
      20
      20
      22
      13
      16
      12
      21
      14
      13
      21
      14
      18
      22
      15
      15
      13
      18
      11
      14
      16
      18
      14
       9
      21
      15
      14
      15
      20
      13
      16
      19
       9
      18
      16
      16
      11
      15
       8
      23
      17
      11
      16
      18
       8
      22
      11
      15
      10
      19
       9
      18
      21
      16
      10
      13
      19
      19
       9
      15
      19
      17
      19
      28
      19
      13
      17
      18
      22
      14
      22
      17
      14
      18
      19
      10
      21
      16
      23
      20
      19
      26
      23
      10
      15
      23
       9
      17
      10
      17
      11
      16
      15
      14
      11
       9
      23
       7
      15
      16
      15
      17
      17
      18
      16
      19
      15
      16
      16
      13
      12
      16
      15
      19
      12
      16
      18
      19
      17
      18
      21
      15
       9
      13
      13
      21
      19
      14
      12
      24
      18
      24
      14
       8
      13
      16
      14
      18
      21
      21
      13
      14
      19
      14
      20
      13
      26
      23
      13
      17
      21
      21
      15
      19
      24
      32
      13
      18
      18
      18
      22
      14
      15
      29
      18
      20
      17
      20
      20
      15
      14
      19
      13
      20
      21
      22
      20
      10
      16
      23
      10
      13
      17
      15
      17
      20
      11
      19
      24
      21
      18
      17
      15
      31
      22
      22
      11
      16
      17
      16
      22
      15
      24
      21
      19
      17
      28
      27
      19
      24
       8
      14
      13
      14
      20
      25
      20
      19
      20
      11
      17
      12
      23
       9
      23
      32
      13
      14
      19
      19
      17
      17
      28
      16
      23
      21
      14
      18
      11
      12
      20
      23
      17
      17
      13
      29
      16
      22
      15
      27
      16
      20
      25
      22
      26
      14
      18
      18
      27
      17
      13
      18
      23
      14
      17
      28
      24
      26
      19
      24
      28
      20
      21
      21
      17
      15
      27
      11
      19
      15
      20
      19
      27
      21
      11
      22
      19
      19
      30
      17
      10
      17
       3
      16
      26
      19
      21
      20
      25
      18
      20
      16
      30
      24
      24
      15
      28
      19
      19
      20
      29
      24
      20
      27
      23
      17
      16
      16
      24
      24
      25
      20
      22
      13
      29
      21
      19
      26
      23
      22
      21
      18
      25
      15
      26
      18
      22
      15
      19
      28
      20
      13
      25
      16
      18
      12
      20
      12
      23
      18
      29
      24
      16
      18
      16
      18
      31
      22
      23
      15
      24
      32
      24
      26
      29
      16
      18
      22
      16
      17
      20
      29
      25
      21
      28
      14
      18
      16
      15
      22
      21
      16
      25
      21
      19
      25
      28
      23
      21
      22
      29
      23
      16
      24
      18
      23
      16
      28
      23
      25
      13
      16
      29
      19
      33
      17
      24
      21
      17
      29
      23
      22
      21
      30
      16
      20
      26
      23
      26
      22
      17
      21
      21
      24
      11
      23
      24
      25
      18
      25
      28
      22
      22
      26
      26
      24
      25
      23
      30
      24
      26
      21
      25
      21
      25
      22
      26
      22
      23
      26
      30
      27
      32
      18
      28
      29
      16
      26
      27
      28
      25
      18
      24
      25
      30
      20
      31
      15
      20
      24
      23
      26
      21
      24
      23
      23
      15
      26
      12
      26
      34
      21
      28
      19
      26
      23
      27
      29
      20
      33
      33
      26
      24
      34
      34
      29
      25
      22
      18
      23
      32
      30
      27
      29
      41
      31
      22
      22
      24
      28
      27
      20
      22
      19
      32
      28
      33
      26
      21
      24
      26
      23
      34
      28
      30
      31
      33
      23
      24
      27
      18
      28
      24
      33
      30
      21
      27
      40
      32
      28
      21
      27
      28
      25
      28
      26
      27
      23
      24
      37
      33
      21
      25
      15
      31
      18
      30
      25
      26
      21
      37
      20
      20
      27
      40
      31
      29
      18
      23
      32
      33
      27
      32
      28
      30
      25
      27
      26
      22
      26
      27
      20
      34
      24
      32
      39
      27
      31
      31
      35
      27
      24
      25
      27
      23
      34
      27
      22
      37
      30
      33
      18
      26
      40
      29
      37
      37
      32
      34
      24
      28
      29
      28
      23
      27
      28
      22
      34
      21
      34
      44
      24
      21
      34
      35
      34
      29
      23
      36
      28
      28
      27
      21
      31
      32
      28
      29
      27
      23
      35
      32
      31
      35
      24
      35
      23
      37
      23
      23
      34
      25
      40
      33
      34
      30
      24
      38
      38
      32
      21
      30
      29
      37
      34
      42
      33
      24
      30
      41
      36
      46
      39
      39
      30
      38
      25
      28
      43
      28
      32
      33
      32
      34
      37
      31
      34
      38
      33
      36
      32
      29
      36
      26
      31
      33
      36
      36
      41
      31
      39
      33
      47
      37
      33
      35
      31
      46
      34
      32
      29
      39
      49
      32
      35
      30
      38
      35
      38
      40
      29
      32
      48
      39
      35
      42
      49
      36
      36
      38
      34
      38
      31
      37
      36
      39
      49
      34
      50
      33
      48
      34
      35
      34
      47
      39
      32
      36
      42
      54
      42
      47
      39
      39
      31
      40
      43
      45
      44
      39
      40
      40
      38
      41
      47
      41
      47
      47
      34
      46
      50
      51
      43
      50
      32
      48
      44
      33
      46
      47
      51
      40
      39
      39
      34
      40
      46
      48
      60
      44
      27
      41
      45
      43
      51
      39
      47
      40
      45
      51
      38
      42
      41
      53
      49
      41
      40
      42
      47
      57
      34
      47
      51
      45
      53
      38
      69
      40
      46
      42
      37
      50
      46
      43
      45
      42
      42
      46
      51
      39
      50
      49
      57
      46
      38
      39
      38
      40
      57
      48
      49
      48
      54
      41
      63
      52
      44
      51
      49
      48
      53
      51
      54
      39
      44
      67
      57
      56
      51
      42
      56
      61
      65
      45
      45
      52
      47
      52
      45
      55
      52
      60
      49
      58
      53
      62
      59
      53
      65
      50
      44
      57
      55
      52
      59
      66
      66
      51
      60
      50
      61
      64
      59
      60
      66
      68
      56
      46
      54
      65
      64
      60
      77
      60
      49
      48
      62
      51
      59
      77
      74
      72
      54
      48
      57
      65
      66
      66
      62
      64
      53
      70
      75
      76
      59
      70
      59
      58
      64
      68
      53
      61
      67
      71
      55
      73
      72
      63
      63
      58
      72
      73
      76
      67
      52
      51
      63
      62
      68
      60
      63
      78
      53
      68
      73
      82
      65
      86
      69
      77
      75
      74
      67
      75
      69
      73
      85
      70
      75
      76
      76
      79
      62
      84
      81
      79
      74
      83
      86
      70
      73
      61
      70
      80
      79
      57
      74
      81
      82
      84
      69
      69
      90
      81
      84
      77
      85
      88
      82
      76
      75
      83
      73
      76
      78
      93
      75
      62
      81
      88
      96
      90
     104
      76
      81
      73
      86
      79
      75
      73
      93
     103
      98
      89
      80
      86
     117
      71
      85
      86
      78
      87
      89
      97
      95
      93
     102
      75
     100
      96
      82
      94
      90
     105
     109
     125
      95
     101
      89
      95
      89
      88
      97
      94
      88
      87
      99
     106
      97
      90
     116
     102
     110
      98
      99
     123
      95
     105
     103
     104
      99
     118
     121
     119
     116
      91
     115
     100
     106
      88
     110
     123
     108
     113
     102
     120
     113
     106
     118
     116
     133
     129
     113
     116
     112
      99
     115
     135
     112
     124
     115
     115
     138
     134
     133
     106
     117
     112
     135
     119
     106
     113
     111
     122
     108
     101
     115
     135
     138
     120
     117
     123
     137
     144
     134
     134
     119
     121
     131
     109
     137
     122
     133
     141
     136
     133
     120
     127
     151
     150
     145
     142
     141
     145
     148
     140
     129
     124
     146
     140
     128
     149
     153
     139
     135
     138
     147
     147
     148
     160
     150
     125
     163
     143
     143
     153
     140
     164
     166
     154
     161
     137
     154
     160
     139
     194
     161
     147
     170
     168
     160
     143
     164
     152
     155
     151
     157
     163
     182
     169
     176
     170
     155
     180
     154
     184
     160
     169
     178
     193
     171
     181
     188
     154
     174
     173
     201
     171
     186
     157
     176
     166
     154
     172
     191
     205
     180
     189
     209
     173
     181
     195
     183
     184
     197
     167
     164
     203
     186
     180
     203
     198
     204
     223
     195
     211
     192
     230
     188
     200
     181
     195
     180
     222
     191
     221
     203
     188
     196
     218
     214
     200
     213
     235
     202
     223
     199
     230
     232
     233
     245
     211
     240
     256
     217
     211
     224
     246
     214
     223
     230
     239
     227
     226
     234
     253
     232
     270
     226
     252
     242
     240
     256
     267
     245
     250
     251
     251
     237
     225
     249
     259
     233
     267
     238
     248
     275
     264
     255
     238
     285
     241
     259
     275
     264
     278
     263
     277
     254
     260
     282
     265
     262
     256
     260
     274
     272
     262
     266
     284
     311
     266
     264
     290
     288
     293
     283
     289
     281
     275
     292
     302
     294
     300
     294
     315
     318
     303
     317
     314
     285
     310
     319
     314
     314
     289
     311
     310
     323
     305
     330
     320
     348
     324
     324
     342
     341
     346
     336
     323
     304
     355
     338
     342
     351
     320
     348
     334
     341
     387
     371
     369
     351
     372
     376
     397
     408
     340
     357
     366
     334
     356
     379
     369
     401
     366
     358
     393
     372
     429
     403
     342
     429
     386
     382
     386
     371
     392
     391
     420
     361
     404
     379
     412
     371
     417
     428
     458
     400
     417
     415
     447
     430
     369
     423
     434
     410
     421
     415
     392
     434
     451
     405
     444
     429
     448
     475
     413
     424
     483
     414
     437
     473
     439
     451
     466
     474
     480
     471
     493
     490
     489
     457
     490
     508
     484
     510
     488
     461
     486
     509
     527
     572
     513
     475
     473
     500
     516
     491
     481
     493
     516
     480
     514
     503
     526
     506
     545
     533
     538
     526
     567
     534
     549
     555
     554
     526
     565
     551
     557
     587
     544
     596
     577
     539
     552
     561
     572
     578
     535
     623
     544
     606
     615
     629
     561
     562
     597
     583
     616
     563
     590
     619
     626
     584
     630
     591
     636
     603
     658
     647
     615
     635
     565
     629
     607
     635
     673
     688
     638
     702
     651
     609
     672
     697
     681
     674
     638
     689
     680
     712
     655
     701
     678
     652
     670
     699
     691
     720
     697
     701
     704
     734
     736
     767
     730
     720
     740
     739
     721
     759
     711
     738
     729
     755
     778
     719
     825
     748
     806
     788
     780
     777
     784
     808
     815
     804
     775
     787
     797
     784
     865
     785
     800
     779
     788
     872
     865
     779
     812
     846
     806
     867
     887
     879
     820
     817
     880
     833
     865
     872
     853
     816
     804
     926
     845
     933
     813
     882
     952
     930
     894
     945
     845
     940
     942
     942
     891
     938
     875
     890
     954
     928
     880
     938
     887
     959
     915
     986
     987
     968
     939
     987
     999
     966
     959
    1017
     953
    1014
    1011
     996
    1014
    1044
     994
    1022
    1029
    1062
    1034
    1061
    1000
    1053
    1020
    1002
    1043
    1083
    1072
    1058
    1100
    1124
    1100
    1084
    1141
    1108
    1043
    1051
    1078
    1151
    1084
    1088
    1085
    1139
    1084
    1079
    1093
    1165
    1099
    1124
    1107
    1155
    1163
    1166
    1209
    1178
    1198
    1182
    1232
    1200
    1205
    1201
    1161
    1161
    1202
    1233
    1199
    1245
    1230
    1216
    1242
    1271
    1224
    1254
    1218
    1218
    1241
    1274
    1323
    1277
    1281
    1336
    1261
    1291
    1253
    1341
    1299
    1323
    1282
    1298
    1337
    1361
    1375
    1325
    1338
    1416
    1322
    1345
    1383
    1318
    1451
    1272
    1361
    1409
    1441
    1440
    1406
    1417
    1335
    1403
    1473
    1441
    1394
    1371
    1425
    1449
    1411
    1403
    1474
    1467
    1410
    1470
    1470
    1482
    1512
    1517
    1505
    1491
    1542
    1516
    1579
    1583
    1539
    1507
    1471
    1498
    1587
    1516
    1631
    1581
    1571
    1573
    1586
    1620
    1596
    1630
    1618
    1596
    1679
    1581
    1771
    1632
    1618
    1619
    1697
    1645
    1682
    1701
    1646
    1642
    1707
    1706
    1642
    1703
    1690
    1762
    1648
    1739
    1761
    1726
    1743
    1733
    1800
    1844
    1738
    1890
    1730
    1820
    1757
    1827
    1830
    1799
    1834
    1832
    1836
    1849
    1824
    1820
    1848
    1843
    1869
    1885
    1874
    1852
    1906
    1883
    1995
    1916
    1925
    1878
    1951
    1892
    1955
    1959
    1973
    2042
    2010
    1924
    2048
    1940
    2001
    1974
    1962
    2021
    1975
    2039
    2085
    2015
    2039
    2014
    2068
    2098
    2037
    2065
    2091
    2090
    2157
    2135
    2092
    2051
    2106
    2144
    2199
    2090
    2145
    2133
    2179
    2066
    2125
    2174
    2219
    2186
    2185
    2066
    2237
    2159
    2185
    2219
    2252
    2207
    2211
    2265
    2225
    2243
    2189
    2280
    2301
    2261
    2356
    2244
    2278
    2194
    2276
    2446
    2321
    2426
    2368
    2443
    2351
    2368
    2395
    2416
    2360
    2368
    2398
    2388
    2417
    2428
    2450
    2407
    2398
    2370
    2445
    2440
    2422
    2447
    2539
    2459
    2495
    2559
    2426
    2581
    2589
    2521
    2488
    2558
    2544
    2503
    2474
    2517
    2538
    2503
    2555
    2671
    2588
    2581
    2581
    2616
    2563
    2642
    2590
    2593
    2575
    2544
    2538
    2642
    2683
    2653
    2643
    2700
    2734
    2724
    2683
    2574
    2699
    2675
    2727
    2748
    2772
    2656
    2824
    2741
    2749
    2742
    2709
    2738
    2896
    2907
    2772
    2838
    2824
    2823
    2806
    2925
    2858
    2849
    2962
    2844
    2846
    2900
    2941
    2983
    2821
    2858
    2865
    2875
    2981
    2992
    2882
    3030
    2924
    2915
    2963
    2935
    2902
    3039
    2975
    2986
    3014
    2947
    3000
    3045
    3112
    3035
    3059
    3109
    3069
    2975
    2994
    3058
    3065
    3149
    3145
    3047
    3044
    2999
    3069
    3001
    3165
    3023
    3203
    3045
    3077
    3260
    3230
    3062
    3084
    3037
    3174
    3156
    3248
    3149
    3247
    3273
    3238
    3284
    3209
    3272
    3184
    3265
    3290
    3197
    3242
    3282
    3249
    3310
    3303
    3295
    3291
    3250
    3248
    3322
    3289
    3369
    3392
    3287
    3366
    3306
    3342
    3431
    3418
    3360
    3350
    3358
    3510
    3352
    3382
    3458
    3392
    3452
    3371
    3560
    3616
    3463
    3553
    3439
    3384
    3528
    3385
    3384
    3443
    3428
    3533
    3409
    3478
    3458
    3495
    3468
    3489
    3553
    3498
    3613
    3519
    3519
    3570
    3442
    3577
    3636
    3533
    3611
    3720
    3507
    3563
    3624
    3621
    3641
    3556
    3585
    3683
    3696
    3650
    3673
    3592
    3698
    3662
    3620
    3750
    3611
    3574
    3732
    3752
    3737
    3639
    3609
    3724
    3772
    3610
    3693
    3770
    3699
    3665
    3789
    3814
    3824
    3605
    3644
    3886
    3683
    3766
    3781
    3743
    3806
    3720
    3834
    3780
    3743
    3855
    3755
    3822
    3771
    3802
    3819
    3741
    3837
    3910
    3827
    3875
    3893
    3848
    3854
    3931
    3830
    3762
    3781
    3834
    3883
    3926
    3804
    3855
    3874
    3838
    3889
    3861
    3874
    3847
    3884
    3935
    3869
    4097
    3925
    3910
    3822
    3758
    4025
    3932
    3885
    4067
    3922
    3889
    4059
    3888
    3935
    3863
    3961
    4011
    4039
    3933
    3849
    4015
    4027
    4063
    3984
    3871
    4059
    3995
    3824
    3855
    4080
    4017
    3971
    4023
    4026
    3985
    3921
    3862
    4015
    4037
    4031
    3912
    4135
    4046
    4130
    3962
    4056
    4064
    3945
    3933
    4071
    3983
    3972
    4130
    4062
    3940
    4036
    3888
    4085
    4069
    4082
    4041
    4124
    3967
    4086
    3984
    3970
    4037
    4194
    3979
    3999
    3906
    4070
    4069
    4044
    4103
    4083
    4076
    4086
    4099
    4135
    4043
    4052
    4020
    4018
    4009
    4023
    4042
    4000
    4006
    4068
    4023
    3945
    3978
    4123
    4041
    3944
    4008
    4048
    4021
    4141
    4017
    3993
    4028
    4047
    4041
    3854
    3995
    3932
    3903
    4031
    4047
    4139
    4075
    3951
    4017
    4010
    3996
    4000
    4094
    4025
    4052
    4081
    3957
    4052
    3916
    4099
    4032
    4052
    3908
    3951
    3903
    4102
    4010
    4043
    4112
    3960
    4000
    4006
    4085
    4043
    4029
    4008
    4034
    3967
    4041
    4011
    3912
    3951
    4087
    3917
    3941
    3907
    4042
    3998
    3990
    4015
    4076
    3886
    4024
    3972
    3981
    3909
    3922
    3961
    3908
    3955
    3952
    3842
    3985
    4008
    4022
    3952
    3867
    3870
    3949
    3924
    3983
    3850
    3822
    3835
    3866
    3885
    3778
    3981
    3937
    3992
    3927
    3848
    3968
    3894
    3898
    3757
    3868
    3902
    3823
    3911
    3900
    3949
    4019
    3802
    3866
    3886
    3821
    3751
    3953
    3825
    3790
    3797
    3728
    3829
    3848
    3753
    3832
    3737
    3777
    3651
    3779
    3771
    3769
    3770
    3727
    3778
    3801
    3814
    3756
    3697
    3766
    3739
    3671
    3621
    3650
    3776
    3754
    3631
    3706
    3569
    3538
    3778
    3665
    3632
    3616
    3656
    3717
    3573
    3616
    3737
    3560
    3684
    3651
    3582
    3539
    3612
    3637
    3578
    3666
    3510
    3603
    3519
    3445
    3567
    3534
    3544
    3463
    3427
    3638
    3458
    3510
    3472
    3472
    3411
    3500
    3518
    3534
    3421
    3532
    3413
    3476
    3463
    3390
    3399
    3393
    3350
    3460
    3401
    3336
    3352
    3326
    3388
    3351
    3327
    3502
    3258
    3328
    3307
    3263
    3345
    3321
    3336
    3356
    3203
    3276
    3397
    3292
    3242
    3335
    3275
    3278
    3212
    3205
    3192
    3225
    3271
    3190
    3168
    3243
    3154
    3186
    3128
    3111
    3083
    3159
    3089
    3099
    3106
    3102
    3255
    3190
    3117
    3194
    3013
    3090
    3021
    2977
    3043
    3125
    3107
    3104
    2922
    3017
    3097
    2929
    3001
    3085
    2926
    2979
    2956
    2935
    2960
    2872
    2878
    2881
    2858
    2903
    2879
    2893
    2770
    2833
    2874
    2886
    2862
    2743
    2918
    2738
    2785
    2872
    2801
    2811
    2807
    2810
    2907
    2804
    2741
    2820
    2775
    2638
    2672
    2678
    2663
    2698
    2664
    2694
    2718
    2654
    2601
    2700
    2601
    2588
    2573
    2519
    2674
    2672
    2533
    2644
    2698
    2543
    2517
    2589
    2523
    2432
    2560
    2507
    2483
    2555
    2425
    2471
    2546
    2440
    2491
    2429
    2488
    2445
    2493
    2403
    2417
    2318
    2385
    2404
    2387
    2380
    2434
    2322
    2393
    2420
    2313
    2267
    2366
    2224
    2327
    2318
    2361
    2241
    2299
    2273
    2271
    2263
    2240
    2175
    2303
    2258
    2156
    2169
    2222
    2074
    2087
    2149
    2186
    2135
    2097
    2171
    2085
    2221
    2146
    2138
    2173
    2079
    2141
    2150
    2070
    2082
    2108
    2053
    2023
    1986
    1999
    2004
    1972
    1953
    1964
    2083
    2025
    2040
    1935
    1945
    1943
    1920
    1888
    1935
    1904
    1879
    1924
    1830
    1836
    1783
    1901
    1854
    1882
    1854
    1860
    1768
    1839
    1749
    1889
    1799
    1802
    1778
    1765
    1776
    1785
    1672
    1753
    1766
    1705
    1637
    1670
    1729
    1727
    1753
    1779
    1740
    1607
    1704
    1601
    1658
    1703
    1597
    1633
    1547
    1606
    1581
    1568
    1580
    1586
    1549
    1517
    1535
    1554
    1569
    1535
    1526
    1578
    1550
    1517
    1495
    1443
    1417
    1505
    1481
    1458
    1456
    1430
    1470
    1474
    1480
    1363
    1420
    1354
    1432
    1383
    1396
    1365
    1381
    1387
    1369
    1397
    1354
    1228
    1287
    1355
    1348
    1317
    1319
    1266
    1242
    1386
    1330
    1283
    1302
    1279
    1306
    1315
    1235
    1216
    1235
    1162
    1223
    1187
    1217
    1178
    1191
    1130
    1195
    1137
    1118
    1165
    1196
    1065
    1138
    1191
    1129
    1123
    1069
    1051
    1125
    1102
    1092
    1074
    1117
     987
    1053
    1060
    1019
    1030
    1064
    1080
     973
     977
    1006
     998
     999
    1017
     961
     972
     933
    1012
     964
    1003
    1010
    1002
     961
     950
     929
     931
     907
     932
     880
     884
     904
     925
     883
     972
     887
     912
     905
     880
     879
     837
     825
     820
     843
     779
     869
     802
     839
     786
     793
     795
     794
     782
     869
     767
     761
     764
     694
     738
     738
     700
     736
     721
     713
     778
     679
     751
     710
     712
     735
     723
     699
     689
     698
     648
     664
     736
     666
     662
     653
     616
     611
     626
     664
     658
     644
     594
     629
     614
     573
     632
     633
     610
     586
     635
     572
     595
     599
     619
     578
     577
     575
     565
     572
     586
     549
     544
     525
     524
     497
     528
     531
     525
     478
     496
     521
     497
     504
     511
     538
     497
     464
     494
     476
     491
     533
     508
     476
     485
     474
     446
     454
     465
     413
     422
     434
     438
     422
     409
     410
     428
     441
     422
     426
     417
     439
     403
     406
     401
     377
     356
     376
     404
     375
     401
     355
     347
     364
     337
     367
     323
     375
     361
     367
     358
     344
     358
     328
     344
     331
     335
     303
     307
     305
     342
     305
     328
     323
     315
     305
     334
     287
     303
     294
     289
     293
     281
     288
     266
     287
     293
     272
     257
     288
     279
     266
     285
     249
     250
     285
     233
     249
     223
     250
     250
     234
     232
     231
     214
     215
     225
     221
     201
     253
     229
     220
     214
     210
     222
     239
     211
     226
     194
     200
     211
     197
     200
     199
     186
     195
     218
     170
     178
     220
     208
     204
     198
     182
     175
     168
     155
     159
     180
     179
     164
     161
     151
     178
     159
     184
     140
     159
     138
     170
     135
     143
     156
     151
     169
     146
     170
     147
     149
     147
     146
     123
     124
     147
     141
     128
     137
     128
     130
     158
     148
     123
     121
      94
     119
     103
     120
     124
     121
      94
      95
     115
     136
     111
     118
     110
      92
     110
     102
     102
      92
      98
     110
     102
      98
     111
     107
     114
     101
      90
      87
     100
      88
      93
     112
      86
     105
     100
      87
      79
      70
      79
      99
     102
      83
      92
      73
      78
      91
      56
      86
      80
      92
      68
      66
      76
      60
      65
      79
      74
      66
      54
      67
      70
      64
      65
      68
      73
      49
      60
      69
      55
      54
      47
      69
      72
      61
      66
      56
      61
      68
      67
      57
      81
      60
      49
      50
      51
      52
      61
      40
      53
      47
      46
      52
      55
      40
      48
      47
      53
      52
      43
      56
      50
      46
      42
      48
      49
      47
      41
      33
      49
      45
      33
      39
      37
      48
      41
      34
      36
      32
      38
      51
      23
      40
      40
      27
      39
      33
      46
      42
      43
      38
      33
      43
      28
      35
      34
      26
      28
      39
      35
      30
      29
      19
      31
      35
      22
      22
      28
      24
      29
      29
      28
      31
      29
      19
      38
      22
      20
      22
      30
      21
      20
      24
      21
      23
      27
      21
      23
      22
      25
      24
      29
      20
      25
      25
      15
      25
      15
      20
      26
      18
      19
      20
      20
      19
      21
      14
      13
      22
      15
      20
      18
      19
      24
      21
      21
      17
      11
      16
      18
      14
      16
      28
      21
      18
      16
      20
      22
      16
      17
      14
      19
      12
      19
      17
      18
       8
      18
      13
      15
      11
      13
      15
      12
      20
      14
      11
      17
      20
      11
      12
      11
      10
      22
      15
       9
      14
      12
       8
      15
      16
      10
       9
      11
      12
      13
       7
      10
      15
      13
      17
       6
       6
       8
       3
       8
       8
      10
       4
      12
       3
      10
       9
       9
      10
       6
       6
       8
      19
       5
      11
       7
       9
      12
       8
       5
       6
      10
       7
       6
       9
       6
      10
       6
       6
       6
       6
       9
       5
       6
       5
       6
       9
      13
       3
       8
       6
       4
       2
       6
       9
       4
       7
       7
      14
       6
      10
       6
      10
       4
       7
       2
       9
       8
       8
       7
       9
       4
       8
      12
       6
       4
       7
       6
       6
      10
       1
       4
      10
       5
       6
       1
       5
       4
       5
       3
       2
       4
       5
       7
       5
       4
       7
       3
       3
       3
       4
       3
       6
       4
       7
       6
       6
       0
       1
       5
       3
       2
       7
       7
       3
       4
       7
       4
       6
       2
       6
       4
       5
       1
       4
       8
       4
       6
       4
       7
       6
       5
       2
       2
       3
       2
       5
       5
       1
       2
       4
       9
       7
       4
       2
       3
       4
       3
       1
       5
       5
       5
       2
       2
       4
       1
       4
       4
       4
       3
       2
       5
       8
       6
       3
       5
       5
       5
       3
       5
       4
       3
       5
       3
       4
       3
       5
       2
       6
       5
       3
       2
       5
       5
       5
       3
       4
       4
       1
       2
       5
       2
       4
       4
       6
       5
       3
       5
       5
       7
       6
       4
       2
       4
       2
       2
       3
       4
       2
       3
       9
       0
       2
       3
       4
       1
       3
       3
       6
       5
       2
       2
       2
       4
       3
       1
       6
       3
       0
       2
       3
       3
       6
       3
       3
       1
       4
       1
       4
       3
       2
       6
       2
       3
       1
       3
       6
       4
       4
       1
       2
       4
       8
       2
       4
       3
       8
       7
       1
       0
       3
       2
       1
       4
       5
       4
       4
       3
       3
       2
       8
       2
       5
       1
       6
       2
       4
       3
       7
       3
       2
       1
       4
       3
       1
       5
       3
       9
       3
       4
       7
       2
       0
       0
       2
       0
       3
       4
       3
       4
       1
       2
       3
       5
       4
       1
       3
       0
       3
       3
       3
       4
       3
       2
       2
       1
       3
       3
       6
       2
       5
       0
       4
       3
       4
       1
       3
       2
       3
       3
       1
       5
       4
       5
       3
       3
       3
       6
       1
       3
       6
       3
       4
       2
       5
       1
       8
       5
       3
       2
       7
       5
       6
       4
       6
       4
       5
       1
       4
       1
       1
       5
       3
       2
       2
       3
       4
       4
       2
       7
       2
       1
       6
       3
       7
       2
       4
       5
       2
       4
       5
       4
       5
       3
       1
       0
       6
       6
       2
       2
       4
       2
       4
       5
       5
       2
       5
       2
       6
       5
       5
       5
       3
       6
       6
       2
       9
       3
       2
       4
       3
       5
       4
       4
       5
       6
       5
       2
       5
       9
       1
       4
       6
       7
       2
       2
       4
       3
       7
       7
       5
       4
       3
       7
       8
       4
       0
       2
       4
       6
       2
       0
       8
       7
       6
       5
       4
       8
       6
      10
       5
       5
       6
       7
       6
       6
       7
       6
       5
       4
       7
       1
       3
       5
       6
       2
       5
       5
       7
      11
       4
      11
       4
       2
       3
       2
       3
       4
       1
       5
       5
       7
       4
       8
       3
       4
       3
       1
       3
       4
       7
       3
       4
       3
       6
       4
       5
       2
       1
       8
       3
       6
       3
       4
       7
       4
       0
       2
       4
       3
       2
       2
       1
       1
       6
       2
       4
       4
       4
       7
       2
       4
       4
       3
       4
       3
       4
       2
       3
       1
       6
       6
       2
       1
       2
       0
       3
       2
       8
       5
       1
       3
       2
       3
       1
       2
       0
       2
       3
       5
       3
       1
       2
       1
       3
       1
       3
       2
       2
       1
       2
       1
       2
       4
       3
       3
       1
       1
       1
       1
       3
       3
       2
       4
       2
       3
       3
       0
       1
       3
       1
       3
       3
       0
       1
       2
       4
       4
       0
       3
       2
       1
       2
       1
       1
       1
       3
       0
       0
       2
       4
       1
       0
       1
       3
       0
       2
       1
       2
       3
       3
       3
       4
       2
       0
       3
       3
       2
       0
       4
       4
       6
       3
       1
       1
       1
       2
       4
       2
       5
       2
       2
       1
       4
       2
       0
       1
       3
       2
       5
       1
       2
       4
       3
       0
       3
       3
       2
       1
       0
       1
       1
       1
       2
       4
       4
       3
       0
       3
       1
       2
       1
       4
       3
       4
       5
       2
       4
       2
       4
       3
       1
       4
       5
       3
       1
       2
       1
       1
       1
       3
       6
       7
       4
       3
       2
       2
       3
       3
       1
       2
       0
       3
       1
       2
       0
       3
       0
       5
       2
       1
       4
       3
       0
       3
       2
       2
       3
       0
       1
       2
       1
       2
       3
       7
       3
       3
       1
       1
       1
       3
       1
       2
       3
       3
       2
       4
       1
       1
       2
       3
       2
       5
       2
       1
       1
       3
       4
       1
       5
       0
       1
       2
       3
       1
       1
       0
       2
       1
       0
       1
       1
       3
       0
       3
       0
       2
       0
       2
       3
       4
       3
       1
       1
       2
       1
       2
       1
       3
       7
       3
       3
       4
       2
       1
       4
       0
       2
       2
       1
       3
       1
       0
       2
       2
       4
       3
       1
       5
       3
       1
       3
       3
       1
       0
       2
       1
       1
       1
       2
       4
       2
       1
       2
       1
       0
       1
       0
       3
       3
       2
       2
       1
       2
       5
       1
       1
       3
       2
       0
       3
       5
       1
       3
       1
       2
       2
       3
       1
       3
       3
       2
       2
       5
       1
       3
       3
       1
       0
       3
       3
       3
       1
       1
       1
       2
       3
       1
       3
       1
       1
       1
       3
       3
       0
       5
       1
       2
       3
       1
       0
       4
       7
       4
       3
       2
       4
       2
       1
       6
       5
       5
       4
       0
       5
       2
       2
       0
       1
       2
       3
       1
       4
       5
       3
       1
       2
       5
       3
       7
       2
       4
       3
       1
       3
       2
       2
       2
       3
       4
       7
       2
       3
       3
       3
       0
       1
       2
       1
       2
       2
       3
       2
       3
       2
       1
       4
       0
       3
       1
       2
       1
       3
       5
       3
       2
       1
       6
       4
       4
       0
       2
       4
       1
       1
       1
       3
       3
       3
       0
       3
       4
       2
       1
       0
       1
       1
       3
       3
       1
       2
       1
       6
       5
       2
       1
       4
       5
       2
       2
       4
       2
       3
       1
       4
       4
       4
       2
       1
       2
       3
       3
       0
       0
       6
       0
       1
       1
       3
       2
       0
       4
       3
       3
       2
       5
       3
       3
       0
       2
       3
       0
       1
       0
       3
       3
       1
       2
       3
       1
       2
       2
       2
       0
       1
       5
       0
       1
       2
       2
       0
       2
       2
       2
       4
       1
       2
       2
       3
       1
       1
       3
       1
       2
       2
       1
       1
       4
       2
       5
       2
       2
       1
       4
       3
       1
       4
       3
       3
       1
       3
       4
       1
       2
       5
       1
       3
       2
       2
       0
       3
       3
       0
       2
       2
       1
       2
       1
       4
       4
       1
       6
       1
       2
       3
       2
       1
       2
       0
       3
       0
       5
       2
       1
       1
       1
       5
       3
       3
       0
       3
       2
       0
       3
       2
       2
       4
       2
       3
       6
       4
       2
       0
       3
       3
       2
       1
       0
       4
       1
       2
       3
       0
       2
       5
       4
       2
       3
       3
       2
       1
       2
       3
       3
       3
       4
       3
       1
       7
       3
       1
       0
       3
       0
       4
       4
       1
       1
       4
       0
       5
       1
       4
       2
       2
       2
       1
       3
       1
       1
       2
       1
       1
       1
       3
       2
       0
       4
       2
       4
       0
       1
       0
       1
       1
       2
       0
       2
       1
       4
       2
       3
       3
       2
       1
       2
       4
       0
       1
       0
       0
       1
       2
       3
       1
       5
       3
       1
       5
       1
       2
       4
       3
       0
       5
       2
       0
       0
       2
       1
       5
       2
       2
       0
       3
       4
       3
       5
       3
       0
       1
       1
       1
       4
       1
       3
       4
       7
       2
       2
       2
       3
       2
       4
       3
       3
       5
       3
       0
       1
       1
       1
       4
       1
       3
       4
       5
       3
       4
       1
       0
       1
       3
       1
       1
       2
       2
       1
       4
       1
       3
       1
       2
       0
       2
       5
       4
       1
       1
       2
       3
       2
       1
       1
       4
       3
       3
       2
       3
       2
       2
       0
       4
       1
       2
       4
       1
       1
       4
       1
       4
       0
       3
       2
       4
       3
       5
       2
       4
       1
       1
       0
       1
       1
       3
       1
       1
       3
       2
       1
       2
       1
       2
       4
       2
       5
       3
       1
       3
       2
       1
       6
       0
       2
       1
       2
       3
       4
       1
       8
       3
       1
       3
       0
       1
       1
       3
       3
       4
       2
       1
       1
       2
       0
       7
       3
       3
       6
       2
       1
       1
       1
       0
       3
       1
       4
       3
       0
       2
       1
       0
       1
       4
       1
       2
       3
       1
       1
       1
       2
       3
       1
       1
       2
       3
       4
       2
       4
       3
       3
       3
       2
       2
       1
       2
       2
       2
       2
       4
       3
       2
       2
       3
       3
       1
       1
       2
       3
       1
       3
       5
       1
       1
       0
       1
       1
       1
       1
       4
       6
       5
       1
       7
       1
       4
       0
       2
       1
       2
       1
       4
       1
       0
       2
       7
       2
       2
       0
       1
       2
       1
       1
       1
       2
       2
       1
       0
       2
       2
       3
       2
       2
       3
       2
       1
       0
       4
       1
       1
       3
       1
       2
       2
       0
       4
       0
       1
       2
       3
       2
       4
       2
       2
       2
       1
       4
       3
       3
       2
       1
       1
       2
       1
       0
       4
       7
       5
       1
       1
       2
       2
       4
       2
       3
       3
       2
       2
       1
       2
       2
       2
       7
       3
       0
       1
       0
       1
       1
       2
       1
       2
       2
       3
       2
       1
       6
       3
       1
       1
       1
       4
       5
       3
       2
       2
       3
       3
       4
       2
       2
       2
       1
       5
       1
       2
       0
       3
       2
       2
       0
       3
       1
       1
       0
       3
       2
       0
       1
       2
       3
       1
       6
       6
       4
       3
       4
       0
       2
       1
       1
       3
       7
       1
       4
       3
       1
       0
       1
       1
       2
       5
       2
       1
       2
       4
       0
       2
       4
       0
       2
       0
       4
       2
       2
       2
       0
       5
       6
       3
       3
       4
       1
       2
       1
       1
       5
       6
       0
       0
       6
       1
       4
       1
       3
       1
       2
       2
       2
       0
       0
       1
       0
       0
       0
       1
       3
       1
       0
       2
       3
       1
       1
       1
       3
       1
       3
       1
       1
       0
       1
       0
       3
       2
       3
       0
       3
       2
       2
       1
       3
       4
       2
       2
       3
       5
       3
       1
       3
       1
       5
       2
       5
       3
       1
       2
       2
       3
       1
       5
       1
       5
       2
       0
       1
       4
       0
       3
       2
       3
       5
       1
       2
       2
       0
       4
       0
       2
       0
       0
       3
       4
       3
       2
       1
       2
       3
       1
       2
       3
       3
       4
       1
       2
       2
       1
       0
       1
       1
       2
       3
       6
       0
       4
       1
       2
       1
       3
       2
       3
       3
       3
       3
       5
       2
       4
       2
       3
       0
       3
       1
       3
       3
       2
       1
       3
       1
       1
       2
       1
       6
       1
       2
       0
       2
       1
       2
       1
       0
       2
       3
       4
       4
       0
       1
       3
       3
       1
       1
       1
       2
       1
       1
       3
       2
       0
       0
       0
       0
       0
       0
       0
       0
       0
       0
       0
       0
       0
       0
       0
       0
       0
       0
       0
       0
       0
       0
       0
       0
       0
       0
       0
       0
       0
       0
       0
       0
       0
       0
       0
       0
       0
       0
       0
       0
       0
       0
       0
       0
       0
       0
       0
       0
       0
       0
       0
       0
       0
       0
       0
       0
       0
       0
       0
       0
       0
       0
       0
       0
       0
       0
       0
       0
       0
       0
       0
       0
       0
       0
       0
       0
       0
       0
       0
       0
       0
       0
       0
       0
       0
       0
       0
       0
       0
       0
       0
       0
       0
       0
       0
       0
       0
       0
       0
       0
       0
       0
       0
       0
       0
       0
       0
       0
       0
       0
       0
       0
       0
       0
       0
       0
       0
       0
       0
       0
       0
       0
       0
       0
       0
       0
       0
       0
$ROI:
3
6725 6813
6948 7045
7244 7256
$PRESETS:
None
0
0
$ENER_FIT:
-0.000074 0.728814
$MCA_CAL:
3
-7.366740E-005 7.288145E-001 -2.624510E-006 keV
$SHAPE_CAL:
3
0.000000E+000 0.000000E+000 0.000000E+000
