$SPEC_ID:
No sample description was entered.
$SPEC_REM:
DET# 1
DETDESC# PPF18-07 Easy-MCA-8k SN 14274550
AP# Maestro Version 7.01
$DATE_MEA:
11/25/2022 11:01:58
$MEAS_TIM:
46656 79359
$DATA:
0 8191
       0
       0
       0
       0
       0
       0
       0
       0
       0
       0
       0
       0
       0
       0
       0
       0
       0
       0
       0
       0
       0
       0
       0
       0
      27
   37295
 2220417
51231265
 4636028
  350449
  447027
  611287
  822480
 1027696
 1133978
 1070304
  872887
  650257
  483496
  377399
  306481
  252537
  205892
  165629
  130805
  100695
   77034
   58691
   44327
   34653
   26706
   21031
   17286
   14371
   12748
   11674
   10813
   10192
   10036
    9606
    9254
    8790
    8556
    7933
    7589
    6953
    6342
    5645
    5159
    4617
    4043
    3532
    3006
    2571
    2409
    1966
    1839
    1575
    1463
    1299
    1246
    1071
    1134
    1032
    1045
     995
     973
     961
     967
     890
     875
     857
     837
     837
     763
     754
     703
     656
     680
     631
     585
     583
     494
     493
     465
     438
     427
     427
     416
     399
     367
     381
     372
     366
     351
     342
     366
     320
     348
     345
     352
     337
     331
     320
     343
     302
     322
     299
     325
     326
     321
     340
     310
     308
     336
     304
     286
     316
     317
     298
     278
     280
     296
     281
     288
     283
     299
     283
     267
     269
     284
     293
     281
     280
     306
     263
     254
     248
     255
     288
     255
     281
     270
     234
     267
     261
     274
     292
     290
     254
     273
     269
     289
     278
     249
     294
     262
     230
     279
     267
     257
     238
     253
     262
     257
     257
     237
     273
     239
     241
     282
     256
     230
     270
     253
     248
     259
     263
     243
     236
     257
     263
     246
     242
     246
     275
     265
     247
     231
     276
     268
     242
     255
     243
     260
     232
     245
     242
     241
     264
     232
     245
     251
     265
     241
     236
     204
     233
     256
     246
     242
     263
     246
     263
     258
     230
     250
     259
     205
     224
     227
     229
     262
     225
     241
     245
     239
     235
     242
     209
     225
     220
     231
     220
     250
     230
     240
     263
     215
     206
     194
     197
     218
     211
     261
     224
     239
     230
     207
     210
     198
     217
     237
     230
     202
     228
     217
     211
     228
     225
     239
     207
     210
     233
     214
     211
     227
     209
     200
     204
     241
     222
     208
     217
     206
     210
     200
     225
     210
     225
     213
     232
     224
     225
     259
     215
     235
     212
     215
     234
     221
     231
     236
     241
     222
     216
     233
     224
     202
     208
     203
     213
     235
     208
     209
     229
     240
     214
     221
     225
     208
     223
     198
     221
     225
     229
     221
     211
     212
     217
     208
     236
     210
     216
     225
     227
     208
     204
     205
     196
     244
     204
     223
     220
     214
     196
     186
     234
     244
     242
     198
     225
     220
     230
     248
     202
     233
     214
     193
     225
     209
     230
     211
     204
     233
     200
     205
     245
     215
     190
     225
     237
     224
     203
     221
     241
     207
     214
     240
     210
     238
     222
     230
     229
     244
     226
     199
     215
     213
     224
     224
     244
     211
     234
     228
     233
     209
     243
     219
     200
     207
     214
     222
     202
     189
     222
     201
     202
     197
     218
     236
     188
     232
     201
     229
     210
     200
     222
     235
     220
     207
     205
     234
     237
     226
     204
     185
     213
     217
     205
     235
     218
     234
     214
     212
     225
     235
     200
     225
     203
     229
     213
     210
     218
     233
     220
     202
     225
     194
     218
     228
     221
     198
     231
     223
     228
     206
     232
     222
     218
     229
     232
     214
     191
     216
     230
     230
     206
     246
     236
     216
     208
     228
     235
     210
     218
     197
     234
     205
     231
     241
     219
     195
     229
     228
     242
     235
     218
     221
     233
     223
     201
     244
     232
     217
     228
     225
     255
     210
     218
     203
     189
     249
     225
     232
     214
     223
     251
     221
     247
     211
     232
     223
     242
     231
     220
     228
     237
     216
     207
     215
     224
     227
     243
     227
     220
     237
     233
     243
     234
     235
     223
     244
     215
     213
     217
     251
     236
     222
     229
     232
     243
     231
     227
     216
     212
     241
     236
     201
     243
     232
     250
     234
     265
     226
     215
     240
     234
     248
     239
     253
     236
     247
     196
     220
     220
     237
     223
     272
     212
     236
     251
     261
     228
     236
     232
     249
     234
     235
     231
     245
     228
     258
     223
     229
     253
     263
     237
     238
     256
     235
     232
     246
     217
     256
     231
     264
     247
     271
     259
     235
     261
     230
     253
     245
     234
     239
     232
     217
     233
     275
     262
     251
     243
     267
     221
     266
     248
     249
     239
     232
     273
     250
     261
     241
     256
     257
     266
     266
     235
     227
     258
     273
     269
     263
     230
     256
     231
     264
     216
     249
     256
     228
     253
     235
     229
     259
     235
     269
     238
     237
     292
     249
     249
     273
     238
     261
     256
     253
     243
     244
     243
     252
     283
     267
     271
     273
     261
     283
     268
     245
     290
     257
     243
     245
     265
     232
     279
     248
     240
     241
     257
     279
     253
     259
     267
     273
     239
     274
     308
     260
     229
     268
     284
     274
     278
     262
     222
     266
     296
     269
     271
     267
     315
     261
     264
     238
     310
     299
     262
     253
     299
     289
     301
     283
     261
     301
     277
     279
     258
     297
     271
     277
     288
     276
     280
     302
     306
     279
     304
     276
     298
     280
     269
     267
     282
     306
     279
     297
     277
     260
     284
     289
     262
     297
     278
     305
     287
     284
     306
     295
     271
     278
     298
     278
     285
     269
     300
     280
     272
     301
     292
     286
     264
     292
     280
     282
     297
     299
     297
     266
     297
     318
     290
     290
     314
     305
     308
     332
     316
     301
     300
     263
     324
     296
     324
     307
     277
     295
     285
     327
     314
     323
     282
     278
     289
     313
     308
     320
     329
     315
     305
     308
     325
     332
     309
     307
     294
     316
     288
     314
     327
     347
     308
     318
     281
     318
     314
     322
     357
     292
     318
     326
     341
     298
     329
     319
     335
     326
     310
     285
     351
     325
     331
     369
     309
     349
     312
     352
     299
     354
     310
     319
     366
     333
     328
     342
     325
     336
     347
     338
     366
     364
     319
     328
     347
     354
     303
     349
     326
     317
     299
     320
     340
     346
     346
     327
     334
     313
     341
     331
     315
     350
     330
     334
     356
     317
     349
     348
     361
     338
     341
     348
     346
     350
     367
     329
     363
     367
     350
     373
     333
     343
     356
     381
     338
     353
     338
     382
     365
     352
     348
     347
     369
     378
     380
     345
     370
     350
     340
     363
     389
     397
     361
     372
     375
     377
     364
     332
     362
     423
     375
     381
     369
     361
     368
     407
     376
     377
     368
     373
     393
     371
     361
     363
     391
     365
     372
     345
     339
     403
     403
     368
     373
     395
     391
     367
     374
     364
     390
     373
     394
     433
     404
     394
     401
     412
     374
     412
     407
     415
     426
     365
     423
     410
     387
     426
     382
     391
     396
     398
     412
     387
     388
     406
     400
     377
     418
     401
     412
     390
     416
     417
     414
     427
     415
     395
     434
     393
     443
     423
     421
     426
     401
     414
     423
     464
     429
     431
     426
     430
     423
     453
     445
     460
     440
     399
     422
     435
     419
     419
     403
     439
     434
     449
     462
     432
     413
     432
     438
     427
     449
     424
     480
     467
     429
     487
     433
     403
     448
     449
     413
     420
     448
     462
     416
     502
     476
     445
     488
     492
     469
     474
     450
     413
     427
     468
     474
     458
     474
     486
     430
     459
     475
     437
     440
     492
     514
     474
     459
     493
     482
     470
     544
     487
     506
     479
     498
     470
     463
     461
     510
     472
     476
     525
     474
     504
     503
     485
     512
     497
     519
     498
     511
     492
     526
     501
     461
     534
     487
     510
     533
     475
     538
     493
     486
     519
     500
     460
     521
     541
     498
     482
     516
     507
     527
     472
     537
     531
     484
     524
     506
     561
     518
     503
     492
     533
     545
     558
     545
     511
     519
     510
     536
     552
     518
     523
     543
     521
     532
     551
     524
     525
     560
     524
     596
     601
     557
     491
     507
     535
     551
     497
     560
     574
     569
     551
     565
     567
     555
     542
     538
     578
     578
     579
     573
     556
     557
     578
     591
     593
     568
     577
     541
     592
     557
     601
     632
     533
     574
     561
     565
     584
     593
     581
     602
     592
     624
     600
     619
     589
     612
     596
     597
     577
     604
     641
     601
     633
     624
     617
     657
     612
     649
     585
     643
     594
     623
     639
     658
     616
     605
     649
     621
     577
     604
     589
     622
     620
     626
     648
     640
     654
     628
     641
     655
     657
     639
     627
     633
     653
     651
     661
     617
     597
     653
     585
     654
     710
     617
     681
     598
     666
     654
     640
     623
     673
     665
     691
     697
     674
     672
     693
     654
     709
     706
     742
     669
     649
     656
     716
     681
     699
     670
     695
     660
     737
     695
     739
     711
     719
     657
     698
     727
     699
     715
     666
     684
     680
     688
     704
     716
     734
     709
     686
     713
     726
     728
     689
     713
     664
     716
     723
     717
     687
     708
     667
     700
     767
     716
     677
     708
     789
     680
     741
     669
     780
     802
     731
     726
     748
     793
     747
     754
     755
     800
     738
     770
     747
     781
     725
     763
     743
     768
     763
     764
     755
     820
     820
     747
     803
     771
     786
     808
     800
     819
     757
     784
     739
     794
     810
     810
     768
     843
     825
     801
     791
     760
     812
     852
     855
     872
     797
     859
     811
     815
     857
     849
     897
     838
     897
     800
     830
     832
     816
     863
     838
     870
     863
     829
     873
     889
     845
     801
     903
     884
     887
     844
     893
     878
     972
     861
     902
     904
     872
     802
     883
     833
     883
     896
     851
     922
     849
     886
     975
     901
     894
     908
     930
     937
     927
     889
     951
     868
     932
     887
     980
    1006
     940
     943
     965
     944
     963
     882
    1016
     976
     965
     924
     968
     954
     936
     937
     985
     927
     948
     956
     999
     929
     932
     886
     978
     993
     969
     977
     989
     999
    1031
     944
     992
    1006
     959
    1000
     954
     975
     942
     977
     991
    1022
    1051
     981
    1033
    1070
    1035
    1021
    1020
    1059
    1033
    1073
    1040
    1039
    1055
    1053
     994
    1006
    1073
    1096
     971
    1127
    1079
    1068
    1067
    1086
    1021
    1066
    1074
    1115
    1087
    1075
    1102
    1102
    1019
    1119
    1117
    1085
    1086
    1081
    1085
    1164
    1094
    1140
    1156
    1136
    1161
    1098
    1170
    1133
    1109
    1168
    1141
    1114
    1177
    1144
    1114
    1151
    1155
    1096
    1155
    1137
    1127
    1117
    1167
    1187
    1200
    1140
    1224
    1089
    1204
    1223
    1249
    1146
    1146
    1207
    1219
    1149
    1224
    1220
    1225
    1199
    1250
    1265
    1192
    1329
    1202
    1232
    1238
    1288
    1324
    1225
    1320
    1298
    1270
    1317
    1238
    1264
    1253
    1238
    1247
    1284
    1271
    1294
    1289
    1233
    1220
    1274
    1267
    1278
    1272
    1319
    1340
    1384
    1329
    1287
    1302
    1298
    1283
    1347
    1252
    1338
    1257
    1296
    1309
    1327
    1367
    1382
    1368
    1301
    1430
    1415
    1444
    1422
    1331
    1370
    1430
    1378
    1389
    1357
    1375
    1380
    1353
    1440
    1429
    1394
    1430
    1437
    1491
    1391
    1394
    1391
    1426
    1456
    1441
    1474
    1523
    1393
    1443
    1442
    1495
    1482
    1521
    1492
    1424
    1460
    1502
    1444
    1413
    1484
    1535
    1492
    1478
    1525
    1534
    1484
    1422
    1512
    1551
    1504
    1519
    1515
    1569
    1628
    1451
    1551
    1548
    1593
    1596
    1539
    1593
    1550
    1547
    1536
    1538
    1631
    1634
    1639
    1616
    1657
    1563
    1628
    1645
    1605
    1620
    1550
    1612
    1675
    1702
    1600
    1573
    1661
    1633
    1630
    1605
    1653
    1736
    1623
    1681
    1703
    1662
    1600
    1628
    1704
    1692
    1674
    1691
    1705
    1699
    1725
    1748
    1752
    1676
    1699
    1728
    1757
    1744
    1699
    1706
    1785
    1796
    1739
    1721
    1755
    1745
    1780
    1813
    1773
    1760
    1845
    1860
    1775
    1832
    1835
    1874
    1803
    1871
    1819
    1818
    1923
    1856
    1907
    1901
    1904
    1897
    1838
    1890
    1859
    1899
    1806
    1902
    1931
    1872
    1893
    1947
    1922
    1930
    1922
    1890
    1974
    1912
    1914
    1969
    1910
    1941
    1891
    1948
    1903
    1937
    1942
    2032
    2001
    1914
    1882
    2011
    2058
    1999
    1997
    1986
    1995
    2002
    2001
    1978
    2031
    1998
    2096
    2051
    2117
    2056
    2128
    2161
    2089
    2068
    2159
    2077
    2136
    2120
    2072
    2118
    2097
    2139
    2111
    2136
    2056
    2078
    2212
    2106
    2140
    2127
    2110
    2131
    2134
    2107
    2259
    2211
    2069
    2145
    2236
    2172
    2209
    2239
    2185
    2187
    2266
    2247
    2260
    2270
    2261
    2292
    2301
    2293
    2274
    2197
    2238
    2355
    2339
    2252
    2331
    2323
    2445
    2434
    2333
    2269
    2314
    2336
    2333
    2374
    2376
    2352
    2409
    2343
    2374
    2428
    2355
    2370
    2365
    2487
    2406
    2491
    2402
    2456
    2470
    2450
    2437
    2391
    2432
    2530
    2411
    2468
    2474
    2500
    2516
    2495
    2675
    2394
    2603
    2461
    2482
    2630
    2645
    2656
    2664
    2556
    2534
    2521
    2523
    2599
    2593
    2606
    2613
    2593
    2731
    2593
    2603
    2669
    2620
    2632
    2537
    2738
    2668
    2712
    2709
    2687
    2645
    2730
    2724
    2735
    2754
    2791
    2745
    2706
    2662
    2745
    2740
    2739
    2784
    2698
    2737
    2766
    2877
    2775
    2803
    2817
    2726
    2825
    2789
    2911
    2870
    2805
    2931
    2931
    2904
    2925
    2983
    2818
    2900
    2861
    2976
    2930
    2828
    2859
    3060
    3023
    3065
    2931
    3027
    2984
    3049
    2960
    2976
    2968
    3066
    3044
    2967
    2972
    3045
    3204
    3119
    3038
    2983
    3111
    3077
    3228
    3059
    3162
    3150
    3143
    3202
    3218
    3167
    3026
    3113
    3160
    3139
    3128
    3286
    3143
    3181
    3246
    3209
    3264
    3276
    3197
    3289
    3353
    3222
    3306
    3196
    3275
    3326
    3365
    3380
    3385
    3276
    3366
    3374
    3331
    3325
    3436
    3344
    3427
    3346
    3569
    3406
    3432
    3387
    3566
    3441
    3468
    3521
    3460
    3458
    3546
    3428
    3560
    3538
    3575
    3468
    3414
    3549
    3595
    3564
    3565
    3512
    3731
    3680
    3565
    3615
    3625
    3684
    3641
    3581
    3763
    3597
    3730
    3645
    3784
    3704
    3672
    3639
    3709
    3673
    3750
    3818
    3616
    3757
    3796
    3791
    3777
    3712
    3860
    3826
    3953
    3878
    3913
    3703
    3844
    3786
    3823
    3829
    3911
    3913
    3977
    3885
    3932
    3886
    3934
    3896
    3986
    4028
    4100
    3990
    4044
    4013
    3947
    4056
    4024
    4164
    4047
    4003
    4110
    4044
    4243
    4006
    4009
    4149
    4123
    4147
    4153
    4026
    4198
    4165
    4155
    4222
    4178
    4157
    4246
    4285
    4279
    4305
    4298
    4295
    4346
    4371
    4337
    4368
    4286
    4406
    4256
    4431
    4310
    4394
    4360
    4424
    4336
    4494
    4545
    4432
    4424
    4345
    4545
    4437
    4493
    4471
    4577
    4514
    4570
    4620
    4450
    4645
    4596
    4588
    4650
    4532
    4782
    4596
    4622
    4613
    4562
    4713
    4802
    4687
    4836
    4738
    4657
    4660
    4759
    4929
    4807
    4664
    4847
    4772
    4860
    4994
    4844
    4801
    4831
    4745
    5014
    4962
    4855
    4875
    5120
    4856
    4951
    4906
    4906
    4968
    4984
    5022
    4995
    4914
    4998
    5120
    5010
    5095
    5130
    5058
    5092
    5174
    5147
    5255
    5160
    5098
    5135
    5165
    5229
    5179
    5207
    5258
    5206
    5201
    5200
    5300
    5327
    5355
    5258
    5371
    5235
    5383
    5273
    5374
    5405
    5328
    5439
    5406
    5491
    5489
    5449
    5383
    5270
    5649
    5506
    5434
    5454
    5551
    5674
    5513
    5543
    5512
    5562
    5761
    5700
    5668
    5604
    5520
    5746
    5751
    5707
    5707
    5803
    5823
    5717
    5824
    5753
    5885
    5895
    5833
    5924
    5764
    5777
    5811
    6015
    6042
    5858
    5790
    6030
    5958
    5883
    5964
    6009
    6088
    5916
    6018
    6028
    5924
    5967
    6102
    6166
    6200
    6129
    6172
    6170
    6104
    6421
    6216
    6281
    6243
    6190
    6117
    6322
    6336
    6356
    6267
    6229
    6265
    6486
    6413
    6224
    6313
    6368
    6436
    6382
    6387
    6481
    6587
    6547
    6415
    6520
    6444
    6401
    6521
    6528
    6711
    6589
    6595
    6635
    6669
    6602
    6684
    6730
    6671
    6655
    6814
    6881
    6757
    6819
    6942
    6788
    6792
    6711
    6760
    6760
    6863
    6856
    6860
    6715
    6697
    7009
    6926
    6838
    7026
    7013
    7025
    7054
    7004
    7101
    7112
    7065
    7055
    7190
    7207
    7180
    7089
    7156
    7007
    7130
    7140
    7176
    7325
    7269
    7312
    7214
    7229
    7221
    7212
    7520
    7603
    7424
    7360
    7410
    7457
    7414
    7583
    7456
    7461
    7554
    7498
    7549
    7479
    7529
    7606
    7716
    7646
    7719
    7738
    7719
    7554
    7621
    7597
    7673
    7705
    7490
    7726
    7847
    7808
    7973
    7782
    7852
    7994
    7935
    7747
    7851
    7780
    8030
    7987
    8056
    8008
    7903
    7969
    8008
    8064
    8040
    8150
    8188
    8076
    8322
    8204
    8195
    8012
    8146
    8257
    8217
    8276
    8409
    8339
    8492
    8304
    8202
    8377
    8482
    8412
    8362
    8292
    8537
    8565
    8506
    8505
    8502
    8587
    8493
    8475
    8619
    8569
    8535
    8607
    8732
    8640
    8751
    8620
    8720
    8824
    8606
    8859
    8976
    8709
    8862
    8827
    8806
    8722
    8781
    9035
    8941
    8828
    9191
    8947
    9098
    9068
    8973
    9021
    8946
    9041
    8903
    8950
    9275
    9212
    9081
    9189
    9133
    9191
    9106
    9269
    9188
    9362
    9115
    9319
    9293
    9419
    9288
    9463
    9265
    9454
    9359
    9606
    9467
    9576
    9701
    9438
    9542
    9668
    9534
    9614
    9417
    9784
    9774
    9690
    9720
    9807
    9815
    9916
    9721
    9731
   10015
    9692
    9910
    9865
    9829
    9769
    9885
    9714
    9944
   10030
   10027
    9970
   10143
   10093
    9957
   10123
   10071
    9990
   10127
   10082
   10113
   10164
   10148
   10053
   10314
   10243
   10267
   10295
   10402
   10240
   10174
   10370
   10367
   10235
   10374
   10357
   10495
   10513
   10489
   10489
   10445
   10633
   10465
   10580
   10580
   10581
   10787
   10570
   10606
   10890
   10630
   10678
   10759
   10732
   10906
   10670
   10875
   10896
   10839
   10792
   10793
   11040
   10771
   11049
   10737
   10776
   10960
   11106
   10936
   10999
   11050
   11318
   11016
   11146
   10968
   11137
   11040
   11435
   11276
   11239
   11360
   11172
   11249
   11460
   11373
   11252
   11489
   11305
   11429
   11578
   11538
   11638
   11387
   11318
   11538
   11550
   11886
   11447
   11469
   11516
   11640
   11707
   11590
   11515
   11492
   11871
   11551
   11712
   11817
   11742
   12110
   11578
   11899
   11852
   11967
   11978
   12030
   11998
   12012
   12059
   12029
   12134
   11975
   12138
   11861
   12028
   12186
   12095
   12092
   12008
   12202
   12119
   12287
   12381
   12133
   12068
   12336
   12395
   12351
   12474
   12291
   12429
   12391
   12523
   12438
   12341
   12566
   12205
   12749
   12559
   12599
   12617
   12605
   12587
   12712
   12595
   12734
   12820
   12819
   12734
   12713
   12820
   12658
   12935
   12914
   12646
   12890
   12956
   12826
   12707
   12723
   12964
   12864
   12926
   12938
   13215
   13238
   13081
   13129
   13212
   13117
   13056
   12962
   13010
   13255
   13069
   13143
   13227
   13436
   13157
   13293
   13194
   13226
   13328
   13418
   13305
   13536
   13650
   13545
   13417
   13620
   13526
   13570
   13581
   13480
   13758
   13516
   13856
   13413
   13469
   13705
   13710
   13720
   13748
   13595
   13836
   13683
   13898
   13954
   13778
   13812
   14000
   13731
   13836
   13944
   13961
   13800
   13906
   14006
   14113
   14138
   14069
   13826
   14001
   14055
   14009
   14060
   14291
   13900
   14412
   14158
   14292
   14224
   14085
   14248
   14388
   14147
   14035
   14371
   14353
   14401
   14368
   14443
   14552
   14307
   14461
   14447
   14713
   14723
   14520
   14342
   14685
   14672
   14630
   14582
   14668
   14841
   14690
   14605
   14722
   14565
   14897
   14732
   14889
   14861
   14799
   14727
   14531
   14926
   14847
   14902
   14763
   15035
   14757
   14942
   15068
   14906
   15199
   14865
   14923
   14921
   15241
   15095
   15198
   15110
   15089
   15129
   15232
   15293
   15165
   15071
   15156
   15339
   15136
   15149
   15288
   15131
   15340
   15522
   15390
   15292
   15536
   15402
   15311
   15266
   15472
   15602
   15301
   15342
   15615
   15321
   15538
   15475
   15539
   15477
   15355
   15705
   15617
   15516
   15582
   15636
   15714
   15619
   15555
   15934
   15787
   15772
   15644
   15787
   15878
   15823
   15784
   15978
   15753
   15693
   15862
   15937
   15914
   15919
   16148
   15785
   16022
   16126
   16101
   15982
   16120
   15975
   16083
   16257
   16152
   16045
   16278
   16223
   15978
   16082
   16199
   15964
   16280
   16193
   16117
   16390
   16352
   16140
   16100
   16224
   16165
   16502
   16360
   16147
   16394
   16463
   16441
   16134
   16403
   16331
   16469
   16351
   16376
   16525
   16678
   16556
   16835
   16484
   16693
   16641
   16515
   16704
   16609
   16620
   16461
   16653
   16606
   16751
   16687
   16518
   16816
   16739
   16678
   16733
   16692
   16963
   16766
   16513
   16772
   16735
   16517
   17216
   16625
   16503
   16782
   16849
   16744
   16945
   16871
   16820
   16790
   16953
   17097
   16968
   16871
   16997
   16946
   17052
   16941
   16959
   16697
   16970
   16979
   16953
   16841
   16985
   17062
   16878
   17162
   17217
   16900
   16642
   17099
   17464
   17137
   17106
   17073
   17293
   17115
   17217
   16957
   17128
   17185
   17193
   17313
   17230
   17278
   17342
   17485
   17199
   17227
   17217
   17250
   17064
   17651
   17208
   17359
   17560
   17434
   17475
   17372
   17235
   17289
   17136
   17419
   17244
   17213
   17322
   17409
   17486
   17368
   17374
   17412
   17483
   17501
   17610
   17619
   17861
   17297
   17566
   17666
   17698
   17527
   17486
   17599
   17440
   17734
   17633
   17440
   17238
   17752
   17455
   17538
   17589
   17662
   17819
   17445
   17360
   17786
   17564
   17712
   17721
   17643
   17549
   17389
   17555
   17601
   17363
   17529
   17821
   17812
   17615
   17623
   17521
   17652
   17504
   17661
   17904
   17643
   17802
   17562
   17746
   17696
   17745
   17899
   17828
   17561
   17663
   17733
   17747
   17925
   17536
   17761
   17711
   17751
   17754
   17513
   17915
   17665
   17783
   17827
   17883
   17947
   17741
   17972
   17578
   17717
   17732
   17663
   17759
   17931
   17900
   17756
   17677
   17711
   18070
   17808
   17697
   17821
   17727
   17814
   17684
   17985
   17715
   17710
   17628
   17743
   17772
   17626
   17754
   17822
   17938
   18026
   17742
   17893
   17880
   17875
   17731
   17739
   17740
   17923
   17781
   17697
   17729
   18006
   17788
   17856
   17555
   17623
   17742
   17798
   17852
   17827
   17670
   17601
   17797
   17643
   17872
   18020
   17759
   17833
   17825
   17746
   17492
   17777
   17757
   17593
   17694
   17704
   17518
   17570
   17716
   17929
   17917
   17931
   17778
   17506
   17557
   17650
   17450
   17702
   17806
   17622
   17590
   17629
   17733
   17778
   17805
   17817
   17467
   17516
   17657
   17672
   17820
   17795
   17752
   17644
   17464
   17292
   17485
   17508
   17586
   17651
   17498
   17782
   17482
   17721
   17616
   17569
   17664
   17595
   17658
   17526
   17644
   17667
   17576
   17614
   17780
   17470
   17595
   17443
   17328
   17466
   17429
   17516
   17380
   17478
   17616
   17205
   17306
   17186
   17478
   17369
   17375
   17512
   17198
   17384
   17580
   17352
   17370
   17479
   17466
   17093
   17512
   17221
   17085
   17281
   17027
   17145
   17236
   17219
   17206
   17025
   17210
   17036
   16860
   17160
   17219
   17067
   16988
   17254
   17052
   17057
   16943
   17181
   17226
   16964
   16932
   16954
   16911
   16883
   16876
   16765
   17075
   16549
   16892
   17089
   16824
   16987
   16804
   16885
   16885
   16851
   16918
   16750
   16820
   16674
   16643
   16991
   16992
   16731
   16705
   16709
   16723
   16754
   16704
   16714
   16548
   16812
   16698
   16710
   16579
   16633
   16702
   16603
   16495
   16462
   16653
   16399
   16586
   16715
   16456
   16342
   16481
   16416
   16399
   16322
   16250
   16475
   16331
   16282
   16005
   16320
   16361
   16647
   16222
   16226
   15989
   16221
   16123
   16268
   16089
   15980
   16175
   15915
   16278
   16034
   15948
   15992
   15854
   16045
   15943
   15779
   15791
   15892
   16001
   15948
   15937
   15769
   15722
   16055
   15778
   15714
   15909
   15689
   15672
   15860
   15763
   15669
   15572
   15655
   15552
   15593
   15643
   15521
   15590
   15703
   15543
   15736
   15526
   15523
   15542
   15495
   15565
   15547
   15365
   15485
   15293
   15676
   15308
   15369
   15496
   15382
   15212
   15384
   15327
   15094
   15261
   15123
   15148
   15213
   15178
   15177
   14765
   15081
   15204
   15168
   15205
   14998
   15068
   15046
   14854
   14824
   14672
   14749
   14834
   14714
   14599
   14767
   14730
   14868
   14578
   14694
   14497
   14412
   14429
   14493
   14357
   14564
   14695
   14435
   14412
   14632
   14351
   14156
   14493
   14483
   14273
   14372
   14179
   14223
   14398
   14223
   14171
   14139
   14410
   14259
   14250
   14077
   14041
   13972
   14165
   13965
   14188
   13788
   14028
   13935
   13806
   13812
   13800
   13822
   13823
   13669
   13538
   13586
   13739
   13825
   13650
   13600
   13587
   13665
   13630
   13641
   13433
   13540
   13528
   13494
   13540
   13262
   13267
   13113
   13425
   13292
   13143
   13327
   13176
   13374
   13526
   13321
   12945
   13253
   12976
   13084
   13005
   12939
   12935
   13021
   12910
   12979
   12796
   13020
   12972
   12657
   12817
   12849
   12874
   12688
   12662
   12666
   12572
   12697
   12788
   12615
   12553
   12442
   12786
   12369
   12648
   12271
   12377
   12344
   12177
   12265
   12293
   12298
   12303
   12381
   12192
   12201
   12173
   12143
   12206
   12122
   11976
   11976
   12074
   12147
   12147
   11957
   11897
   11968
   11954
   11954
   11842
   11770
   11750
   11725
   11776
   11562
   11423
   11589
   11861
   11726
   11386
   11390
   11455
   11571
   11220
   11469
   11357
   11276
   11386
   11234
   11240
   11258
   11235
   11298
   11099
   10952
   11080
   11052
   10951
   11058
   11051
   10929
   10886
   10913
   10997
   10913
   10941
   10763
   10762
   10916
   10821
   10647
   10774
   10508
   10677
   10586
   10715
   10644
   10397
   10479
   10478
   10446
   10407
   10412
   10267
   10518
   10402
   10238
   10290
   10311
   10187
   10208
   10212
   10397
   10127
   10146
   10202
   10265
   10041
   10087
   10065
   10141
    9780
    9953
    9661
    9982
   10125
    9914
    9742
    9789
    9749
    9688
    9723
    9464
    9617
    9635
    9639
    9595
    9551
    9437
    9558
    9463
    9228
    9308
    9473
    9349
    9233
    9276
    9283
    9242
    9229
    9157
    9130
    9161
    8961
    9088
    9076
    9034
    8908
    8938
    9035
    8893
    8936
    8991
    8713
    8859
    8679
    8717
    8796
    8693
    8662
    8640
    8869
    8669
    8535
    8578
    8413
    8749
    8379
    8531
    8418
    8373
    8356
    8463
    8273
    8359
    8353
    8233
    8314
    8098
    8197
    8040
    8157
    8162
    8059
    8086
    7921
    8051
    8075
    7889
    7926
    7892
    7855
    7913
    7870
    7817
    7733
    7594
    7762
    7562
    7585
    7665
    7476
    7628
    7606
    7561
    7399
    7530
    7185
    7563
    7549
    7319
    7514
    7382
    7211
    7386
    7279
    7272
    7246
    7243
    7279
    7072
    7070
    7322
    7232
    7144
    7201
    6965
    6924
    6996
    6998
    7096
    6873
    6999
    6801
    6941
    6729
    6787
    6760
    6848
    6828
    6748
    6577
    6680
    6702
    6514
    6667
    6616
    6401
    6428
    6405
    6442
    6579
    6327
    6344
    6396
    6309
    6279
    6209
    6245
    6303
    6205
    6110
    6332
    6117
    6144
    6250
    5980
    6004
    5974
    5885
    6063
    6089
    6025
    5874
    5894
    5808
    5834
    5804
    5844
    5756
    5785
    5754
    5743
    5680
    5651
    5559
    5681
    5541
    5606
    5583
    5428
    5414
    5593
    5497
    5371
    5476
    5493
    5351
    5379
    5372
    5286
    5286
    5432
    5234
    5432
    5228
    5307
    5283
    5181
    5112
    5152
    5203
    5174
    5080
    5054
    4933
    4939
    4960
    4997
    4908
    4829
    4893
    4870
    4840
    4756
    4826
    4845
    4861
    4791
    4695
    4666
    4704
    4699
    4618
    4437
    4461
    4653
    4626
    4468
    4608
    4492
    4440
    4579
    4418
    4418
    4430
    4358
    4399
    4229
    4308
    4307
    4320
    4243
    4337
    4199
    4187
    4102
    4170
    4289
    4074
    4105
    4098
    4186
    4006
    4054
    4070
    3947
    4112
    3994
    3953
    3783
    3865
    3903
    3888
    3812
    3909
    3875
    3727
    3703
    3900
    3711
    3731
    3757
    3679
    3598
    3603
    3607
    3670
    3764
    3646
    3534
    3561
    3625
    3495
    3596
    3587
    3591
    3410
    3572
    3404
    3483
    3406
    3419
    3361
    3297
    3348
    3263
    3264
    3319
    3310
    3219
    3203
    3292
    3206
    3147
    3099
    3277
    3164
    3067
    3089
    3054
    3137
    3142
    2953
    3072
    3009
    3111
    3057
    2892
    2869
    2913
    2982
    2950
    2882
    2798
    2934
    2869
    2868
    2875
    2839
    2831
    2716
    2811
    2656
    2773
    2627
    2657
    2719
    2628
    2700
    2602
    2604
    2645
    2582
    2640
    2587
    2600
    2457
    2565
    2492
    2494
    2578
    2478
    2535
    2430
    2386
    2524
    2391
    2511
    2353
    2446
    2419
    2293
    2284
    2305
    2385
    2269
    2292
    2251
    2370
    2240
    2178
    2138
    2070
    2225
    2191
    2116
    2185
    2189
    2211
    2162
    2119
    2126
    2078
    2150
    2110
    1973
    2047
    2021
    1951
    2045
    2032
    1932
    1950
    2005
    1892
    1974
    1891
    1885
    1899
    1865
    1959
    1891
    1819
    1776
    1725
    1851
    1828
    1798
    1864
    1756
    1752
    1706
    1721
    1727
    1684
    1727
    1718
    1649
    1747
    1708
    1696
    1647
    1673
    1657
    1653
    1593
    1560
    1608
    1624
    1558
    1613
    1557
    1613
    1533
    1536
    1532
    1489
    1445
    1513
    1463
    1467
    1424
    1414
    1404
    1419
    1452
    1466
    1447
    1438
    1425
    1376
    1349
    1376
    1371
    1422
    1348
    1367
    1263
    1306
    1314
    1277
    1204
    1297
    1211
    1291
    1215
    1211
    1194
    1204
    1194
    1164
    1212
    1226
    1155
    1184
    1168
    1148
    1196
    1130
    1141
    1182
    1107
    1136
    1110
    1079
    1178
    1109
    1117
    1116
    1048
    1091
    1033
    1031
    1052
    1035
    1043
     989
     981
    1008
    1023
     963
     955
     950
     994
     944
     941
     949
     917
     956
     938
     905
     937
     996
     890
     885
     900
     921
     909
     866
     884
     858
     849
     764
     855
     877
     847
     864
     788
     861
     810
     772
     807
     837
     772
     820
     777
     717
     746
     804
     768
     751
     743
     780
     746
     749
     755
     743
     735
     675
     624
     736
     694
     698
     702
     676
     654
     683
     701
     682
     664
     647
     579
     653
     613
     678
     643
     610
     636
     619
     582
     605
     635
     619
     613
     603
     590
     602
     545
     561
     589
     589
     609
     550
     534
     542
     554
     572
     535
     506
     517
     539
     546
     518
     543
     537
     512
     564
     513
     477
     479
     519
     469
     474
     457
     469
     467
     470
     451
     453
     445
     472
     411
     405
     462
     453
     442
     441
     406
     439
     442
     433
     389
     434
     411
     390
     414
     430
     369
     393
     362
     407
     385
     366
     385
     347
     376
     365
     423
     380
     365
     373
     334
     368
     328
     347
     371
     352
     320
     330
     352
     309
     311
     310
     332
     336
     311
     328
     334
     330
     302
     331
     302
     301
     284
     302
     312
     301
     299
     314
     302
     276
     291
     307
     273
     268
     254
     285
     265
     261
     288
     260
     247
     281
     228
     249
     241
     261
     295
     251
     264
     243
     254
     240
     253
     249
     237
     245
     238
     239
     210
     239
     258
     218
     224
     234
     220
     204
     220
     232
     235
     220
     222
     214
     181
     199
     219
     196
     208
     220
     211
     204
     189
     194
     196
     203
     199
     197
     194
     210
     189
     202
     176
     223
     187
     181
     190
     189
     172
     181
     182
     188
     179
     169
     175
     172
     183
     188
     183
     166
     149
     155
     142
     163
     182
     166
     162
     157
     151
     168
     143
     153
     168
     159
     155
     133
     147
     147
     135
     142
     158
     147
     143
     163
     144
     131
     113
     123
     129
     149
     127
     123
     151
     134
     135
     140
     101
     115
     122
     108
     121
     121
     118
     130
     143
     136
     115
     111
     125
     121
     128
     132
     112
     124
     137
     107
     119
     133
     113
     114
     116
     111
     115
     126
     106
     102
     111
     125
      94
     125
     111
      86
     118
      96
      87
     121
     106
     104
      93
      88
      91
      92
      93
     113
      72
      97
      85
      87
      87
     100
     100
      99
      99
      92
      86
      81
      94
     103
      81
      89
      87
      97
      89
      95
      92
      96
     103
      77
      95
      75
      81
      93
      71
      70
      76
      71
      71
      79
      77
     103
      75
      93
      85
      88
      72
      81
      74
      87
      70
      77
      72
      66
      84
      66
      63
      70
      89
      65
      68
      78
      65
      77
      74
      72
      67
      72
      71
      72
      70
      66
      71
      66
      67
      70
      62
      73
      55
      50
      55
      59
      63
      72
      68
      69
      65
      51
      73
      67
      50
      59
      62
      68
      68
      62
      61
      65
      56
      65
      54
      63
      66
      72
      71
      53
      64
      58
      65
      54
      55
      63
      57
      50
      67
      62
      65
      61
      68
      56
      68
      50
      55
      59
      69
      60
      57
      48
      68
      46
      49
      48
      53
      61
      33
      65
      44
      62
      54
      60
      58
      52
      65
      48
      54
      48
      47
      59
      54
      52
      45
      35
      45
      51
      54
      45
      55
      56
      54
      42
      63
      45
      44
      48
      66
      46
      49
      41
      60
      49
      49
      40
      50
      63
      59
      46
      43
      60
      41
      49
      45
      39
      48
      43
      46
      45
      50
      39
      55
      45
      54
      46
      42
      45
      47
      34
      54
      42
      52
      40
      56
      49
      49
      48
      48
      55
      39
      38
      44
      43
      49
      51
      63
      39
      40
      47
      48
      48
      54
      51
      43
      57
      56
      42
      35
      39
      34
      51
      52
      48
      46
      61
      39
      50
      43
      36
      35
      39
      42
      51
      45
      48
      37
      40
      38
      42
      58
      34
      45
      43
      42
      42
      39
      41
      40
      39
      51
      47
      36
      37
      43
      38
      49
      48
      44
      40
      38
      41
      51
      48
      41
      42
      33
      35
      34
      36
      35
      43
      53
      29
      45
      39
      54
      49
      34
      32
      41
      25
      40
      52
      36
      33
      34
      39
      46
      35
      48
      43
      48
      46
      36
      45
      45
      41
      36
      50
      32
      34
      42
      36
      38
      43
      49
      42
      42
      39
      34
      37
      48
      49
      39
      35
      37
      36
      33
      35
      45
      44
      31
      35
      50
      42
      33
      47
      37
      42
      39
      32
      49
      43
      37
      37
      37
      47
      51
      52
      42
      34
      43
      51
      34
      44
      32
      33
      45
      32
      40
      42
      35
      48
      30
      46
      32
      48
      33
      31
      27
      33
      36
      37
      42
      46
      33
      34
      36
      40
      41
      31
      43
      34
      41
      50
      34
      44
      32
      40
      43
      43
      43
      40
      54
      28
      37
      34
      44
      37
      46
      53
      35
      30
      52
      34
      38
      37
      43
      30
      43
      45
      30
      44
      34
      43
      37
      49
      40
      38
      35
      47
      39
      27
      33
      40
      34
      36
      42
      37
      40
      37
      50
      39
      44
      51
      52
      34
      38
      47
      40
      38
      33
      37
      35
      31
      40
      35
      36
      36
      36
      35
      38
      45
      36
      34
      28
      49
      43
      37
      43
      43
      41
      35
      36
      41
      42
      40
      46
      41
      27
      41
      33
      38
      41
      31
      37
      42
      33
      50
      42
      33
      43
      41
      40
      30
      46
      42
      37
      49
      35
      48
      31
      32
      45
      39
      42
      39
      31
      28
      36
      39
      44
      48
      43
      43
      30
      45
      42
      34
      35
      48
      31
      49
      43
      56
      42
      39
      44
      35
      46
      36
      42
      46
      54
      34
      38
      32
      30
      37
      34
      41
      38
      31
      44
      41
      36
      26
      26
      39
      55
      41
      45
      32
      39
      52
      49
      40
      43
      49
      48
      36
      30
      30
      46
      41
      52
      33
      47
      35
      37
      51
      37
      49
      44
      40
      35
      34
      38
      40
      51
      47
      43
      47
      45
      41
      41
      40
      44
      30
      43
      34
      40
      42
      42
      41
      44
      56
      43
      34
      36
      48
      44
      30
      46
      40
      53
      32
      43
      44
      34
      42
      47
      38
      55
      41
      40
      41
      39
      40
      44
      47
      47
      47
      42
      49
      30
      33
      35
      48
      45
      47
      44
      42
      48
      29
      39
      40
      39
      30
      48
      36
      47
      33
      45
      37
      29
      41
      36
      37
      40
      31
      31
      46
      30
      36
      45
      49
      37
      40
      38
      39
      31
      39
      37
      36
      38
      36
      51
      28
      35
      35
      28
      32
      34
      50
      33
      38
      27
      31
      31
      40
      43
      44
      37
      45
      37
      42
      24
      31
      33
      31
      25
      27
      34
      37
      34
      28
      27
      38
      39
      34
      28
      33
      24
      31
      31
      31
      30
      27
      23
      32
      33
      28
      26
      34
      35
      32
      35
      37
      27
      31
      22
      31
      29
      22
      20
      33
      32
      38
      25
      31
      44
      29
      31
      30
      32
      24
      30
      32
      23
      35
      33
      38
      27
      29
      33
      29
      33
      28
      29
      30
      27
      25
      37
      33
      27
      25
      30
      23
      32
      36
      20
      30
      30
      23
      19
      25
      21
      26
      30
      27
      30
      25
      23
      22
      30
      29
      31
      37
      21
      32
      28
      23
      36
      31
      13
      27
      21
      31
      36
      17
      24
      29
      19
      21
      28
      32
      32
      30
      31
      29
      24
      22
      23
      34
      22
      26
      28
      20
      34
      31
      34
      27
      22
      29
      32
      30
      26
      35
      22
      25
      29
      27
      33
      17
      22
      32
      22
      24
      25
      30
      34
      22
      21
      22
      28
      26
      27
      29
      24
      24
      31
      24
      26
      35
      17
      29
      20
      20
      14
      20
      29
      22
      22
      13
      29
      26
      20
      27
      34
      27
      27
      26
      25
      21
      21
      28
      19
      21
      22
      24
      22
      24
      27
      25
      27
      31
      21
      21
      27
      24
      21
      25
      27
      24
      22
      31
      21
      20
      31
      32
      30
      25
      28
      24
      24
      29
      32
      25
      22
      21
      26
      30
      19
      26
      26
      15
      22
      22
      20
      18
      25
      22
      25
      28
      24
      28
      32
      26
      20
      14
      34
      24
      26
      25
      22
      22
      24
      25
      15
      25
      19
      27
      27
      29
      28
      19
      32
      25
      18
      30
      31
      25
      26
      22
      20
      33
      26
      35
      20
      21
      20
      24
      25
      22
      24
      16
      26
      32
      24
      28
      24
      30
      24
      26
      21
      23
      26
      25
      30
      22
      15
      26
      31
      31
      24
      26
      26
      28
      26
      31
      31
      19
      28
      28
      24
      27
      28
      21
      23
      31
      33
      30
      26
      25
      32
      24
      28
      23
      26
      16
      25
      24
      27
      24
      22
      16
      26
      30
      15
      18
      31
      26
      30
      30
      22
      23
      31
      22
      33
      20
      28
      26
      28
      40
      22
      20
      24
      21
      29
      25
      26
      25
      29
      36
      29
      18
      22
      22
      21
      34
      20
      25
      18
      26
      18
      30
      20
      24
      34
      33
      20
      29
      22
      33
      26
      20
      24
      25
      22
      22
      21
      27
      18
      23
      27
      26
      30
      25
      30
      30
      25
      26
      23
      18
      22
      32
      19
      29
      19
      23
      20
      19
      26
      24
      30
      14
      30
      29
      26
      24
      27
      18
      32
      22
      28
      34
      26
      18
      31
      27
      24
      21
      18
      15
      29
      28
      30
      36
      21
      15
      23
      21
      23
      21
      29
      32
      34
      30
      31
      18
      21
      26
      24
      22
      15
      22
      30
      22
      28
      32
      22
      20
      21
      20
      31
      24
      26
      18
      26
      19
      20
      23
      18
      19
      34
      22
      28
      21
      29
      26
      18
      29
      23
      22
      20
      31
      12
      31
      25
      23
      20
      17
      26
      32
      23
      26
      30
      21
      33
      20
      18
      18
      24
      22
      30
      22
      19
      33
      22
      29
      21
      15
      31
      32
      19
      24
      33
      27
      25
      30
      28
      43
      19
      24
      18
      25
      32
      24
      16
      23
      19
      22
      20
      31
      22
      19
      16
      21
      30
      16
      23
      27
      23
      23
      30
      21
      25
      20
      20
      16
      34
      25
      30
      15
      22
      24
      26
      28
      20
      27
      19
      23
      30
      23
      25
      21
      27
      28
      31
      19
      18
      15
      27
      23
      22
      20
      25
      27
      40
      21
      30
      26
      29
      23
      25
      20
      17
      24
      17
      18
      15
      28
      19
      24
      22
      21
      24
      26
      36
      24
      17
      26
      19
      24
      24
      23
      19
      21
      26
      37
      32
      25
      31
      14
      22
      31
      21
      20
      25
      31
      24
      23
      21
      31
      24
      22
      16
      32
      24
      18
      26
      18
      20
      21
      25
      25
      21
      18
      15
      26
      22
      22
      20
      35
      27
      24
      27
      21
      23
      24
      25
      21
      26
      23
      21
      19
      22
      22
      22
      27
      24
      21
      22
      25
      24
      21
      19
      15
      15
      16
      16
      16
      22
      31
      25
      30
      16
      18
      32
      23
      23
      21
      31
      23
      25
      18
      27
      21
      21
      24
      15
      32
      22
      17
      15
      26
      20
      26
      22
      13
      16
      30
      21
      23
      22
      24
      21
      20
      24
      17
      19
      19
      25
      21
      26
      18
      21
      23
      23
      28
      24
      27
      16
      26
      24
      17
      24
      27
      24
      20
      30
      24
      20
      20
      30
      28
      18
      23
      17
      23
      17
      31
      20
      25
      23
      21
      22
      24
      24
      27
      19
      19
      25
      20
      23
      18
      23
      28
      26
      27
      23
      14
      15
      24
      27
      27
      23
      23
      16
      16
      28
      18
      25
      20
      20
      24
      20
      19
      15
      20
      27
      25
      16
      29
      20
      20
      10
      26
      22
      24
      27
      14
      17
      14
      19
      28
      24
      21
      24
      18
      20
      17
      17
      30
      24
      19
      23
      12
      31
      14
      20
      27
      16
      22
      18
      23
      26
      22
      19
      12
      21
      19
      18
      21
      16
      21
      29
      24
      22
      26
      17
      19
      24
      22
      24
      24
      18
      21
      17
      22
      14
      18
      25
      24
      22
      30
      13
      27
      25
      22
      20
      16
      19
      19
      28
      15
      24
      15
      24
      15
      18
      22
      24
      13
      20
      20
      25
      25
      25
      17
      18
      20
      20
      19
      25
      18
      24
      12
      20
      20
      16
      28
      20
      24
      17
      22
      15
      15
      27
      28
      27
      21
      24
      22
      23
      14
      21
      16
      16
      20
      24
      16
      12
      22
      27
      24
      15
      14
      18
      20
      22
      25
      28
      29
      17
      15
      18
      21
      18
      20
      26
      14
      31
      21
      28
      29
      30
      23
      23
      25
      16
      20
      28
      20
      13
      20
      30
      10
      19
      17
      10
      11
      21
      25
      23
      21
      16
      26
      17
      13
      19
      26
      24
      19
      19
      23
      19
      12
      17
      19
      26
      13
      13
      25
      24
      20
      21
      19
      12
      14
      16
      18
      18
      22
      18
      16
      20
      11
      21
      25
      18
      24
      11
      23
      20
      16
      19
      18
      13
      14
      19
      14
      14
      15
      12
      11
      14
      25
      15
      11
      23
      19
      15
      20
      20
      18
      22
      25
      20
      19
      12
      23
      14
      19
      23
      12
      12
      13
      15
      28
      22
      19
      26
      16
      20
      18
      19
      25
      25
      19
      22
      16
      18
      25
      19
      20
      25
      17
      22
      11
      14
      17
      15
      15
      17
      22
      24
      12
      13
      14
      21
       8
      19
      17
      19
      17
      10
      16
      17
      14
      25
      12
      11
      22
      13
      18
      14
      18
      17
      15
      16
      24
      10
      15
      15
      19
      13
      12
      17
      16
      22
      15
      18
      22
      19
      17
      24
      17
      21
       7
      14
      16
      16
      14
      19
      20
      13
      18
      10
      14
      24
      15
      11
      14
      16
      19
      17
      19
      18
      13
      21
      23
      20
      20
      15
      22
      17
      19
      17
      14
      14
      12
      26
      16
      13
      17
      27
      11
      10
      15
      12
      16
      15
      18
      25
      15
      13
      13
      11
      13
      13
      19
      13
       9
      15
      18
      14
      10
      18
      20
      16
      17
      11
      17
      18
      23
      12
      19
      19
      12
      22
       9
      16
      17
      17
      15
      17
      20
      16
      15
      12
      10
      15
      11
      12
      12
      12
      13
      25
      14
      18
      16
      17
      14
      17
      21
      18
      20
      20
      17
      18
      19
      18
      13
      24
      14
      11
      10
      11
      13
      11
      12
      11
      15
      15
      13
      17
      13
      16
      11
      16
      15
      12
      18
      12
      14
      13
      12
      15
      14
      13
      11
      17
      22
      16
      14
      14
      11
       9
       9
       9
      19
      15
      22
       9
      11
      13
       8
      15
      14
      14
      15
      21
      17
      16
      14
      18
      14
      10
       7
      19
       7
      12
      17
      13
      16
      14
      13
      12
      11
      13
      19
      16
      10
      16
      14
       8
      18
      19
      15
      10
      21
      15
      15
      19
       8
      12
      15
      13
      15
      14
      15
      13
      18
      18
      19
       8
      13
      11
      10
      17
      19
      15
      16
      13
      15
      16
      12
      14
      11
      14
      18
       9
      13
      15
      17
      16
      16
      10
      10
      13
       8
      10
      16
      11
      22
      12
      11
      17
      14
       8
       9
      17
       9
      12
      10
       8
      14
      16
      17
      12
      17
      18
      12
      12
      14
       6
       9
      12
      11
      17
       8
      22
      14
       8
      14
      12
      11
       9
      16
      12
      15
      16
      10
      16
      13
      11
      18
      15
      15
      14
      18
       7
      12
       6
       9
      10
      13
      12
      11
      12
       6
       8
      14
      16
      19
      13
       9
      10
       6
       8
      13
      20
      14
      13
      16
      10
       9
       8
      11
      15
      15
      13
      14
       3
      12
      12
       6
      12
      14
      12
      12
       9
       6
       7
       4
      19
      11
      14
       5
       6
      12
      11
       8
      11
      11
      12
       9
      12
      11
      14
      12
      13
       8
      11
      12
      15
      11
      11
      15
      14
      13
       7
       9
      13
       5
      10
       8
       7
      13
      11
      13
       9
      15
       6
       6
       5
      17
      10
      10
       5
       5
      10
      16
       7
      10
       8
      13
       8
      17
       9
      13
      17
      14
       4
       7
      10
      12
      11
       8
       8
      10
      10
       9
      11
      10
       4
       8
       9
      15
       6
      19
      11
      10
      12
       9
      14
      15
      12
      10
      12
      10
      13
       9
       8
      11
       6
       7
      11
      13
       7
      11
       9
       5
       6
      10
      14
      14
       8
      14
      12
      10
      11
       3
       9
       8
      12
       6
      12
       5
      10
      11
      10
      12
      13
      11
       7
       9
       9
       4
       6
       6
       7
      14
       3
      15
      10
       9
       9
      10
      10
       8
       5
       6
       7
      13
       4
       5
       6
      13
       9
       8
      15
       7
       4
       7
       7
      13
      13
      10
       8
      12
      11
      10
       7
      11
       6
      13
       3
       6
       7
      11
      12
       7
       8
      12
      13
       7
       4
       6
       7
       9
       6
       7
       8
       4
       6
       6
       9
      10
       9
       4
      11
       7
       8
      12
       8
       8
       2
       5
       5
      10
       4
       9
       7
       8
       4
       5
       9
       7
       9
       7
       7
       8
       7
       7
       8
       6
      12
       9
      10
       4
       8
       9
       8
       8
       6
       5
      11
       6
       6
       9
      14
       7
       5
       5
       7
       7
       6
       4
       8
       6
       8
       9
       1
       5
       1
       8
       9
       8
      13
       7
       5
      12
       5
       7
      12
       5
      12
      10
      11
       9
       4
       2
       2
       9
       7
       6
       7
       5
      10
       8
       5
       3
       5
       7
      11
       8
       6
       6
      10
       5
       4
       2
       3
       8
       7
       8
       2
       8
       5
       9
       8
       5
      10
       7
       5
       3
       4
       1
       9
      10
       7
       3
       6
       7
       5
       7
       7
       6
       6
       4
       7
      10
       6
       9
       7
       6
       6
       6
       8
       2
       8
       6
      11
       5
       5
       6
       9
       5
       6
       5
       4
       3
       7
       8
       2
       3
       5
       6
      12
       6
       3
       5
       4
       7
       5
       6
       8
       8
       6
       8
      12
       2
       3
       7
       5
       5
       7
       4
       2
       5
       3
       7
       4
       8
       6
       2
       3
       2
       6
       5
       7
       5
       6
       4
      10
       3
       7
       6
       7
       4
       7
       1
       7
       7
       8
       5
       3
       7
       4
       8
       8
       4
       1
       2
       6
       5
       0
       5
       8
       5
       6
       6
       6
       5
       0
       5
       2
       3
       2
       7
       4
       5
       4
       4
       2
       3
       8
       3
       5
       5
       5
       5
       4
       4
       2
       3
       2
       5
       4
       5
       4
       3
       6
       6
       5
       6
       4
       5
       6
       4
       6
       4
       7
       6
       3
       5
       3
       1
       4
       5
       5
       0
       0
       4
       7
       4
       3
       3
       3
       3
       3
       6
       5
       3
       4
       3
       2
       5
       5
       8
       3
       7
       6
       4
       2
       8
       3
       1
       3
       2
       4
       4
       2
       3
       9
       5
       5
       3
       0
       1
       2
       6
       6
       4
       8
       4
       2
       3
       6
       1
       2
       5
       4
       6
       6
       3
       5
       4
       4
       1
       2
       8
       3
       5
       3
       1
       3
       5
       3
       2
       2
       2
       2
       5
       1
       3
       2
       3
       3
       8
       7
       4
       2
       1
       4
       4
       1
       3
       2
       5
       1
       5
       4
       3
       0
       8
       3
       2
       1
       4
       1
       3
       3
       0
       3
       0
       5
       3
       0
       3
       3
       4
       4
       3
      10
       7
       1
       0
       5
       0
       2
       0
       0
       8
       2
       1
       5
       1
       0
       3
       3
       2
       2
       1
       0
       3
       1
       3
       2
       3
       2
       3
       4
       2
       0
       4
       1
       5
       3
       4
       2
       2
       3
       3
       1
       4
       3
       2
       2
       3
       5
       0
       2
       3
       1
       2
       6
       2
       2
       6
       2
       3
       2
       2
       3
       2
       2
       3
       4
       4
       3
       0
       3
       1
       5
       1
       4
       2
       2
       3
       3
       5
       1
       1
       3
       6
       3
       2
       1
       2
       4
       1
       2
       2
       1
       5
       1
       1
       2
       2
       2
       1
       1
       4
       2
       1
       3
       3
       2
       0
       1
       1
       5
       1
       1
       1
       2
       2
       4
       2
       2
       5
       1
       1
       4
       3
       5
       2
       2
       1
       1
       0
       2
       2
       3
       0
       0
       1
       0
       0
       3
       3
       1
       3
       2
       1
       1
       1
       2
       2
       3
       1
       0
       2
       3
       4
       3
       2
       4
       0
       2
       1
       5
       0
       1
       5
       4
       0
       0
       1
       1
       4
       2
       0
       2
       5
       2
       1
       2
       0
       3
       0
       0
       5
       1
       4
       3
       3
       1
       2
       1
       1
       1
       2
       2
       1
       1
       0
       3
       2
       1
       0
       1
       1
       1
       3
       3
       1
       2
       0
       0
       1
       1
       1
       0
       1
       2
       4
       5
       3
       0
       1
       3
       1
       1
       0
       0
       0
       0
       2
       2
       3
       4
       3
       2
       3
       1
       0
       3
       1
       1
       2
       2
       1
       1
       4
       2
       1
       2
       1
       2
       0
       2
       0
       0
       1
       0
       2
       0
       3
       0
       2
       1
       2
       3
       0
       1
       0
       1
       2
       2
       1
       0
       1
       2
       3
       0
       1
       2
       0
       2
       5
       1
       0
       3
       0
       1
       2
       2
       0
       1
       1
       1
       1
       0
       1
       0
       2
       2
       1
       0
       1
       1
       2
       1
       0
       1
       2
       0
       2
       0
       0
       1
       0
       1
       0
       2
       0
       2
       1
       1
       0
       3
       0
       2
       1
       1
       0
       2
       0
       1
       1
       1
       0
       3
       3
       0
       0
       1
       0
       0
       0
       1
       2
       0
       5
       0
       1
       1
       2
       2
       1
       0
       1
       0
       2
       1
       2
       1
       0
       0
       1
       1
       2
       2
       1
       1
       2
       0
       0
       0
       2
       0
       2
       1
       2
       2
       1
       0
       2
       0
       0
       0
       0
       0
       0
       0
       4
       1
       1
       1
       2
       0
       0
       0
       0
       0
       2
       0
       1
       0
       0
       1
       2
       0
       0
       2
       1
       1
       0
       0
       0
       0
       1
       3
       0
       0
       1
       3
       0
       0
       1
       0
       0
       2
       3
       0
       0
       0
       1
       0
       0
       0
       0
       1
       1
       2
       1
       1
       0
       0
       1
       0
       0
       1
       0
       2
       2
       2
       0
       0
       4
       0
       1
       1
       0
       1
       0
       1
       0
       0
       1
       1
       1
       1
       0
       0
       0
       1
       1
       2
       0
       0
       0
       0
       1
       0
       0
       0
       0
       0
       0
       2
       1
       0
       0
       1
       2
       0
       0
       0
       0
       1
       0
       1
       1
       0
       1
       1
       0
       0
       0
       0
       0
       0
       1
       0
       0
       0
       0
       0
       0
       1
       1
       0
       0
       0
       0
       1
       1
       0
       0
       2
       1
       0
       0
       0
       1
       0
       1
       0
       0
       2
       0
       0
       1
       0
       0
       0
       0
       0
       2
       0
       0
       0
       0
       1
       1
       1
       1
       2
       0
       1
       0
       1
       1
       1
       1
       1
       0
       0
       1
       0
       0
       0
       1
       0
       0
       0
       0
       0
       0
       0
       0
       1
       1
       0
       0
       1
       0
       1
       1
       0
       0
       0
       1
       1
       0
       0
       2
       1
       0
       0
       0
       1
       0
       0
       1
       0
       1
       0
       0
       3
       0
       0
       0
       0
       1
       0
       0
       0
       0
       0
       0
       3
       0
       1
       0
       0
       1
       0
       0
       1
       0
       0
       0
       0
       1
       1
       1
       1
       0
       0
       0
       0
       0
       0
       0
       0
       0
       0
       0
       1
       1
       0
       0
       1
       1
       1
       0
       0
       1
       0
       1
       0
       0
       0
       0
       0
       1
       0
       0
       0
       0
       2
       0
       0
       0
       0
       1
       0
       0
       0
       0
       0
       0
       0
       1
       0
       0
       0
       0
       0
       0
       1
       0
       0
       0
       0
       0
       0
       0
       1
       0
       1
       1
       0
       0
       1
       0
       0
       0
       0
       0
       0
       0
       0
       0
       0
       0
       0
       0
       0
       0
       0
       0
       0
       1
       0
       0
       0
       0
       0
       0
       1
       0
       0
       0
       0
       0
       0
       0
       0
       0
       0
       0
       2
       0
       0
       0
       0
       0
       0
       0
       0
       0
       0
       2
       0
       0
       1
       0
       0
       0
       0
       1
       0
       0
       0
       0
       0
       0
       0
       0
       0
       0
       0
       0
       0
       0
       0
       0
       0
       1
       0
       0
       0
       0
       0
       0
       0
       1
       0
       0
       1
       0
       0
       0
       0
       0
       0
       0
       1
       0
       0
       0
       0
       0
       1
       1
       0
       1
       0
       0
       0
       0
       0
       0
       0
       0
       2
       0
       0
       0
       0
       0
       0
       0
       0
       0
       0
       0
       0
       0
       1
       0
       0
       0
       0
       1
       0
       0
       1
       0
       0
       0
       0
       0
       0
       0
       1
       1
       0
       0
       1
       0
       0
       0
       0
       0
       0
       0
       1
       0
       0
       0
       1
       0
       0
       0
       0
       0
       0
       0
       0
       0
       0
       0
       0
       0
       0
       0
       1
       1
       1
       0
       0
       0
       0
       0
       0
       0
       0
       0
       0
       0
       1
       0
       0
       0
       0
       0
       0
       0
       0
       0
       0
       0
       0
       0
       0
       0
       1
       0
       0
       0
       0
       0
       0
       0
       0
       0
       0
       0
       0
       0
       0
       0
       0
       0
       0
       0
       0
       0
       0
       0
       0
       0
       0
       0
       0
       0
       0
       0
       0
       0
       1
       1
       0
       1
       0
       0
       1
       0
       0
       0
       0
       0
       0
       0
       0
       1
       0
       0
       0
       0
       0
       0
       0
       0
       0
       0
       0
       0
       0
       0
       0
       1
       0
       1
       1
       0
       0
       0
       0
       0
       0
       0
       0
       0
       1
       1
       0
       0
       0
       0
       0
       0
       0
       0
       0
       0
       0
       0
       0
       0
       0
       0
       0
       0
       0
       0
       0
       1
       0
       0
       0
       0
       0
       0
       0
       1
       0
       0
       0
       0
       0
       0
       0
       0
       0
       0
       0
       0
       0
       1
       0
       0
       0
       0
       0
       0
       0
       0
       0
       0
       0
       0
       1
       0
       0
       0
       0
       0
       0
       0
       0
       0
       0
       0
       0
       0
       0
       0
       0
       0
       1
       0
       0
       0
       1
       0
       0
       0
       0
       0
       0
       0
       0
       0
       0
       0
       0
       0
       0
       0
       0
       0
       0
       0
       0
       0
       1
       0
       0
       0
       0
       0
       0
       0
       0
       0
       0
       0
       0
       0
       0
       0
       0
       0
       0
       0
       0
       0
       0
       0
       0
       0
       0
       0
       0
       0
       0
       0
       0
       0
       0
       0
       0
       0
       0
       0
       0
       0
       0
       0
       0
       0
       0
       0
       0
       0
       0
       0
       0
       0
       0
       0
       0
       0
       0
       0
       0
       0
       0
       0
       0
       0
       0
       0
       0
       0
       0
       0
       0
       0
       0
       0
       0
       0
       0
       0
       0
       0
       0
       0
       0
       0
       0
       0
       0
       0
       0
       0
       0
       0
       0
       0
       0
       0
       0
       0
       0
       0
       0
       0
       0
       0
       0
       0
       0
       0
       0
       0
       0
       0
       0
       0
       0
       0
       0
       0
       0
       0
       0
       0
       0
       0
       0
       0
       0
       0
       0
       0
       0
       0
       0
       0
       0
       0
       0
       0
       0
       0
       0
       0
       0
$ROI:
3
6725 6813
6948 7045
7244 7256
$PRESETS:
None
0
0
$ENER_FIT:
-0.000074 0.728814
$MCA_CAL:
3
-7.366740E-005 7.288145E-001 -2.624510E-006 keV
$SHAPE_CAL:
3
0.000000E+000 0.000000E+000 0.000000E+000
