$SPEC_ID:
No sample description was entered.
$SPEC_REM:
DET# 1
DETDESC# PPF18-07 Easy-MCA-8k SN 14274550
AP# Maestro Version 7.01
$DATE_MEA:
11/23/2022 17:08:09
$MEAS_TIM:
37290 59492
$DATA:
0 8191
       0
       0
       0
       0
       0
       0
       0
       0
       0
       0
       0
       0
       0
       0
       0
       0
       0
       0
       0
       0
       0
       0
       0
       1
      16
   40489
 2712327
55633748
 3994073
  361941
  463052
  634274
  849550
 1055206
 1153923
 1079752
  869279
  641543
  474596
  368167
  297946
  242136
  196362
  157271
  122396
   94600
   71623
   53816
   40621
   30668
   23532
   18389
   15001
   12465
   10664
    9757
    8734
    8466
    8143
    7729
    7582
    7303
    7107
    6840
    6203
    5954
    5482
    4940
    4410
    3954
    3459
    3241
    2740
    2460
    2157
    2012
    1784
    1743
    1511
    1510
    1432
    1328
    1369
    1339
    1279
    1329
    1284
    1236
    1242
    1235
    1185
    1217
    1160
    1139
    1074
    1071
    1057
    1010
    1011
     947
     939
     923
     833
     838
     841
     861
     852
     778
     854
     795
     809
     823
     789
     797
     764
     771
     739
     759
     793
     733
     754
     747
     766
     737
     744
     722
     700
     755
     759
     757
     763
     746
     748
     703
     739
     731
     804
     746
     782
     791
     775
     735
     686
     774
     721
     775
     735
     724
     741
     753
     694
     790
     773
     684
     767
     806
     716
     732
     750
     737
     737
     736
     739
     703
     740
     771
     771
     773
     775
     772
     800
     720
     727
     775
     740
     762
     734
     774
     762
     737
     682
     765
     772
     736
     727
     733
     749
     737
     749
     742
     749
     776
     814
     787
     800
     779
     788
     765
     838
     801
     776
     830
     778
     783
     817
     763
     791
     758
     811
     775
     787
     779
     783
     789
     754
     724
     751
     830
     772
     786
     809
     786
     759
     771
     836
     737
     809
     781
     829
     797
     767
     756
     811
     815
     805
     817
     801
     767
     787
     782
     802
     761
     808
     785
     766
     759
     814
     794
     813
     843
     793
     827
     780
     774
     862
     819
     828
     813
     814
     789
     816
     809
     783
     849
     829
     806
     825
     840
     813
     838
     831
     808
     802
     817
     824
     783
     854
     819
     779
     793
     792
     825
     849
     830
     829
     871
     865
     824
     857
     866
     855
     850
     884
     815
     859
     805
     847
     882
     840
     850
     809
     891
     897
     875
     822
     872
     802
     883
     902
     873
     888
     880
     881
     854
     882
     867
     881
     882
     938
     823
     805
     876
     893
     833
     846
     867
     873
     896
     850
     864
     899
     870
     904
     893
     848
     887
     951
     853
     875
     927
     980
     901
     887
     916
     894
     889
     936
     867
     918
     894
     907
     877
     898
     870
     880
     902
     909
     936
     875
     938
     904
     907
     915
     913
     925
     908
     944
     875
     952
     885
     947
     948
     968
     926
     940
     924
     927
     950
     905
     977
     949
     926
     896
     979
     964
     914
     943
     950
     943
     962
     931
     970
     922
    1001
     912
     987
    1002
    1002
     947
     946
     968
     975
    1004
     938
     969
     965
     963
     957
    1033
     983
    1003
    1022
    1014
    1021
     974
    1035
     961
    1010
    1013
    1005
     974
    1052
     967
     990
     980
     971
    1053
    1041
    1047
    1043
    1022
    1001
     997
    1054
     991
    1046
    1048
     940
    1064
     943
    1016
     986
    1010
    1041
     979
    1051
    1008
    1083
    1056
    1038
    1040
    1085
    1071
    1003
    1006
    1003
    1038
    1036
    1011
    1021
    1021
    1039
    1025
    1085
    1064
     974
    1060
    1051
    1065
    1071
    1039
    1100
    1052
    1091
    1002
    1107
    1067
    1038
    1037
    1137
    1081
    1116
    1086
    1091
    1076
    1023
    1124
    1064
    1174
    1080
    1069
    1131
    1089
    1090
    1079
    1114
    1110
    1111
    1107
    1126
    1139
    1101
    1157
    1134
    1140
    1087
    1128
    1148
    1119
    1106
    1143
    1149
    1106
    1142
    1138
    1115
    1111
    1157
    1142
    1182
    1135
    1130
    1162
    1150
    1183
    1182
    1123
    1128
    1188
    1133
    1250
    1170
    1167
    1207
    1199
    1177
    1104
    1192
    1218
    1094
    1139
    1228
    1164
    1179
    1187
    1204
    1184
    1254
    1202
    1229
    1227
    1238
    1142
    1148
    1174
    1168
    1186
    1253
    1248
    1194
    1166
    1155
    1215
    1205
    1215
    1199
    1225
    1228
    1240
    1249
    1181
    1233
    1187
    1260
    1264
    1215
    1243
    1245
    1198
    1269
    1341
    1286
    1261
    1333
    1275
    1301
    1260
    1313
    1290
    1306
    1294
    1260
    1327
    1288
    1315
    1288
    1268
    1298
    1356
    1299
    1285
    1365
    1323
    1309
    1345
    1349
    1337
    1345
    1338
    1296
    1297
    1300
    1260
    1329
    1377
    1378
    1295
    1396
    1297
    1345
    1330
    1344
    1337
    1341
    1326
    1317
    1428
    1416
    1354
    1339
    1377
    1312
    1413
    1413
    1348
    1402
    1395
    1398
    1389
    1436
    1395
    1380
    1335
    1329
    1380
    1444
    1394
    1372
    1381
    1437
    1458
    1399
    1421
    1417
    1448
    1487
    1441
    1457
    1422
    1384
    1461
    1444
    1475
    1435
    1430
    1401
    1430
    1464
    1472
    1447
    1483
    1415
    1493
    1549
    1458
    1485
    1492
    1520
    1488
    1458
    1527
    1560
    1576
    1513
    1445
    1509
    1466
    1561
    1499
    1506
    1534
    1456
    1471
    1506
    1530
    1512
    1534
    1485
    1531
    1471
    1532
    1482
    1550
    1566
    1551
    1563
    1538
    1622
    1506
    1573
    1596
    1570
    1585
    1518
    1588
    1537
    1566
    1547
    1617
    1458
    1619
    1568
    1589
    1609
    1649
    1539
    1597
    1620
    1662
    1610
    1572
    1638
    1591
    1606
    1656
    1602
    1610
    1638
    1611
    1641
    1608
    1605
    1571
    1622
    1621
    1647
    1669
    1603
    1725
    1685
    1678
    1619
    1646
    1653
    1698
    1690
    1674
    1592
    1765
    1665
    1654
    1702
    1725
    1684
    1708
    1671
    1836
    1673
    1722
    1686
    1737
    1667
    1746
    1694
    1749
    1801
    1731
    1834
    1734
    1822
    1750
    1791
    1747
    1779
    1821
    1799
    1704
    1775
    1792
    1903
    1743
    1721
    1805
    1788
    1740
    1836
    1784
    1758
    1844
    1849
    1864
    1856
    1874
    1867
    1781
    1883
    1808
    1889
    1896
    1841
    1845
    1881
    1799
    1859
    1824
    1915
    1874
    1819
    1815
    1972
    1841
    1855
    1893
    1863
    1897
    1976
    1852
    1867
    1960
    1891
    1939
    1951
    2006
    1959
    1942
    1912
    1939
    1921
    1905
    1890
    2029
    2000
    1945
    2034
    1939
    1923
    1978
    1929
    1962
    2003
    1997
    1929
    1979
    2045
    1975
    1947
    1992
    2005
    2097
    2009
    1992
    2004
    2079
    2091
    1979
    2030
    2003
    2060
    2150
    2066
    2071
    2065
    2123
    2075
    2137
    2060
    1987
    1999
    2009
    2091
    2074
    2102
    2026
    1978
    2110
    2139
    2095
    2115
    2160
    2080
    2080
    2184
    2212
    2189
    2082
    2121
    2205
    2121
    2047
    2173
    2152
    2175
    2189
    2153
    2198
    2175
    2297
    2208
    2235
    2294
    2277
    2292
    2245
    2199
    2183
    2220
    2207
    2269
    2326
    2257
    2216
    2190
    2286
    2331
    2210
    2358
    2234
    2243
    2226
    2293
    2266
    2298
    2334
    2300
    2337
    2305
    2367
    2338
    2322
    2266
    2417
    2372
    2284
    2210
    2338
    2322
    2339
    2339
    2358
    2351
    2383
    2452
    2417
    2417
    2391
    2387
    2356
    2444
    2361
    2377
    2331
    2479
    2432
    2455
    2452
    2379
    2390
    2447
    2449
    2445
    2383
    2453
    2491
    2358
    2555
    2488
    2513
    2525
    2480
    2539
    2410
    2511
    2537
    2491
    2466
    2432
    2570
    2488
    2427
    2543
    2609
    2570
    2532
    2586
    2555
    2613
    2499
    2616
    2616
    2529
    2589
    2648
    2574
    2619
    2674
    2657
    2509
    2626
    2609
    2671
    2675
    2559
    2617
    2719
    2649
    2598
    2650
    2709
    2732
    2733
    2679
    2726
    2634
    2655
    2695
    2594
    2661
    2643
    2660
    2789
    2749
    2756
    2817
    2802
    2749
    2721
    2728
    2735
    2758
    2649
    2810
    2729
    2799
    2884
    2794
    2740
    2827
    2848
    2834
    2825
    2932
    2844
    2849
    2807
    2874
    2724
    2955
    2915
    2821
    2940
    2900
    2939
    2927
    2894
    2875
    2905
    2889
    2857
    2874
    2890
    2900
    2952
    2951
    3093
    2935
    3003
    2946
    3030
    2989
    3030
    3056
    2935
    2994
    2976
    2953
    3033
    3002
    3019
    3013
    3063
    3080
    3006
    3061
    2984
    3062
    3092
    3087
    3086
    3132
    3081
    3049
    3155
    3128
    3126
    3158
    3073
    3114
    3034
    3137
    3116
    3087
    3090
    3291
    3088
    3231
    3235
    3106
    3128
    3189
    3237
    3261
    3201
    3272
    3236
    3221
    3201
    3308
    3217
    3263
    3283
    3200
    3309
    3272
    3298
    3262
    3192
    3420
    3290
    3258
    3308
    3396
    3224
    3361
    3380
    3414
    3416
    3330
    3338
    3381
    3350
    3424
    3342
    3347
    3500
    3387
    3454
    3556
    3374
    3457
    3377
    3393
    3450
    3447
    3393
    3451
    3403
    3293
    3559
    3431
    3469
    3498
    3514
    3504
    3377
    3566
    3524
    3452
    3518
    3497
    3539
    3499
    3559
    3551
    3479
    3588
    3682
    3607
    3562
    3710
    3761
    3538
    3750
    3680
    3673
    3716
    3656
    3735
    3642
    3772
    3738
    3672
    3788
    3745
    3785
    3663
    3834
    3790
    3816
    3689
    3739
    3694
    3629
    3755
    3708
    3687
    3799
    3820
    3837
    3906
    3805
    3749
    3922
    3759
    3862
    3795
    3916
    3808
    3909
    3918
    3910
    3877
    3929
    3970
    3933
    3927
    3868
    4025
    3980
    3932
    3924
    3976
    3934
    3939
    3971
    4028
    4073
    4009
    4077
    4015
    4024
    4019
    4018
    4062
    4021
    4057
    4040
    4148
    3982
    4021
    4147
    4097
    4211
    4151
    4086
    4008
    4100
    4128
    4218
    4125
    4153
    4273
    4357
    4073
    4101
    4207
    4150
    4283
    4191
    4186
    4215
    4349
    4339
    4404
    4205
    4292
    4149
    4447
    4303
    4320
    4367
    4289
    4275
    4364
    4233
    4276
    4313
    4304
    4351
    4280
    4493
    4461
    4473
    4369
    4515
    4376
    4410
    4438
    4499
    4487
    4461
    4477
    4590
    4539
    4522
    4453
    4476
    4477
    4597
    4512
    4554
    4541
    4595
    4402
    4425
    4574
    4547
    4482
    4624
    4759
    4621
    4544
    4562
    4632
    4747
    4613
    4725
    4600
    4647
    4591
    4624
    4718
    4632
    4658
    4670
    4700
    4808
    4747
    4651
    4822
    4783
    4870
    4657
    4832
    4888
    4862
    4757
    4811
    5019
    4814
    4842
    4808
    4690
    4905
    4802
    5003
    4856
    4838
    4922
    4906
    4868
    4893
    4912
    4944
    4965
    4924
    4998
    5122
    5060
    4941
    5067
    4991
    5162
    5036
    5073
    5017
    5114
    5076
    5108
    5158
    5047
    5226
    5191
    5086
    5092
    5206
    5163
    5218
    5140
    5303
    5199
    5310
    5242
    5250
    5166
    5240
    5328
    5190
    5169
    5125
    5280
    5344
    5249
    5308
    5413
    5214
    5300
    5356
    5322
    5417
    5357
    5311
    5361
    5301
    5286
    5391
    5349
    5363
    5396
    5393
    5341
    5475
    5347
    5536
    5403
    5517
    5494
    5570
    5565
    5525
    5485
    5597
    5572
    5622
    5819
    5533
    5496
    5501
    5668
    5771
    5688
    5673
    5659
    5662
    5717
    5615
    5661
    5861
    5734
    5726
    5769
    5772
    5794
    5744
    5716
    5748
    5638
    5820
    5721
    5698
    5750
    5800
    5734
    5722
    5691
    5671
    5786
    5907
    5823
    5943
    5950
    5914
    5851
    6014
    6019
    5844
    6004
    5988
    6024
    5899
    6027
    6059
    6004
    6091
    5909
    5888
    5952
    6099
    6040
    5994
    6017
    6026
    6237
    6169
    6189
    6082
    6202
    5978
    6201
    6144
    6251
    6183
    6083
    6138
    5989
    5988
    6142
    6212
    6154
    6246
    6156
    6300
    6361
    6257
    6120
    6318
    6211
    6294
    6400
    6313
    6309
    6456
    6211
    6322
    6351
    6347
    6329
    6416
    6339
    6429
    6563
    6449
    6551
    6428
    6543
    6443
    6472
    6554
    6611
    6607
    6667
    6510
    6568
    6505
    6670
    6553
    6681
    6630
    6525
    6558
    6787
    6620
    6564
    6595
    6721
    6793
    6679
    6746
    6839
    6628
    6699
    6682
    6866
    6816
    6635
    6872
    6811
    6703
    6876
    6966
    6811
    6816
    6954
    6834
    6922
    6889
    6948
    6881
    6907
    6938
    6890
    6865
    6923
    6890
    6979
    6894
    7059
    6882
    6937
    7084
    6956
    7051
    7068
    7197
    7166
    7162
    7016
    7139
    7087
    7087
    7138
    7163
    7232
    7161
    7305
    7100
    7154
    7182
    7037
    7257
    7278
    7203
    7177
    7121
    7219
    7294
    7240
    7310
    7331
    7412
    7302
    7245
    7387
    7402
    7353
    7386
    7304
    7479
    7538
    7332
    7489
    7596
    7529
    7313
    7463
    7392
    7279
    7459
    7452
    7526
    7473
    7600
    7596
    7608
    7530
    7454
    7498
    7682
    7533
    7601
    7530
    7542
    7518
    7687
    7729
    7819
    7600
    7719
    7686
    7832
    7721
    7652
    7772
    7867
    7796
    7774
    7899
    7715
    7856
    7955
    7755
    7711
    7624
    7868
    7832
    7906
    8012
    7975
    7950
    7992
    8065
    8011
    8004
    7747
    8116
    7789
    8112
    8100
    8113
    8146
    8072
    7891
    7909
    8112
    8045
    8060
    7982
    8223
    8225
    8140
    8213
    8081
    8292
    8165
    8063
    8164
    8284
    8204
    8212
    7994
    8298
    8301
    8253
    8298
    8273
    8339
    8255
    8262
    8238
    8439
    8229
    8542
    8464
    8323
    8521
    8469
    8550
    8295
    8341
    8312
    8423
    8403
    8367
    8516
    8470
    8514
    8431
    8327
    8488
    8588
    8393
    8444
    8502
    8583
    8497
    8727
    8488
    8445
    8514
    8604
    8609
    8713
    8835
    8609
    8659
    8557
    8882
    8614
    8713
    8623
    8947
    8700
    8730
    8723
    8829
    8774
    8674
    8793
    8707
    8748
    8967
    8934
    8725
    8916
    8762
    8823
    8908
    8957
    8853
    8800
    8921
    8843
    8907
    8997
    8987
    9129
    9201
    9061
    8925
    8854
    9070
    9021
    9067
    9263
    8991
    9122
    9033
    9284
    9188
    9083
    8952
    9144
    9288
    9084
    9174
    9219
    9157
    9187
    9218
    9216
    9322
    9358
    9288
    9220
    9332
    9538
    9180
    9149
    9239
    9345
    9347
    9392
    9364
    9344
    9365
    9326
    9513
    9354
    9360
    9346
    9562
    9600
    9530
    9552
    9468
    9343
    9415
    9305
    9326
    9636
    9543
    9606
    9417
    9505
    9566
    9634
    9380
    9684
    9517
    9642
    9663
    9808
    9675
    9688
    9734
    9720
    9717
    9657
    9866
    9814
    9777
    9671
    9832
    9857
    9745
    9836
    9614
    9767
    9831
    9741
    9674
    9886
    9968
    9849
    9708
    9940
    9853
    9748
    9847
    9925
    9992
   10046
    9785
    9860
   10006
   10062
   10054
    9983
   10008
   10085
    9775
   10058
   10060
    9964
    9916
   10004
   10046
   10060
   10157
   10091
    9830
   10178
    9960
   10028
   10070
    9841
   10265
   10100
   10046
   10275
   10157
   10196
   10157
   10260
   10236
   10357
   10260
   10114
   10318
   10326
   10302
   10243
   10338
   10095
   10442
   10162
   10272
   10344
   10238
   10282
   10299
   10230
   10393
   10318
   10496
   10427
   10473
   10396
   10440
   10325
   10320
   10516
   10305
   10493
   10410
   10677
   10521
   10700
   10362
   10532
   10440
   10315
   10467
   10591
   10433
   10601
   10513
   10595
   10484
   10515
   10606
   10593
   10505
   10726
   10484
   10635
   10832
   10631
   10781
   10666
   10765
   10605
   10480
   10868
   10574
   10783
   10684
   10854
   10576
   10600
   10783
   10793
   10733
   10634
   10815
   10817
   10721
   10778
   10777
   10861
   10589
   10841
   10780
   10768
   10830
   10858
   10818
   10879
   11001
   11088
   10856
   10953
   10736
   10935
   10997
   11026
   11022
   10991
   10944
   10884
   10884
   10831
   10882
   10874
   10970
   11056
   11014
   10912
   11102
   11090
   10979
   10887
   11072
   10988
   10993
   10949
   11152
   11049
   11049
   11074
   11004
   11074
   11183
   11238
   11108
   10784
   11048
   11049
   11347
   11078
   11107
   11131
   11330
   11259
   11079
   11123
   11199
   11079
   11404
   11034
   11228
   11147
   11154
   11308
   11370
   11238
   11216
   11415
   11340
   10986
   11217
   11312
   11170
   11283
   11290
   11296
   11125
   11383
   11225
   11420
   11321
   11169
   11178
   11148
   11191
   11385
   11171
   11308
   11258
   11480
   11394
   11437
   11642
   11380
   11326
   11407
   11364
   11412
   11374
   11610
   11474
   11448
   11305
   11278
   11227
   11411
   11509
   11409
   11390
   11368
   11576
   11637
   11382
   11239
   11646
   11642
   11445
   11630
   11593
   11409
   11394
   11635
   11568
   11466
   11395
   11511
   11374
   11708
   11684
   11528
   11550
   11386
   11467
   11546
   11551
   11589
   11509
   11409
   11810
   11693
   11630
   11603
   11586
   11773
   11586
   11606
   11724
   11452
   11504
   11488
   11756
   11787
   11547
   11780
   11770
   11647
   11954
   11640
   11642
   11715
   11619
   11842
   11644
   11520
   11655
   11738
   11850
   11801
   11666
   11776
   11693
   11674
   11626
   11843
   11535
   11688
   11666
   11692
   11758
   11810
   11661
   11683
   11704
   11798
   11563
   11733
   11655
   11794
   11749
   11713
   11776
   11651
   11899
   11706
   11761
   11863
   11808
   11885
   11667
   11874
   11787
   11743
   11934
   11913
   11635
   11857
   11768
   11717
   11817
   11726
   11817
   11881
   11675
   11848
   11741
   11766
   11720
   11769
   11702
   12025
   11859
   11782
   12050
   12116
   11883
   11867
   11764
   11636
   11749
   11819
   11664
   11714
   11621
   11652
   11856
   11697
   11857
   11870
   11882
   11708
   11716
   11862
   11913
   11916
   11726
   11811
   11828
   11886
   11828
   11965
   11773
   11956
   11873
   11827
   11905
   12045
   11740
   11842
   11871
   12026
   11811
   11803
   11821
   11488
   11871
   11812
   11931
   11763
   11858
   11759
   11853
   11782
   11670
   11778
   12229
   11786
   11899
   11980
   11724
   11810
   11847
   11616
   11815
   11789
   11729
   11692
   11593
   11723
   11704
   11710
   11740
   11649
   11533
   11673
   11734
   11920
   11902
   11431
   11810
   11785
   11885
   11614
   11921
   11757
   11738
   11692
   11880
   11644
   11709
   11751
   11798
   11824
   11722
   11765
   11770
   11695
   11642
   11887
   11666
   11825
   11771
   11861
   11800
   11837
   11850
   11721
   11755
   11698
   11831
   11654
   11611
   11645
   11719
   11808
   11503
   11738
   11639
   11714
   11511
   11605
   11513
   11645
   11532
   11677
   11815
   11611
   11308
   11576
   11480
   11614
   11644
   11514
   11539
   11569
   11610
   11529
   11723
   11379
   11757
   11589
   11645
   11475
   11550
   11481
   11576
   11494
   11776
   11352
   11600
   11511
   11354
   11562
   11649
   11454
   11736
   11532
   11571
   11472
   11357
   11646
   11534
   11466
   11513
   11278
   11672
   11572
   11544
   11535
   11261
   11425
   11395
   11606
   11259
   11274
   11546
   11343
   11219
   11480
   11264
   11669
   11559
   11428
   11343
   11259
   11702
   11147
   11369
   11425
   11251
   11492
   11364
   11480
   11183
   11337
   11251
   11247
   11327
   11409
   11267
   11339
   11271
   11257
   11312
   11234
   11313
   11155
   11378
   11166
   11120
   11164
   11297
   11259
   11053
   11147
   11071
   11098
   11152
   11090
   11126
   11227
   11251
   11160
   11114
   11230
   11022
   11318
   11191
   10833
   11064
   11017
   11099
   10977
   11169
   11160
   10870
   10901
   11126
   10895
   10951
   10951
   11155
   10984
   10899
   11022
   11036
   11040
   10983
   10900
   11084
   11074
   10915
   10833
   10809
   10672
   10787
   10866
   10960
   10854
   10778
   10894
   10802
   10619
   10749
   10881
   10773
   10712
   10711
   10742
   10791
   10605
   10734
   10538
   10698
   10709
   10859
   10686
   10438
   10548
   10832
   10544
   10721
   10672
   10617
   10595
   10623
   10611
   10499
   10555
   10577
   10510
   10432
   10741
   10476
   10612
   10505
   10387
   10204
   10407
   10423
   10612
   10306
   10354
   10196
   10374
   10491
   10251
   10411
   10382
   10332
   10297
   10379
   10172
   10328
   10363
   10283
   10105
   10183
   10260
   10060
   10331
   10192
   10212
    9953
   10265
   10182
   10210
   10045
   10284
   10160
   10061
   10195
   10084
   10050
    9996
   10079
   10159
   10226
    9882
   10171
   10069
    9770
   10118
    9975
    9819
    9903
    9896
    9833
    9862
    9897
    9947
    9989
    9842
    9770
    9906
    9892
    9851
    9897
    9714
    9792
    9872
    9711
    9713
    9737
    9643
    9669
    9933
    9651
    9758
    9715
    9412
    9579
    9575
    9490
    9584
    9601
    9423
    9575
    9381
    9447
    9552
    9442
    9495
    9347
    9481
    9440
    9497
    9501
    9366
    9441
    9328
    9378
    9332
    9459
    9286
    9078
    9304
    9382
    9209
    9264
    9139
    9060
    9191
    9053
    9274
    9269
    9286
    9252
    9294
    9002
    9099
    9073
    9161
    8999
    9154
    8941
    8852
    9243
    8866
    8985
    9075
    8865
    9142
    8913
    8931
    8908
    8884
    8751
    8681
    8902
    8839
    8960
    8726
    8745
    8715
    8856
    8861
    8809
    8680
    8684
    8732
    8632
    8608
    8721
    8693
    8650
    8602
    8763
    8685
    8510
    8581
    8694
    8566
    8535
    8397
    8501
    8484
    8260
    8377
    8526
    8360
    8474
    8414
    8382
    8242
    8439
    8378
    8280
    8412
    8312
    8232
    8330
    8213
    8218
    8077
    8244
    8425
    8204
    8182
    8246
    8177
    8077
    8040
    8015
    8287
    8046
    8018
    7951
    8142
    7984
    7981
    7992
    7865
    7772
    7812
    7931
    8085
    7855
    7973
    7924
    7956
    8001
    7905
    7843
    7950
    7815
    7759
    7662
    7690
    7843
    7685
    7648
    7641
    7650
    7624
    7670
    7637
    7725
    7644
    7426
    7480
    7484
    7633
    7558
    7341
    7519
    7500
    7661
    7527
    7563
    7288
    7356
    7393
    7412
    7403
    7336
    7467
    7313
    7166
    7170
    7404
    7294
    7202
    7335
    7305
    7247
    7147
    7111
    6996
    7306
    7399
    6942
    7030
    7091
    7047
    7121
    6847
    7007
    7021
    7023
    6931
    6923
    6883
    6940
    6820
    6845
    6854
    6975
    6808
    6823
    6925
    6765
    6699
    6848
    6661
    6731
    6806
    6598
    6716
    6604
    6609
    6602
    6459
    6597
    6547
    6555
    6591
    6609
    6512
    6518
    6639
    6577
    6396
    6401
    6411
    6324
    6401
    6273
    6338
    6343
    6226
    6373
    6393
    6323
    6336
    6315
    6059
    6280
    6092
    6238
    6220
    6199
    6163
    6159
    6192
    6152
    6065
    6114
    6038
    6183
    6136
    6030
    5923
    5893
    5922
    5934
    6108
    5859
    5903
    5915
    6041
    5878
    5889
    5831
    5940
    5752
    5780
    5855
    5766
    5832
    5800
    5750
    5587
    5800
    5657
    5663
    5691
    5649
    5609
    5591
    5541
    5649
    5519
    5430
    5543
    5538
    5432
    5540
    5414
    5498
    5518
    5563
    5420
    5416
    5269
    5409
    5356
    5423
    5157
    5311
    5420
    5219
    5263
    5307
    5227
    5212
    5206
    5201
    5136
    5088
    5290
    5003
    5182
    5117
    5049
    4969
    5053
    5076
    5078
    5125
    5002
    5098
    5022
    4999
    4918
    4926
    5051
    4974
    4847
    4775
    4835
    4866
    4835
    4864
    4842
    4836
    4786
    4685
    4805
    4695
    4695
    4620
    4925
    4730
    4679
    4646
    4617
    4632
    4552
    4484
    4675
    4652
    4566
    4567
    4440
    4429
    4440
    4430
    4340
    4408
    4480
    4422
    4444
    4362
    4341
    4346
    4223
    4250
    4324
    4341
    4337
    4344
    4304
    4211
    4254
    4181
    4206
    4121
    4199
    4217
    4233
    4107
    4050
    4069
    3992
    4186
    4091
    3959
    4074
    4031
    4071
    4039
    3971
    3952
    3871
    4033
    3793
    3983
    3910
    3886
    3883
    3865
    3881
    3884
    3871
    3794
    3779
    3843
    3842
    3769
    3777
    3779
    3804
    3725
    3789
    3677
    3721
    3661
    3578
    3643
    3708
    3585
    3591
    3597
    3616
    3573
    3557
    3540
    3510
    3489
    3551
    3558
    3444
    3464
    3449
    3454
    3386
    3467
    3494
    3304
    3291
    3389
    3292
    3361
    3325
    3327
    3266
    3377
    3349
    3293
    3325
    3278
    3305
    3249
    3228
    3193
    3217
    3253
    3235
    3003
    3225
    3156
    3091
    3086
    3114
    3080
    3125
    3059
    2992
    3015
    2982
    3031
    2956
    3084
    2921
    3027
    2945
    3009
    2983
    2939
    2948
    2871
    2900
    2830
    2859
    2867
    2819
    2806
    2860
    2833
    2824
    2828
    2790
    2756
    2733
    2770
    2759
    2719
    2768
    2744
    2699
    2729
    2646
    2684
    2604
    2700
    2633
    2595
    2673
    2567
    2586
    2529
    2471
    2529
    2449
    2537
    2475
    2627
    2410
    2517
    2488
    2436
    2438
    2511
    2524
    2455
    2423
    2384
    2362
    2464
    2361
    2384
    2404
    2390
    2323
    2378
    2364
    2250
    2283
    2305
    2231
    2322
    2339
    2317
    2259
    2247
    2212
    2218
    2220
    2173
    2128
    2069
    2160
    2164
    2166
    2111
    2103
    2148
    2119
    2120
    2057
    2099
    2014
    2063
    2088
    2059
    2055
    2048
    2038
    1962
    1997
    2035
    2031
    1968
    1954
    2015
    1944
    1938
    1945
    1929
    1875
    1937
    1854
    1847
    1905
    1896
    1811
    1836
    1833
    1819
    1882
    1742
    1793
    1808
    1796
    1775
    1780
    1668
    1772
    1687
    1697
    1704
    1713
    1676
    1678
    1709
    1635
    1725
    1736
    1617
    1686
    1585
    1624
    1674
    1647
    1615
    1586
    1521
    1575
    1641
    1553
    1489
    1562
    1494
    1484
    1566
    1566
    1530
    1523
    1469
    1536
    1529
    1472
    1482
    1500
    1466
    1446
    1457
    1408
    1460
    1349
    1371
    1339
    1368
    1373
    1456
    1382
    1364
    1379
    1362
    1370
    1353
    1300
    1262
    1291
    1360
    1270
    1252
    1341
    1195
    1313
    1256
    1312
    1328
    1222
    1269
    1332
    1284
    1271
    1231
    1234
    1195
    1198
    1238
    1223
    1215
    1199
    1165
    1129
    1147
    1215
    1128
    1165
    1162
    1093
    1148
    1144
    1051
    1102
    1062
    1071
    1096
    1148
    1099
    1079
    1039
    1069
    1014
    1071
    1025
    1063
    1017
    1012
     996
    1075
    1020
    1037
    1022
    1024
     987
     969
    1006
     977
     948
     953
     955
     917
    1049
     918
     942
     924
     971
     863
     920
     921
     950
     874
     856
     821
     881
     879
     941
     872
     866
     840
     931
     851
     740
     852
     818
     830
     821
     846
     822
     807
     847
     804
     816
     788
     762
     825
     794
     702
     790
     761
     730
     765
     738
     733
     743
     746
     731
     709
     730
     732
     706
     704
     709
     773
     740
     646
     706
     648
     682
     720
     695
     667
     627
     620
     660
     663
     666
     640
     630
     658
     661
     626
     584
     646
     637
     627
     635
     629
     576
     589
     591
     633
     599
     616
     577
     576
     602
     564
     549
     572
     529
     554
     572
     529
     584
     541
     470
     560
     517
     532
     499
     513
     528
     512
     545
     513
     510
     481
     525
     486
     500
     508
     488
     500
     471
     465
     488
     501
     480
     478
     447
     436
     457
     427
     458
     439
     448
     430
     438
     467
     422
     421
     404
     421
     426
     411
     399
     399
     412
     405
     392
     383
     405
     418
     384
     402
     390
     382
     407
     393
     392
     406
     381
     408
     376
     401
     381
     337
     361
     362
     347
     358
     329
     314
     333
     329
     362
     324
     340
     356
     340
     363
     344
     350
     332
     338
     348
     314
     288
     364
     300
     330
     306
     308
     320
     305
     303
     306
     310
     281
     306
     276
     292
     282
     300
     298
     278
     271
     277
     295
     259
     261
     260
     272
     266
     249
     275
     267
     251
     262
     288
     257
     248
     265
     255
     257
     229
     234
     243
     247
     233
     260
     249
     218
     250
     241
     248
     263
     202
     256
     228
     221
     242
     226
     245
     238
     203
     213
     211
     235
     193
     218
     199
     226
     214
     213
     209
     196
     199
     198
     206
     192
     211
     187
     205
     190
     196
     194
     195
     165
     189
     200
     212
     201
     188
     202
     177
     182
     195
     199
     180
     163
     187
     190
     166
     145
     164
     171
     170
     179
     170
     178
     172
     165
     176
     179
     173
     172
     156
     161
     159
     150
     166
     176
     162
     168
     160
     157
     151
     146
     151
     142
     147
     148
     129
     150
     141
     140
     157
     132
     130
     150
     129
     131
     141
     141
     126
     146
     128
     138
     135
     140
     113
     110
     147
     145
     134
     122
     119
     109
     132
     143
     123
     105
     109
     113
     113
     123
     115
     120
     112
     116
     106
     111
     103
     106
     101
     110
     104
     105
      95
     101
     105
     100
      92
     109
     111
      86
      97
     118
      92
     115
      97
     113
      96
      92
     106
      96
      98
      88
     103
      85
     104
      98
     117
      97
     111
      99
     103
     107
     113
      92
     102
      94
     113
     107
      85
      89
     103
      86
      78
      84
      93
      91
      89
      95
      77
      86
      97
      99
      62
      94
      92
      61
      65
      72
      73
      77
      82
      70
      78
      70
      80
      96
      84
      90
      72
      68
      79
      65
      67
      72
      84
      79
      71
      71
      86
      73
      74
      82
      82
      71
      74
      82
      77
      72
      68
      73
      70
      55
      73
      77
      62
      65
      70
      68
      63
      59
      66
      74
      68
      68
      72
      71
      65
      64
      64
      58
      53
      62
      54
      59
      65
      64
      61
      48
      68
      50
      59
      64
      54
      72
      52
      62
      49
      53
      62
      55
      53
      65
      52
      65
      52
      42
      51
      46
      57
      41
      62
      64
      49
      50
      57
      47
      52
      45
      53
      49
      60
      57
      73
      45
      45
      55
      58
      53
      45
      62
      59
      51
      51
      62
      43
      51
      50
      57
      52
      37
      61
      44
      47
      59
      41
      48
      44
      38
      50
      48
      43
      49
      36
      44
      52
      39
      43
      41
      44
      57
      54
      48
      48
      41
      40
      54
      37
      54
      48
      45
      40
      44
      45
      33
      31
      56
      46
      54
      39
      43
      48
      33
      27
      43
      39
      51
      38
      49
      50
      46
      42
      47
      42
      35
      40
      25
      44
      53
      51
      43
      41
      36
      42
      54
      37
      47
      35
      43
      43
      37
      42
      48
      23
      27
      39
      32
      42
      42
      36
      38
      41
      38
      41
      34
      24
      38
      28
      36
      34
      44
      47
      28
      47
      42
      39
      41
      35
      46
      47
      39
      31
      31
      34
      39
      39
      33
      33
      40
      46
      30
      30
      27
      32
      27
      48
      29
      28
      50
      27
      36
      41
      33
      26
      38
      38
      22
      37
      42
      36
      43
      24
      47
      43
      37
      39
      37
      28
      47
      29
      39
      33
      38
      41
      36
      23
      29
      33
      30
      33
      33
      25
      32
      29
      33
      29
      26
      25
      31
      35
      38
      35
      41
      30
      40
      28
      39
      36
      35
      29
      35
      38
      23
      27
      31
      39
      32
      34
      35
      35
      32
      25
      34
      38
      27
      27
      33
      24
      28
      35
      33
      24
      31
      34
      42
      30
      28
      41
      29
      33
      28
      28
      29
      25
      29
      29
      31
      35
      26
      19
      39
      28
      32
      25
      27
      40
      30
      23
      36
      34
      35
      27
      15
      29
      27
      29
      26
      36
      27
      31
      30
      32
      34
      28
      23
      29
      32
      24
      37
      30
      32
      22
      24
      42
      39
      39
      39
      31
      35
      33
      35
      22
      18
      28
      44
      25
      25
      21
      29
      22
      33
      24
      26
      30
      26
      34
      27
      36
      33
      46
      23
      24
      38
      29
      31
      24
      15
      33
      36
      28
      34
      22
      20
      36
      35
      25
      35
      24
      22
      36
      22
      29
      29
      31
      27
      26
      31
      27
      37
      21
      32
      24
      31
      37
      25
      31
      18
      28
      34
      32
      27
      27
      30
      29
      22
      38
      35
      32
      30
      23
      28
      27
      23
      21
      23
      21
      23
      26
      25
      24
      27
      39
      26
      31
      28
      34
      25
      27
      26
      26
      32
      34
      20
      29
      31
      24
      34
      26
      22
      19
      26
      25
      24
      20
      30
      27
      21
      23
      27
      31
      23
      22
      31
      29
      24
      26
      31
      20
      25
      36
      27
      27
      33
      25
      27
      34
      16
      25
      30
      26
      31
      24
      30
      19
      28
      26
      23
      39
      25
      25
      29
      29
      27
      20
      23
      27
      23
      26
      22
      40
      24
      26
      28
      23
      30
      34
      35
      32
      29
      31
      26
      25
      19
      31
      24
      28
      28
      21
      18
      24
      27
      21
      30
      24
      39
      43
      23
      27
      23
      20
      28
      33
      20
      16
      23
      38
      26
      29
      22
      27
      27
      24
      33
      27
      20
      21
      19
      28
      33
      31
      23
      25
      27
      36
      36
      22
      22
      28
      20
      16
      32
      37
      25
      25
      31
      20
      21
      21
      31
      24
      28
      26
      29
      26
      26
      34
      28
      25
      36
      32
      33
      25
      23
      26
      26
      28
      37
      24
      30
      27
      38
      32
      28
      18
      33
      34
      24
      20
      24
      31
      20
      25
      29
      22
      35
      29
      28
      27
      24
      23
      38
      28
      24
      37
      20
      34
      22
      34
      21
      36
      29
      34
      26
      26
      35
      32
      34
      24
      34
      21
      17
      26
      29
      26
      26
      25
      31
      21
      25
      19
      29
      33
      25
      25
      37
      28
      28
      22
      26
      19
      24
      33
      15
      25
      18
      38
      22
      19
      23
      23
      35
      30
      24
      25
      20
      29
      22
      32
      33
      26
      30
      23
      29
      24
      23
      23
      20
      28
      28
      24
      23
      20
      22
      20
      14
      31
      29
      29
      28
      25
      23
      21
      17
      24
      23
      25
      25
      28
      27
      23
      27
      18
      34
      24
      21
      27
      16
      23
      17
      18
      21
      26
      17
      37
      24
      16
      18
      23
      14
      21
      22
      18
      23
      22
      23
      19
      14
      26
      21
      25
      15
      17
      20
      18
      29
      16
      26
      21
      21
      20
      10
      19
      23
      22
      24
      11
      24
      21
      23
      19
       9
      16
      15
      20
      12
      13
      17
      23
      16
      22
      23
      21
      13
      12
      26
      22
      15
      13
      18
      18
      18
      16
       9
      18
      20
      25
      19
      12
      19
      14
      14
      19
      15
      12
      13
      12
      18
      15
      21
      17
      20
      10
      16
      16
      19
      16
      14
      12
      21
      15
      16
      16
      16
      15
      13
      17
      12
      11
      13
      10
      13
      16
      14
      14
      19
      15
      10
      10
      13
      15
      15
      22
       9
      20
       7
      15
      17
      16
      14
      11
      14
      13
      11
      22
      12
      17
      12
      10
      18
      16
       9
      21
      13
       8
      13
      11
      11
      11
       9
      13
      15
      14
       9
      15
      11
      16
      14
      11
      10
       9
      19
      15
      13
      12
      13
      16
      11
      11
      10
      12
       9
       7
      17
      14
      12
      11
      14
      19
      12
      17
      14
      12
      16
      14
      19
      12
      23
      16
      10
       8
       7
      14
      21
      13
      17
      11
      13
       6
      18
      20
      11
      14
      13
      13
      17
      14
      12
      16
      10
      13
      11
      10
      13
      10
      11
      11
       7
       7
       7
      13
      12
      16
      12
       7
       9
      11
      10
       9
       9
      16
      13
       9
      15
      14
      16
      10
      11
      11
       8
      14
       6
      12
      11
      12
      10
      15
      13
       9
      14
      12
      10
       9
      12
      11
      15
       9
      17
       9
      14
      11
      10
      10
       9
      12
      14
      13
      11
      10
      10
       7
      12
       8
       9
      11
       7
       7
      15
      10
      11
      16
       9
      14
       7
      10
      16
      16
      10
      12
      14
       9
      11
      13
      10
      14
      13
      13
       9
       7
       7
      10
       9
      11
       9
      11
      14
      10
      15
       6
      13
      13
      15
       8
       9
      15
      13
       7
      11
       7
       6
      11
      13
      14
      11
       6
       3
      10
      15
      12
       5
      14
       7
      13
       9
      14
       3
      14
       9
       7
       9
       8
      11
       7
      13
      10
       5
       8
       9
      11
       6
       9
      14
       9
      12
      14
      13
       8
       9
       7
       7
      12
       7
      12
       7
       8
      12
      11
      12
      11
      14
       5
       7
       8
      10
      11
      13
       6
       7
      11
      10
      11
      14
       6
       3
      15
       3
      11
       7
      13
       7
       6
      11
       8
      12
       4
       8
      10
       8
      11
       4
      12
      13
       8
       8
      11
       9
       2
      12
      12
       7
       9
      14
      13
       8
       8
       5
       8
       8
      11
       8
       7
      15
       4
       7
      14
      11
       6
       8
       6
       6
      10
       7
       9
       9
      14
       6
       5
      11
       9
      11
       7
      16
      10
       8
      11
      13
      10
       8
       7
      11
       5
       5
      10
      11
      11
       8
       7
      11
      11
      14
       7
      13
       9
       6
      10
       8
       6
      11
       5
       5
       6
       9
      12
      13
       5
      11
      13
       8
       8
       5
       7
      13
       5
      12
      13
       9
      14
       9
       8
       9
       9
       7
       9
       5
       9
       3
      14
       7
       8
       6
      13
      10
      10
      11
       5
       9
       7
      11
      18
       8
       8
      12
       7
      14
       9
       8
      11
       9
       9
       7
       8
       7
      10
       7
      10
       8
      10
       9
       7
       7
       9
      15
      10
      10
       6
       8
       4
       7
       3
       6
       5
       7
       4
       8
       6
       6
      12
       2
       8
       3
       7
      12
       5
      13
       7
       7
       7
       5
      10
       7
       6
      12
       6
       7
       4
       7
       3
      13
       4
       8
       4
      10
      15
       5
       8
       5
       5
       4
       7
       7
       8
       8
       8
       7
       3
       9
       3
       5
       7
      10
      11
       7
      11
       4
       8
      11
       9
       7
       7
       3
       5
       4
       3
       8
       7
       6
       3
       6
       9
      10
       6
       4
       5
       8
       8
      11
       6
       5
       5
       3
       5
       7
       4
       3
       6
       9
       1
       8
       7
       3
       7
       1
       3
       4
       6
       7
       7
       5
       5
       3
       6
       5
       6
       8
       8
       9
       9
       3
       7
       9
       7
       6
       5
       2
       5
       8
       5
       5
       6
       9
       6
       3
      10
       3
       4
       7
       5
       6
       5
       1
       5
      11
       3
       5
       3
       4
       6
       8
       5
       4
       5
       6
       4
       1
      11
       4
      11
       3
      11
       6
       7
       9
       5
       4
       7
       5
       9
       4
       3
       5
       3
       9
       2
       4
       3
       7
       3
       5
       8
       6
       6
       7
       7
       6
       5
      11
       5
       3
       9
       5
       6
       7
       5
       4
       5
       6
       8
       5
       4
       3
      13
       5
       7
       5
       5
       5
       7
       9
       7
       4
       9
       6
       4
       7
       3
       3
       4
       1
       5
       8
       7
       6
       7
       4
       5
       6
       4
      11
       4
       3
       4
       7
       4
       2
       5
       7
       7
       4
       5
       1
       4
       3
       4
       6
       4
       4
       5
       1
       5
       4
       3
       3
       3
       4
       4
       7
       7
       6
       2
       5
       5
       6
       6
       6
       3
       5
       4
       4
       4
       6
       8
       1
       2
       5
       2
       5
       3
       5
       4
       4
       8
       6
       4
       8
       5
       3
       3
       5
       4
       3
       5
       5
       2
       5
       3
       3
       3
       3
       9
       4
       3
       5
       1
       3
       5
       6
       3
       4
       2
       8
       5
       2
       2
       4
       4
       4
       6
       3
       1
       1
       6
       4
       4
       5
       4
       3
       4
       7
       7
       3
       4
       4
       2
       3
       3
       1
       4
       6
       6
       4
       2
       8
       6
       4
       8
       4
       2
       5
       2
       6
       3
       2
       1
       3
       7
       3
       2
       1
       3
       7
       3
       5
       1
       5
       4
       3
       4
       3
       6
       2
       4
       7
       3
       4
       0
       5
       2
       1
       8
       4
       4
       4
       5
       5
       3
       2
       1
       2
       2
       3
       5
       5
       2
       2
       3
       5
       5
       4
       3
       3
       2
       8
       7
       5
       2
       3
       2
       6
       2
       4
       2
       3
       5
       6
       2
       4
       6
       6
       3
       6
       3
       3
       4
       5
       3
       6
       6
       1
       4
       4
       2
       2
       4
       3
       5
       4
       7
       1
       3
       3
       2
       2
       3
       3
       2
       9
       4
       1
       2
       1
       5
       3
       3
       2
       2
       3
       3
       0
       5
       3
       2
       7
       3
       5
       4
       2
       2
       4
       2
       1
       2
       4
       5
       2
       2
       4
       3
       4
       6
       3
       6
       2
       3
       3
       2
       1
       3
       4
       3
       1
       5
       4
       2
       3
       5
       5
       0
       1
       3
       2
       5
       3
       1
       6
       1
       6
       4
       5
       3
       2
       1
       5
       2
       3
       0
       2
       5
       0
       5
       0
       5
       1
       7
       2
       3
       3
       2
       1
       0
       0
       0
       2
       4
       1
       2
       4
       3
       0
       3
       4
       3
       4
       0
       2
       2
       1
       2
       2
       2
       0
       3
       3
       2
       4
       1
       2
       1
       1
       1
       4
       2
       1
       1
       3
       2
       5
       1
       3
       3
       2
       2
       3
       2
       6
       6
       2
       4
       2
       2
       4
       1
       4
       0
       4
       0
       4
       2
       1
       1
       0
       2
       2
       2
       2
       3
       2
       3
       2
       1
       1
       1
       2
       2
       0
       4
       3
       3
       0
       2
       1
       1
       3
       2
       0
       2
       2
       4
       3
       3
       1
       1
       0
       2
       2
       2
       3
       3
       2
       1
       1
       0
       4
       3
       6
       1
       2
       1
       1
       2
       2
       2
       3
       3
       1
       5
       2
       1
       1
       1
       2
       4
       1
       0
       0
       1
       1
       1
       2
       3
       3
       0
       1
       1
       0
       1
       2
       0
       1
       5
       2
       1
       1
       1
       0
       4
       3
       1
       1
       2
       0
       1
       2
       0
       1
       1
       2
       2
       3
       3
       0
       1
       2
       2
       1
       2
       0
       1
       1
       0
       2
       0
       0
       1
       1
       1
       5
       2
       1
       1
       2
       0
       0
       0
       2
       2
       2
       0
       3
       1
       1
       0
       1
       1
       0
       0
       3
       0
       2
       5
       0
       2
       0
       2
       0
       0
       3
       1
       1
       0
       1
       0
       1
       0
       3
       0
       3
       1
       1
       0
       4
       4
       2
       3
       3
       3
       3
       1
       1
       1
       1
       0
       0
       6
       2
       1
       0
       1
       0
       2
       2
       1
       3
       1
       0
       0
       0
       1
       0
       2
       2
       0
       2
       3
       0
       3
       0
       2
       1
       0
       1
       4
       2
       1
       0
       2
       2
       2
       1
       1
       0
       1
       0
       1
       4
       0
       3
       3
       1
       0
       0
       1
       2
       2
       1
       2
       3
       0
       0
       1
       1
       3
       2
       0
       0
       0
       2
       2
       0
       0
       0
       1
       0
       1
       2
       0
       0
       3
       0
       3
       1
       4
       2
       0
       3
       0
       2
       1
       0
       0
       0
       1
       1
       0
       0
       1
       0
       0
       0
       0
       2
       0
       3
       3
       0
       1
       2
       0
       2
       2
       1
       0
       2
       1
       3
       1
       1
       0
       2
       1
       1
       1
       1
       0
       1
       1
       0
       0
       1
       4
       2
       4
       1
       2
       0
       1
       0
       1
       0
       1
       0
       1
       0
       0
       2
       0
       0
       1
       1
       1
       1
       1
       1
       0
       0
       0
       2
       0
       1
       0
       0
       0
       1
       1
       1
       0
       0
       0
       1
       2
       1
       1
       3
       1
       0
       0
       0
       0
       0
       2
       2
       0
       0
       0
       1
       0
       0
       1
       3
       0
       0
       1
       0
       0
       1
       3
       0
       1
       0
       0
       1
       0
       2
       0
       2
       0
       1
       1
       0
       0
       3
       0
       0
       1
       1
       0
       0
       3
       0
       0
       0
       1
       1
       0
       1
       2
       0
       1
       2
       0
       1
       0
       0
       0
       1
       1
       0
       0
       1
       1
       1
       0
       0
       0
       2
       1
       0
       1
       0
       1
       0
       1
       0
       1
       1
       2
       0
       0
       0
       0
       1
       0
       0
       1
       0
       0
       0
       0
       1
       0
       0
       0
       0
       0
       1
       0
       0
       1
       0
       0
       1
       0
       0
       0
       0
       1
       0
       1
       0
       0
       1
       1
       0
       0
       1
       0
       1
       1
       0
       0
       0
       0
       0
       0
       0
       0
       0
       1
       2
       0
       0
       1
       1
       0
       1
       1
       1
       0
       1
       0
       0
       0
       0
       0
       2
       0
       0
       0
       0
       1
       0
       2
       1
       0
       1
       0
       0
       0
       0
       0
       0
       0
       1
       0
       0
       1
       0
       0
       0
       0
       2
       0
       0
       1
       1
       1
       1
       0
       1
       2
       1
       1
       2
       0
       1
       0
       0
       0
       0
       1
       0
       0
       0
       0
       0
       0
       1
       0
       1
       0
       1
       1
       0
       0
       1
       0
       1
       0
       1
       0
       0
       1
       0
       1
       0
       0
       0
       0
       1
       0
       0
       1
       0
       0
       0
       0
       1
       0
       1
       0
       0
       0
       1
       0
       1
       0
       0
       0
       0
       1
       0
       0
       0
       0
       2
       0
       0
       0
       1
       0
       0
       0
       0
       0
       0
       0
       1
       0
       0
       0
       0
       0
       0
       0
       1
       0
       0
       0
       0
       0
       0
       0
       0
       1
       0
       0
       0
       0
       0
       0
       0
       0
       1
       0
       0
       0
       1
       0
       0
       0
       0
       0
       0
       0
       0
       0
       0
       2
       0
       1
       1
       0
       0
       0
       0
       0
       0
       0
       0
       0
       0
       1
       0
       0
       0
       0
       0
       0
       0
       0
       1
       0
       0
       0
       0
       0
       0
       0
       1
       1
       1
       1
       0
       0
       0
       0
       0
       0
       1
       0
       0
       0
       0
       1
       0
       0
       0
       0
       0
       0
       0
       2
       0
       0
       0
       0
       1
       0
       0
       1
       1
       0
       1
       0
       0
       0
       0
       0
       1
       0
       0
       1
       2
       1
       0
       1
       0
       0
       1
       0
       0
       0
       0
       0
       0
       2
       0
       0
       0
       0
       0
       0
       1
       0
       0
       0
       1
       0
       1
       0
       0
       0
       0
       1
       0
       1
       0
       0
       0
       0
       2
       0
       1
       1
       0
       1
       1
       0
       0
       0
       0
       0
       0
       0
       0
       0
       0
       0
       0
       0
       0
       0
       0
       0
       0
       0
       0
       0
       0
       0
       0
       0
       0
       0
       0
       0
       0
       0
       0
       0
       0
       1
       0
       0
       0
       0
       1
       0
       0
       0
       0
       0
       0
       0
       0
       0
       0
       0
       0
       0
       0
       0
       0
       0
       0
       0
       0
       0
       0
       0
       1
       0
       0
       0
       0
       0
       0
       0
       0
       0
       0
       0
       0
       0
       0
       0
       0
       1
       0
       0
       0
       0
       0
       0
       0
       0
       0
       0
       0
       0
       0
       0
       0
       0
       0
       0
       0
       0
       0
       0
       0
       0
       0
       0
       0
       1
       1
       0
       0
       0
       0
       0
       0
       0
       0
       0
       0
       0
       0
       0
       0
       0
       0
       0
       0
       0
       0
       0
       0
       0
       0
       0
       1
       0
       0
       0
       0
       0
       0
       0
       0
       1
       1
       0
       0
       0
       0
       0
       0
       0
       0
       1
       0
       0
       0
       0
       0
       0
       0
       0
       0
       0
       0
       0
       0
       0
       0
       0
       0
       0
       0
       0
       0
       1
       0
       0
       0
       0
       0
       0
       0
       0
       0
       0
       0
       0
       0
       0
       0
       0
       0
       0
       0
       0
       0
       0
       0
       0
       0
       0
       0
       0
       0
       0
       0
       0
       0
       0
       0
       1
       0
       0
       0
       0
       0
       0
       0
       0
       0
       0
       0
       0
       0
       0
       0
       0
       0
       0
       0
       0
       0
       0
       0
       0
       0
       0
       0
       0
       0
       0
       0
       0
       1
       0
       0
       0
       0
       0
       0
       0
       0
       0
       0
       0
       0
       0
       0
       0
       0
       0
       0
       0
       0
       0
       0
       1
       0
       0
       0
       0
       0
       1
       0
       0
       0
       0
       0
       0
       0
       0
       0
       0
       0
       0
       0
       0
       0
       0
       0
       0
       2
       0
       1
       0
       0
       0
       0
       0
       0
       0
       0
       0
       0
       0
       0
       0
       0
       0
       0
       0
       0
       0
       0
       0
       0
       0
       0
       0
       0
       0
       0
       0
       0
       0
       0
       0
       0
       0
       0
       0
       0
       0
       0
       0
       0
       0
       0
       0
       0
       0
       0
       0
       0
       0
       0
       0
       0
       0
       0
       0
       0
       0
       0
       0
       0
       0
       1
       1
       0
       0
       0
       0
       0
       0
       0
       0
       0
       0
       0
       0
       0
       0
       0
       0
       0
       0
       0
       0
       0
       0
       0
       0
       0
       0
       0
       0
       0
       0
       0
       0
       0
       0
       0
       0
       0
       0
       0
       0
       0
       0
       0
       0
       0
       0
       0
       0
       0
       0
       0
       1
       0
       0
       0
       0
       0
       0
       0
       0
       0
       0
       0
       0
       0
       0
       0
       0
       0
       0
       0
       1
       0
       0
       0
       0
       0
       0
       0
       1
       0
       0
       0
       0
       0
       0
       0
       0
       0
       0
       0
       0
       0
       0
       0
       0
       0
       0
       0
       0
       0
       0
       0
       0
       0
       0
       0
       0
       0
       0
       0
       0
       0
       0
       0
       0
       0
       0
       0
       0
       0
       0
       0
       0
       1
       0
       0
       0
       0
       0
       0
       0
       0
       0
       0
       0
       0
       0
       0
       0
       0
       0
       0
       0
       0
       0
       0
       0
       0
       0
       0
       0
       0
       0
       0
       0
       0
       0
       0
       0
       0
       0
       0
       0
       0
       0
       0
       0
       0
       0
       0
       0
       0
       0
       0
       0
       0
       0
       0
       0
       0
       1
       0
       0
       0
       0
       0
       0
       0
       0
       0
       0
       0
       0
       0
       0
       0
       0
       0
       0
       0
       0
       0
       0
       0
       0
       0
       0
       0
       0
       0
       0
       0
       0
       0
       0
       0
       0
       0
       0
       0
       0
       0
       0
       0
       0
       0
       0
       0
       0
       0
       0
       0
       0
       0
       0
       0
       0
       0
       0
       0
       0
       0
       0
       0
       0
       0
       0
       0
       0
       0
       0
       0
       0
       0
       0
       0
       0
       0
       0
       0
       0
       0
       0
       0
       0
       0
       0
       0
       0
       0
       0
       0
       0
       0
       0
       0
       0
       0
       0
       0
       0
       0
       0
       0
       0
       0
       0
       0
       0
       0
       0
       0
       0
       0
       0
       0
       0
       0
       0
       0
       0
       0
       0
       0
       0
       0
       0
       0
       0
       0
       0
       0
       0
       0
       0
       0
       0
       0
       0
       0
       0
       0
       0
       0
       0
       0
       0
       0
       0
       0
       0
       0
       0
       0
       0
       0
       0
       0
       0
       0
       0
       0
       0
       0
       0
       0
       0
       0
       0
       0
       0
       0
       0
       0
       0
       0
       0
       0
       0
       0
       0
       0
       0
       0
       0
       0
       0
       0
       0
       0
       0
       0
       0
       0
       0
       0
       0
       0
       0
       0
       0
       0
       0
       0
       0
       0
       0
       0
       0
       0
       0
       0
       0
       0
       0
       0
       0
       0
       0
       0
       0
       0
       0
       0
       0
       0
       0
       0
       0
       0
       0
       0
       0
       0
       0
       0
       0
       0
       0
       0
       0
       0
       0
       0
       0
       0
       0
       0
       0
       0
       0
       0
       0
       0
       0
       0
       0
       0
       0
       0
       0
       0
       0
       0
       0
       0
       0
       0
       0
       0
       0
       0
       0
       0
       0
       0
       0
       0
       0
       0
       0
       0
       0
       0
       0
       0
       0
       0
       0
       0
       0
       0
       0
       0
       0
       0
       0
       0
       0
       0
       0
       0
       0
       0
       0
       0
       0
       0
       0
       0
       0
       0
       0
       0
       0
       0
       0
       0
       0
       0
       0
       0
       0
       0
       0
       0
       0
       0
       0
       0
       0
       0
       0
       0
       0
       0
       0
       0
       0
       0
       0
       0
       0
       0
       0
       0
       0
       0
       0
       0
       0
       0
       0
       0
       0
       0
       0
       0
       0
       0
       0
       0
       0
       0
       0
       0
       0
       0
       0
       0
       0
       0
       0
       0
       0
       0
       0
       0
       0
       0
       0
       0
       0
       0
       0
       0
       0
       0
       0
       0
       0
       0
       0
       0
       0
       0
       0
       0
       0
       0
       0
       0
       0
       0
       0
       0
       0
       0
       0
       0
       0
       0
       0
       0
       0
       0
       0
       0
       0
       0
       0
       0
       0
       0
       0
       1
       0
       0
       0
       0
       0
       0
       0
       0
       0
       0
       0
       0
       0
       0
       0
       0
       0
       0
       0
       0
       0
       0
       0
       0
       0
       0
       0
       0
       0
       0
       0
       0
       0
       0
       0
       0
       0
       0
       0
       0
       0
       0
       0
       0
       0
       0
       0
       0
       0
       0
       0
       0
       0
       0
       0
       0
       0
       0
       0
       0
       0
       0
       0
       0
       0
       0
       0
       0
       0
       0
       0
       0
       1
       0
       0
       0
       0
       0
       0
       0
       0
       0
       0
       0
       0
       0
       0
       0
       0
       0
       0
       0
       0
       0
       0
       0
       0
       0
       0
       0
       0
       0
       0
       0
       0
       0
       0
       0
       0
       0
       0
       0
       0
       0
       0
       0
       0
       0
       0
       0
       0
       0
       0
       0
       0
       0
       0
       0
       0
       0
       0
       0
       0
       0
       0
       0
       0
       0
       0
       0
       0
       0
       0
       0
       0
       0
       0
       0
       0
       0
       0
       0
       0
       0
       0
       0
       0
       0
       0
       0
       0
       0
       0
       0
       0
       0
       0
       0
       0
       0
       0
       0
       0
       0
       0
       0
       0
       0
       0
       0
       0
       0
       0
       0
       0
       0
       0
       0
       0
       0
       0
       0
       0
       0
       0
       0
       0
       0
       0
       0
       0
       0
       0
       0
       0
       0
       0
       0
       0
       0
       0
       0
       0
       0
       0
       0
       0
       0
       0
       0
       0
       0
       0
       0
       0
       0
       0
       0
       0
       0
       0
       0
       0
       0
       0
       0
       0
       0
       0
       0
       0
       0
       0
       0
       0
       0
       0
       0
       0
       0
       0
       0
       0
       0
       0
       0
       0
       0
       0
       0
       0
       0
       0
       0
       0
       0
       0
       0
       0
       0
       0
       0
       0
       0
       0
       0
       0
       0
       0
       0
       0
       0
       0
       0
       0
       0
       0
       0
       0
       0
       0
       0
       0
       0
       0
       0
       0
       0
       0
       0
       0
       0
       0
       0
       0
       0
       0
       0
       0
       0
       0
       0
       0
       0
       0
       0
       0
       0
       0
       0
       0
       0
       0
       0
       0
       0
       0
       0
       0
       0
       0
       0
       0
       0
       0
       0
       0
       0
       0
       0
       0
       0
       0
       0
       0
       0
       0
       0
       0
       0
       0
       0
       0
       0
       0
       0
       0
       0
       0
       0
       0
       0
       0
       0
       0
       0
       0
       0
       0
       0
       0
       0
       0
       0
       0
       0
       0
       0
       0
       0
       0
       0
       0
       0
       0
       0
       0
       0
       0
       0
       0
       0
       0
       0
       0
       0
       0
       0
       0
       0
       0
       0
       0
       0
       0
       0
       0
       0
       0
       0
       0
       0
       0
       0
       0
       0
       0
       0
       0
       0
       0
       0
       0
       0
       0
       0
       0
       0
       0
       0
       0
       0
       0
       0
       0
       0
       0
       0
       0
       0
       0
       0
       0
       0
       0
       0
       0
       0
       0
       0
       0
       0
       0
       0
       0
       0
       0
       0
       0
       0
       0
       0
       0
       0
       0
       0
       0
       0
       0
       0
       0
       0
       0
       0
       0
       0
       0
       0
       0
       0
       0
       0
       0
       0
       0
       0
       0
       0
       0
       0
       0
       0
       0
       0
       0
       0
       0
       0
       0
       0
       0
       0
       0
       0
       0
       0
       0
       0
       0
       0
       0
       0
       0
       0
       0
       0
       0
       0
       0
       0
       0
       0
       0
       0
       0
       0
       0
       0
       0
       0
       0
       0
       0
       0
       0
       0
       0
       0
       0
       0
       0
       0
       0
       0
       0
       0
       0
       0
       0
       0
       0
       0
       0
       0
       0
       0
       0
       0
       0
       0
       0
       0
       0
       0
       0
       0
       0
       0
       0
       0
       0
       0
       0
       0
       0
       0
       0
       0
       0
       0
       0
       0
       0
       0
       0
       0
       0
       0
       0
       0
       0
       0
       0
       0
       0
       0
       0
       0
       0
       0
       0
       0
       0
       0
       0
       0
       0
       0
       0
       0
       0
       0
       0
       0
       0
       0
       0
       0
       0
       0
       0
       0
       0
       0
       0
       0
       0
       0
       0
       0
       0
       0
       0
       0
       0
       0
       0
       0
       0
       0
       0
       0
       0
       0
       0
       0
       0
       0
       0
       0
       0
       0
       0
       0
       0
       0
       0
       0
       0
       0
       0
       0
       0
       0
       0
       0
       0
       0
       0
       0
       0
       0
       0
       0
       0
       0
       0
       0
       0
       0
       0
       0
       0
       0
       0
       0
       0
       0
       0
       0
       0
       0
       0
       0
       0
       0
       0
       0
       0
       0
       0
       1
       0
       0
       0
       0
       0
       0
       0
       0
       0
       0
       0
       0
       0
       0
       0
       0
       0
       0
       0
       0
       0
       0
       0
       0
       0
       0
       0
       0
       0
       0
       0
       0
       0
       0
       0
       0
       0
       0
       0
       0
       0
       0
       0
       0
       0
       0
       0
       0
       0
       0
       0
       0
       0
       0
       0
       0
       0
       0
       0
       0
       0
       0
       0
       0
       0
       0
       0
       0
       0
       0
       0
       0
       0
       0
       0
       0
       0
       0
       0
       0
       0
       0
       0
       0
       0
       0
       0
       0
       0
       0
       0
       0
       0
       0
       0
       0
       0
       0
       0
       0
       0
       0
       0
       0
       0
       0
       0
       0
       0
       0
       0
       0
       0
       0
       0
       0
       0
       0
       0
       0
       0
       0
       0
       0
       0
       0
       0
       0
       0
       0
       0
       0
       0
       0
       0
       0
       0
       0
       0
       0
       0
       0
       0
       0
       0
       0
       0
       0
       0
       0
       0
       0
       0
       0
       0
       0
       0
       0
       0
       0
       0
       0
       0
       0
       0
       0
       0
       0
       0
       0
       0
       0
       0
       0
       0
       0
       0
       0
       0
       0
       0
       0
       0
       0
       0
       0
       0
       0
       0
       0
       0
       0
       0
       0
       0
       0
       0
       0
       0
       0
       0
       0
       0
       0
       0
       0
       0
       0
       0
       0
       0
       0
       0
       0
       0
       0
       0
$ROI:
3
6725 6813
6948 7045
7244 7256
$PRESETS:
None
0
0
$ENER_FIT:
-0.000074 0.728814
$MCA_CAL:
3
-7.366740E-005 7.288145E-001 -2.624510E-006 keV
$SHAPE_CAL:
3
0.000000E+000 0.000000E+000 0.000000E+000
