$SPEC_ID:
No sample description was entered.
$SPEC_REM:
DET# 1
DETDESC# PPF18-07 Easy-MCA-8k SN 14274550
AP# Maestro Version 7.01
$DATE_MEA:
11/24/2022 09:42:48
$MEAS_TIM:
5306 8806
$DATA:
0 8191
       0
       0
       0
       0
       0
       0
       0
       0
       0
       0
       0
       0
       0
       0
       0
       0
       0
       0
       0
       0
       0
       0
       0
       0
       3
    4237
  308586
 6599457
  500486
   43831
   56809
   76807
  103612
  128058
  139026
  130519
  104707
   77363
   57000
   44489
   35712
   29244
   23608
   18961
   14643
   11492
    8739
    6562
    4858
    3868
    2868
    2259
    1845
    1599
    1313
    1236
    1159
    1118
    1058
    1066
    1021
     955
     946
     872
     798
     736
     708
     634
     554
     519
     417
     402
     296
     289
     246
     214
     184
     143
     160
     138
     134
     124
     113
     117
     101
     119
     117
     102
     111
     119
      94
     112
      96
      99
      95
      83
      82
      74
      68
      70
      82
      48
      54
      62
      56
      47
      46
      44
      38
      50
      43
      41
      44
      46
      37
      41
      39
      53
      25
      40
      41
      44
      40
      44
      48
      32
      43
      45
      44
      48
      34
      29
      41
      34
      30
      45
      37
      32
      29
      36
      38
      42
      29
      39
      47
      34
      35
      39
      44
      35
      35
      37
      40
      33
      36
      35
      35
      23
      37
      45
      40
      34
      37
      41
      37
      37
      30
      40
      41
      35
      32
      34
      31
      32
      42
      37
      34
      42
      43
      38
      42
      45
      28
      29
      27
      27
      34
      39
      38
      35
      41
      25
      31
      34
      25
      37
      31
      37
      34
      41
      27
      30
      39
      39
      40
      29
      44
      42
      31
      39
      31
      41
      35
      42
      57
      45
      38
      29
      33
      31
      47
      33
      29
      35
      39
      34
      34
      34
      30
      32
      26
      38
      45
      38
      35
      30
      28
      40
      42
      40
      36
      38
      38
      32
      34
      38
      45
      39
      32
      37
      26
      35
      36
      31
      28
      43
      36
      48
      35
      43
      40
      30
      31
      35
      40
      37
      34
      27
      35
      34
      28
      44
      29
      31
      45
      36
      33
      40
      29
      29
      38
      38
      35
      34
      37
      36
      33
      35
      35
      37
      32
      53
      25
      35
      45
      35
      41
      34
      42
      40
      37
      34
      35
      41
      53
      46
      46
      38
      39
      49
      45
      51
      37
      31
      39
      37
      30
      37
      35
      39
      37
      37
      29
      44
      39
      41
      39
      41
      40
      27
      29
      41
      44
      43
      36
      26
      43
      41
      47
      39
      31
      41
      34
      37
      46
      30
      32
      44
      44
      41
      26
      47
      44
      42
      35
      34
      42
      24
      47
      41
      37
      30
      37
      41
      44
      39
      46
      36
      38
      46
      42
      30
      47
      28
      45
      32
      49
      36
      50
      43
      37
      47
      47
      33
      34
      31
      43
      45
      39
      44
      41
      38
      33
      38
      29
      44
      47
      37
      57
      38
      42
      41
      46
      42
      30
      32
      36
      47
      32
      44
      39
      38
      45
      27
      36
      45
      42
      34
      41
      49
      40
      44
      37
      43
      51
      44
      46
      39
      49
      42
      30
      48
      40
      56
      37
      35
      49
      43
      49
      41
      58
      46
      31
      43
      51
      47
      45
      53
      34
      39
      47
      49
      32
      41
      46
      37
      29
      34
      45
      53
      39
      43
      50
      44
      39
      41
      39
      31
      49
      31
      44
      41
      29
      45
      36
      46
      50
      48
      35
      47
      38
      34
      58
      28
      40
      37
      53
      42
      41
      38
      46
      44
      40
      45
      47
      40
      53
      42
      52
      45
      49
      49
      47
      50
      44
      28
      56
      49
      44
      43
      46
      53
      49
      44
      49
      50
      50
      53
      57
      36
      43
      40
      44
      43
      42
      45
      55
      45
      50
      59
      45
      47
      42
      42
      41
      61
      54
      43
      46
      51
      39
      37
      46
      47
      53
      54
      52
      47
      56
      45
      45
      35
      57
      46
      43
      66
      55
      54
      37
      53
      40
      53
      51
      56
      43
      51
      49
      58
      50
      49
      45
      57
      57
      51
      52
      45
      43
      54
      50
      55
      48
      36
      67
      58
      53
      54
      63
      54
      54
      49
      49
      53
      59
      50
      50
      55
      54
      62
      57
      43
      52
      56
      62
      47
      47
      60
      59
      76
      50
      47
      58
      49
      47
      53
      64
      61
      59
      48
      61
      55
      42
      45
      63
      68
      57
      72
      43
      57
      66
      66
      46
      53
      51
      41
      80
      66
      55
      63
      44
      52
      55
      71
      52
      62
      52
      50
      50
      52
      69
      45
      67
      68
      62
      56
      55
      66
      45
      65
      58
      57
      52
      73
      55
      49
      51
      62
      63
      56
      68
      58
      52
      68
      59
      81
      51
      52
      72
      48
      74
      71
      52
      70
      50
      64
      60
      63
      67
      54
      55
      68
      66
      54
      61
      44
      55
      52
      61
      68
      59
      74
      55
      65
      65
      78
      75
      61
      53
      72
      52
      70
      70
      57
      73
      50
      61
      70
      64
      72
      66
      65
      63
      71
      61
      69
      61
      58
      68
      76
      62
      86
      56
      71
      86
      53
      66
      77
      59
      78
      58
      71
      83
      59
      77
      55
      74
      65
      50
      58
      76
      67
      65
      59
      62
      68
      66
      71
      67
      70
      84
      79
      65
      65
      67
      83
      70
      86
      77
      61
      74
      56
      84
      71
      55
      77
      64
      63
      79
      70
      68
      68
      84
      86
      76
      76
      62
      74
      78
      80
      83
      86
      69
      86
      44
      91
      77
      66
      89
      74
      76
      81
      78
      70
      80
      75
      72
      79
      73
      72
      73
      78
      80
      68
      72
      72
      80
      67
      69
      70
      72
      84
      82
      77
      84
      89
      74
      73
      71
      71
      80
      71
      67
      90
      70
      88
      75
      68
      91
      83
      89
      90
      80
      77
      87
      85
      94
      82
      72
      93
      86
      85
      83
      66
      81
      78
      80
      83
      75
      76
      70
      83
      83
      88
      94
      95
      86
      83
      90
      83
      94
      81
      89
      89
      84
      83
      87
     100
      81
      84
      74
      80
      82
      87
      92
      91
     109
      73
      96
      88
      83
      79
      93
      83
      85
      92
      83
      88
      82
      89
      83
      76
     111
      88
      87
     106
     109
      92
      91
      79
     106
      98
      67
     101
      81
      93
     107
      92
      82
      99
      97
      70
     100
      94
     110
      87
      87
     121
     108
      90
      70
     100
     106
     105
     119
      92
     100
     101
      94
      87
     101
      93
      86
      91
      95
      95
      85
      92
     103
      99
      93
      92
      93
      97
     118
      88
      91
     123
      95
      93
     100
     106
     128
     133
     101
     119
     105
      99
     105
     107
     106
     100
      97
     116
      87
      85
      97
      95
     116
      95
      97
     110
     120
      92
     112
     113
      91
     113
     104
     121
     101
     113
     102
     114
     104
     103
     103
     113
     111
      93
     115
     107
     118
     105
      92
     137
     126
      96
     126
     119
     121
     121
      91
     116
     122
     106
     130
     122
     127
     129
     128
     119
     134
     133
     117
     112
     116
     112
     110
     117
     129
     109
     129
     118
     123
     107
     104
     130
      98
     128
     121
     111
     133
     114
     123
     117
     135
     120
     113
     121
     119
     111
     128
     133
     115
     116
     135
     120
     146
     104
     105
     118
     113
     136
     137
     106
     134
     145
     151
     131
     124
     125
     115
     130
     147
     144
     132
     118
     114
     119
     117
     125
     154
     129
     149
     122
     121
     139
     145
     135
     135
     133
     140
     172
     125
     133
     145
     149
     120
     140
     153
     146
     135
     119
     159
     141
     138
     129
     144
     138
     157
     139
     142
     130
     133
     127
     136
     161
     134
     155
     136
     123
     132
     141
     139
     141
     145
     162
     165
     124
     163
     151
     168
     152
     140
     166
     153
     158
     139
     149
     148
     141
     175
     157
     164
     164
     138
     154
     147
     150
     149
     128
     140
     139
     163
     161
     129
     144
     151
     155
     152
     155
     175
     160
     135
     153
     165
     154
     161
     182
     180
     145
     183
     159
     158
     176
     155
     148
     162
     145
     186
     134
     161
     168
     159
     157
     153
     170
     147
     170
     167
     184
     175
     182
     160
     166
     175
     155
     175
     146
     171
     167
     166
     157
     171
     213
     180
     151
     189
     192
     189
     168
     177
     171
     162
     189
     180
     179
     172
     175
     145
     174
     180
     190
     175
     181
     175
     172
     178
     158
     188
     178
     190
     193
     191
     165
     180
     183
     185
     192
     164
     209
     180
     180
     150
     201
     170
     190
     185
     173
     207
     185
     193
     190
     198
     199
     192
     191
     169
     211
     212
     213
     173
     188
     224
     208
     214
     196
     226
     192
     163
     195
     194
     209
     213
     205
     190
     209
     220
     183
     200
     185
     229
     212
     219
     226
     189
     197
     204
     198
     182
     212
     201
     208
     216
     194
     183
     230
     202
     217
     211
     203
     199
     213
     212
     218
     209
     226
     244
     218
     207
     240
     226
     205
     222
     241
     207
     234
     223
     228
     227
     205
     223
     217
     218
     231
     201
     234
     242
     216
     219
     220
     224
     212
     222
     239
     228
     223
     225
     216
     240
     215
     224
     206
     228
     226
     238
     236
     231
     218
     230
     199
     235
     234
     246
     237
     247
     242
     214
     237
     218
     227
     253
     261
     258
     258
     246
     252
     271
     238
     263
     225
     246
     253
     247
     256
     251
     261
     255
     258
     267
     246
     241
     237
     239
     252
     265
     236
     264
     255
     275
     247
     272
     284
     257
     238
     236
     268
     271
     286
     263
     274
     241
     272
     291
     301
     269
     265
     253
     249
     244
     244
     274
     259
     253
     306
     290
     275
     243
     301
     286
     271
     264
     285
     272
     271
     279
     298
     280
     288
     278
     253
     293
     251
     314
     296
     297
     269
     281
     299
     270
     242
     306
     284
     315
     290
     305
     288
     282
     275
     261
     293
     277
     293
     287
     279
     297
     301
     333
     284
     322
     298
     328
     310
     326
     287
     290
     302
     306
     312
     305
     317
     317
     303
     341
     281
     302
     302
     309
     305
     331
     338
     290
     323
     314
     276
     297
     332
     369
     285
     323
     332
     311
     339
     332
     312
     325
     325
     321
     308
     318
     357
     323
     320
     349
     321
     349
     327
     315
     351
     308
     369
     354
     344
     333
     367
     344
     386
     341
     309
     356
     374
     381
     353
     338
     350
     350
     363
     339
     323
     320
     320
     385
     344
     377
     330
     367
     350
     338
     356
     367
     354
     336
     352
     315
     348
     366
     355
     357
     383
     373
     380
     380
     338
     375
     352
     344
     408
     359
     371
     353
     363
     359
     367
     379
     352
     378
     398
     379
     382
     400
     380
     401
     369
     369
     387
     392
     403
     359
     371
     397
     386
     394
     389
     410
     394
     404
     374
     390
     397
     415
     405
     384
     440
     406
     419
     373
     367
     405
     408
     402
     422
     421
     410
     433
     408
     421
     421
     373
     433
     432
     384
     378
     418
     453
     435
     416
     424
     402
     431
     409
     429
     386
     417
     409
     425
     471
     425
     492
     470
     446
     413
     420
     438
     426
     445
     416
     443
     465
     414
     435
     432
     418
     415
     447
     464
     439
     450
     472
     468
     404
     472
     449
     429
     471
     461
     472
     441
     477
     461
     430
     465
     444
     455
     452
     439
     440
     433
     419
     511
     484
     457
     468
     482
     513
     483
     463
     487
     454
     452
     459
     503
     504
     487
     472
     470
     501
     510
     515
     487
     500
     521
     509
     484
     506
     507
     522
     524
     523
     518
     496
     531
     503
     504
     564
     476
     500
     508
     521
     512
     521
     530
     479
     513
     516
     492
     527
     492
     520
     479
     578
     543
     509
     531
     533
     567
     542
     504
     526
     526
     569
     535
     572
     541
     564
     575
     535
     550
     525
     512
     561
     541
     565
     562
     585
     521
     551
     547
     540
     531
     555
     571
     561
     616
     575
     543
     558
     534
     544
     567
     552
     607
     587
     575
     563
     596
     577
     573
     568
     585
     562
     609
     605
     578
     585
     575
     585
     594
     634
     581
     621
     614
     593
     613
     587
     633
     572
     600
     578
     633
     603
     617
     618
     596
     619
     608
     575
     598
     611
     597
     627
     616
     624
     579
     605
     679
     646
     632
     634
     632
     602
     659
     618
     634
     617
     665
     642
     655
     629
     627
     636
     630
     641
     643
     636
     693
     650
     635
     649
     686
     674
     678
     665
     682
     683
     616
     697
     663
     649
     672
     649
     656
     697
     647
     625
     698
     664
     718
     692
     662
     665
     686
     708
     676
     661
     722
     665
     737
     695
     685
     695
     712
     724
     689
     690
     677
     718
     706
     647
     733
     721
     676
     714
     714
     690
     726
     759
     725
     706
     675
     719
     676
     752
     715
     697
     768
     711
     747
     714
     745
     745
     770
     823
     776
     731
     686
     707
     760
     779
     754
     754
     785
     768
     750
     810
     731
     770
     744
     790
     760
     793
     814
     793
     791
     829
     773
     767
     787
     795
     771
     732
     826
     795
     808
     763
     785
     790
     761
     841
     827
     831
     795
     822
     798
     774
     825
     796
     786
     778
     814
     808
     773
     799
     752
     804
     772
     851
     852
     888
     806
     813
     774
     810
     839
     809
     815
     851
     819
     862
     884
     879
     835
     825
     801
     855
     832
     873
     870
     844
     833
     908
     861
     875
     869
     867
     856
     892
     893
     857
     839
     906
     889
     865
     906
     841
     876
     921
     891
     882
     878
     893
     895
     865
     915
     902
     911
     903
     971
     905
     949
     920
     943
     916
     906
     879
    1000
     909
     947
     883
     913
     953
     882
     911
     901
     953
    1002
     944
     963
     933
     912
     932
     955
    1039
     914
     961
     956
     980
     973
    1008
     974
     980
     957
     971
     941
    1001
     942
     981
     967
     938
     941
    1001
    1013
     978
     966
     980
    1029
    1021
    1002
     939
     984
    1007
    1004
    1028
     965
    1020
     978
    1015
     981
     983
    1010
     997
    1035
    1032
     977
    1031
    1000
     993
    1055
    1075
    1054
     997
    1029
    1042
    1030
    1134
    1014
    1024
    1077
    1038
    1057
    1021
    1059
    1047
    1033
    1122
    1032
    1002
     998
    1082
    1107
    1043
    1073
    1067
    1112
    1078
    1095
    1106
    1071
    1065
    1018
    1101
    1045
    1103
    1101
    1126
    1116
    1128
    1114
    1086
    1089
    1106
    1153
    1095
    1110
    1127
    1059
    1107
    1147
    1091
    1088
    1153
    1087
    1162
    1177
    1150
    1053
    1145
    1138
    1149
    1215
    1128
    1114
    1155
    1141
    1127
    1141
    1110
    1140
    1167
    1163
    1123
    1167
    1171
    1232
    1183
    1155
    1156
    1227
    1199
    1121
    1160
    1167
    1215
    1298
    1180
    1194
    1113
    1198
    1177
    1200
    1178
    1250
    1236
    1207
    1157
    1226
    1196
    1200
    1166
    1220
    1153
    1167
    1214
    1306
    1159
    1182
    1215
    1214
    1278
    1210
    1130
    1326
    1204
    1239
    1219
    1258
    1267
    1343
    1246
    1229
    1196
    1247
    1213
    1261
    1254
    1205
    1240
    1264
    1190
    1255
    1334
    1297
    1231
    1297
    1327
    1268
    1320
    1283
    1245
    1248
    1297
    1303
    1280
    1287
    1287
    1320
    1349
    1275
    1249
    1218
    1284
    1312
    1254
    1305
    1339
    1356
    1314
    1311
    1304
    1330
    1358
    1338
    1325
    1210
    1302
    1339
    1293
    1309
    1340
    1342
    1354
    1392
    1332
    1329
    1370
    1294
    1364
    1363
    1318
    1417
    1357
    1349
    1371
    1318
    1393
    1343
    1399
    1411
    1337
    1324
    1389
    1342
    1376
    1383
    1388
    1369
    1394
    1343
    1422
    1439
    1409
    1434
    1391
    1480
    1399
    1418
    1434
    1390
    1398
    1439
    1496
    1428
    1437
    1446
    1385
    1382
    1443
    1499
    1473
    1430
    1430
    1387
    1462
    1405
    1386
    1423
    1429
    1422
    1487
    1426
    1444
    1461
    1428
    1439
    1483
    1491
    1436
    1465
    1487
    1436
    1396
    1456
    1519
    1426
    1422
    1483
    1470
    1395
    1487
    1481
    1507
    1510
    1515
    1499
    1476
    1476
    1450
    1447
    1540
    1421
    1517
    1503
    1505
    1436
    1537
    1483
    1528
    1498
    1551
    1593
    1442
    1477
    1578
    1511
    1467
    1457
    1526
    1462
    1515
    1552
    1505
    1522
    1552
    1504
    1616
    1577
    1486
    1511
    1640
    1504
    1543
    1508
    1540
    1519
    1530
    1588
    1559
    1523
    1565
    1534
    1558
    1555
    1576
    1604
    1594
    1554
    1534
    1531
    1591
    1596
    1622
    1604
    1523
    1551
    1609
    1545
    1592
    1618
    1643
    1573
    1581
    1633
    1692
    1614
    1650
    1567
    1583
    1556
    1631
    1598
    1613
    1608
    1573
    1648
    1624
    1648
    1578
    1647
    1558
    1610
    1660
    1584
    1676
    1642
    1648
    1652
    1654
    1668
    1618
    1635
    1660
    1685
    1649
    1700
    1660
    1627
    1666
    1668
    1676
    1634
    1674
    1621
    1661
    1661
    1692
    1591
    1649
    1582
    1723
    1690
    1736
    1685
    1653
    1649
    1675
    1695
    1649
    1669
    1670
    1652
    1717
    1669
    1604
    1662
    1688
    1648
    1692
    1733
    1706
    1642
    1687
    1713
    1683
    1664
    1692
    1695
    1683
    1640
    1698
    1709
    1684
    1724
    1807
    1676
    1790
    1707
    1752
    1737
    1704
    1718
    1799
    1625
    1786
    1692
    1773
    1835
    1737
    1718
    1709
    1628
    1698
    1699
    1737
    1749
    1683
    1707
    1750
    1761
    1792
    1778
    1730
    1729
    1765
    1732
    1827
    1840
    1771
    1663
    1696
    1715
    1747
    1743
    1640
    1795
    1855
    1751
    1740
    1840
    1759
    1738
    1823
    1804
    1811
    1828
    1820
    1744
    1769
    1785
    1731
    1814
    1758
    1785
    1780
    1784
    1834
    1792
    1658
    1831
    1820
    1798
    1762
    1773
    1763
    1724
    1836
    1779
    1828
    1829
    1750
    1819
    1787
    1895
    1818
    1767
    1718
    1817
    1813
    1800
    1839
    1817
    1839
    1847
    1735
    1689
    1834
    1866
    1845
    1795
    1782
    1743
    1767
    1844
    1777
    1826
    1755
    1843
    1926
    1814
    1809
    1817
    1823
    1893
    1874
    1800
    1812
    1865
    1867
    1870
    1786
    1788
    1847
    1902
    1916
    1844
    1874
    1847
    1799
    1862
    1805
    1840
    1825
    1882
    1880
    1777
    1925
    1895
    1919
    1848
    1857
    1854
    1797
    1865
    1839
    1861
    1738
    1886
    1875
    1904
    1877
    1786
    1768
    1853
    1924
    1960
    1854
    1930
    1870
    1885
    1915
    1858
    1890
    1895
    1856
    1851
    1885
    1805
    1870
    1868
    1834
    1838
    1849
    1943
    1840
    1798
    1857
    1985
    2002
    1851
    1878
    1926
    1929
    1873
    1904
    1835
    1867
    1813
    1890
    1805
    1873
    1839
    1876
    1931
    1810
    1842
    1794
    1968
    1836
    1819
    1904
    1929
    1884
    1804
    1835
    1784
    1895
    1883
    1868
    1854
    1851
    1924
    1866
    1920
    1884
    1893
    1921
    1812
    1890
    1937
    1861
    1888
    1831
    1857
    1842
    1943
    1956
    1900
    1916
    1839
    1892
    1950
    1942
    1864
    1905
    1926
    1911
    1928
    1830
    1895
    1852
    1895
    1935
    1915
    1880
    1826
    1814
    1891
    1899
    1853
    1848
    1823
    1790
    1955
    1858
    1877
    1849
    1950
    1820
    1936
    1869
    1888
    1829
    1834
    1924
    1890
    1898
    1970
    1873
    1891
    1875
    1927
    1872
    1873
    1864
    1837
    1905
    1837
    1873
    1916
    1892
    1897
    1880
    1851
    1871
    1951
    1893
    1974
    1939
    1785
    1883
    1912
    1831
    1932
    1839
    1911
    1817
    1850
    1817
    1878
    1768
    1929
    1841
    1804
    1779
    1823
    1716
    1890
    1863
    1883
    1881
    1813
    1849
    1857
    1952
    1829
    1917
    1809
    1818
    1826
    1844
    1802
    1811
    1889
    1800
    1898
    1812
    1917
    1823
    1841
    1889
    1798
    1848
    1863
    1789
    1921
    1780
    1879
    1791
    1855
    1908
    1827
    1794
    1822
    1838
    1735
    1859
    1767
    1856
    1858
    1810
    1849
    1843
    1870
    1768
    1881
    1851
    1765
    1729
    1781
    1827
    1795
    1839
    1786
    1778
    1777
    1767
    1874
    1868
    1835
    1822
    1812
    1747
    1836
    1819
    1870
    1859
    1822
    1800
    1774
    1744
    1788
    1782
    1807
    1847
    1816
    1769
    1802
    1828
    1747
    1746
    1780
    1691
    1795
    1807
    1798
    1819
    1759
    1807
    1744
    1794
    1773
    1743
    1802
    1764
    1731
    1795
    1816
    1774
    1807
    1687
    1764
    1749
    1756
    1711
    1783
    1819
    1804
    1675
    1747
    1674
    1755
    1665
    1699
    1745
    1733
    1787
    1681
    1765
    1661
    1742
    1706
    1698
    1731
    1719
    1769
    1728
    1785
    1783
    1744
    1740
    1660
    1755
    1694
    1718
    1782
    1701
    1693
    1750
    1754
    1670
    1693
    1684
    1747
    1646
    1657
    1732
    1686
    1777
    1719
    1674
    1728
    1660
    1729
    1727
    1667
    1708
    1654
    1616
    1681
    1575
    1628
    1632
    1667
    1690
    1693
    1700
    1599
    1630
    1709
    1644
    1704
    1610
    1664
    1687
    1616
    1635
    1671
    1561
    1688
    1569
    1648
    1641
    1622
    1588
    1626
    1659
    1638
    1617
    1606
    1685
    1590
    1584
    1557
    1607
    1655
    1527
    1587
    1650
    1579
    1572
    1637
    1486
    1563
    1611
    1569
    1433
    1592
    1593
    1614
    1569
    1509
    1653
    1616
    1491
    1554
    1592
    1587
    1575
    1563
    1590
    1457
    1610
    1502
    1515
    1540
    1555
    1508
    1580
    1563
    1607
    1523
    1536
    1559
    1555
    1469
    1590
    1514
    1534
    1549
    1544
    1505
    1470
    1552
    1483
    1462
    1466
    1505
    1559
    1569
    1466
    1364
    1486
    1497
    1433
    1510
    1462
    1399
    1439
    1497
    1462
    1497
    1464
    1422
    1360
    1467
    1456
    1364
    1448
    1537
    1436
    1424
    1441
    1388
    1415
    1433
    1433
    1432
    1427
    1433
    1437
    1461
    1406
    1413
    1407
    1488
    1379
    1448
    1444
    1424
    1436
    1447
    1363
    1373
    1433
    1365
    1328
    1394
    1380
    1420
    1406
    1425
    1401
    1350
    1358
    1382
    1342
    1323
    1390
    1300
    1320
    1352
    1271
    1364
    1321
    1355
    1308
    1279
    1372
    1269
    1322
    1283
    1314
    1280
    1308
    1300
    1262
    1350
    1320
    1308
    1251
    1258
    1271
    1218
    1281
    1237
    1250
    1269
    1303
    1143
    1324
    1222
    1283
    1219
    1215
    1218
    1296
    1193
    1245
    1189
    1226
    1248
    1200
    1266
    1214
    1209
    1205
    1218
    1184
    1269
    1220
    1196
    1173
    1176
    1228
    1143
    1175
    1182
    1170
    1185
    1201
    1198
    1173
    1121
    1157
    1206
    1204
    1210
    1163
    1139
    1162
    1184
    1213
    1226
    1222
    1190
    1168
    1118
    1132
    1163
    1163
    1156
    1145
    1099
    1161
    1155
    1179
    1101
    1158
    1120
    1066
    1085
    1147
    1129
    1085
    1087
    1088
    1113
    1063
    1140
    1045
    1117
    1088
    1109
    1032
    1090
    1060
    1028
    1069
    1023
    1116
    1069
    1086
    1047
    1069
    1075
    1034
    1075
    1012
    1024
    1067
    1020
    1015
    1074
     971
    1002
     971
    1031
     995
    1026
    1004
    1003
    1006
     994
     975
     961
    1033
    1007
    1003
     987
     962
     985
     959
     966
     983
     987
     986
     980
     955
     957
     976
     964
     943
     915
     963
     984
     917
     936
     924
     903
     932
     901
     936
     947
     981
     973
     899
     940
     912
     910
     945
     908
     877
     932
     871
     914
     833
     866
     965
     882
     883
     890
     865
     834
     865
     832
     900
     866
     814
     850
     816
     841
     824
     881
     865
     810
     861
     876
     802
     820
     822
     838
     831
     857
     847
     789
     812
     848
     826
     859
     822
     786
     796
     785
     783
     773
     812
     807
     805
     765
     752
     759
     776
     759
     743
     781
     789
     759
     790
     754
     751
     746
     724
     764
     740
     739
     759
     746
     731
     730
     769
     718
     701
     686
     745
     703
     719
     702
     735
     717
     684
     690
     721
     719
     644
     645
     664
     683
     672
     633
     666
     663
     709
     675
     697
     659
     654
     698
     635
     704
     644
     674
     657
     658
     629
     583
     683
     707
     640
     656
     621
     621
     635
     619
     626
     654
     615
     595
     620
     584
     576
     625
     635
     628
     573
     626
     643
     590
     564
     622
     587
     631
     585
     563
     609
     536
     578
     567
     556
     567
     571
     556
     553
     541
     532
     545
     544
     526
     561
     538
     543
     515
     477
     545
     523
     518
     546
     530
     549
     524
     517
     570
     521
     535
     546
     522
     511
     528
     501
     499
     491
     469
     538
     523
     499
     513
     466
     503
     504
     475
     478
     504
     492
     470
     475
     491
     495
     495
     468
     456
     420
     469
     452
     421
     472
     415
     472
     446
     451
     448
     477
     483
     433
     449
     442
     462
     474
     438
     404
     451
     439
     435
     419
     412
     408
     419
     381
     401
     413
     431
     383
     419
     409
     435
     410
     432
     371
     391
     377
     439
     394
     386
     388
     366
     386
     349
     368
     358
     395
     372
     380
     355
     384
     377
     344
     337
     379
     381
     358
     384
     371
     338
     350
     324
     339
     328
     377
     379
     356
     344
     355
     348
     353
     321
     329
     330
     351
     340
     318
     333
     329
     303
     339
     355
     303
     343
     326
     260
     351
     276
     302
     310
     319
     333
     298
     307
     313
     310
     282
     298
     305
     301
     298
     291
     278
     314
     308
     277
     285
     271
     284
     282
     283
     265
     293
     237
     268
     279
     237
     257
     278
     257
     251
     278
     278
     252
     233
     268
     258
     254
     252
     243
     257
     254
     259
     235
     247
     241
     236
     281
     266
     219
     230
     249
     237
     222
     221
     249
     215
     226
     217
     210
     219
     225
     237
     223
     244
     201
     211
     213
     195
     215
     225
     210
     220
     201
     214
     220
     224
     205
     221
     191
     215
     196
     191
     191
     186
     194
     216
     192
     202
     191
     183
     174
     204
     185
     175
     196
     186
     184
     193
     199
     170
     190
     193
     159
     179
     157
     165
     149
     166
     175
     167
     159
     167
     182
     169
     155
     170
     169
     153
     180
     148
     153
     136
     172
     158
     153
     151
     160
     139
     135
     157
     124
     141
     163
     148
     145
     141
     150
     131
     147
     133
     128
     122
     158
     116
     142
     125
     136
     130
     128
     132
     127
     116
     114
     144
     124
     117
     133
     160
     116
     119
     137
     125
     115
     112
     117
     117
     107
     132
     124
     115
     106
     108
     119
     107
     101
     116
     115
      89
     117
      89
     107
     112
     122
     106
     118
     110
      94
      96
     107
     101
      98
     103
      91
     107
      79
     104
      95
      92
      84
     105
      80
      91
      93
      95
      80
      99
      94
     109
      98
      91
      66
      93
     100
      86
      85
      82
      85
      89
      95
      78
      86
      73
      79
      72
      77
      80
      82
      82
      91
      73
      92
      70
      81
      78
      79
      78
      81
      76
      93
      67
      69
      68
      88
      85
      60
      77
      80
      73
      61
      69
      55
      67
      71
      76
      80
      63
      74
      77
      66
      59
      65
      71
      57
      54
      60
      60
      57
      58
      60
      57
      67
      71
      58
      72
      70
      64
      52
      54
      56
      56
      58
      65
      49
      55
      49
      48
      48
      49
      52
      49
      58
      51
      69
      65
      49
      38
      52
      56
      46
      50
      45
      51
      39
      51
      48
      43
      47
      46
      40
      45
      37
      50
      42
      39
      37
      49
      39
      55
      46
      44
      51
      36
      38
      26
      47
      45
      53
      42
      45
      43
      40
      40
      36
      41
      34
      28
      40
      50
      48
      26
      37
      48
      34
      36
      30
      29
      33
      27
      39
      21
      35
      37
      31
      27
      26
      24
      39
      29
      29
      34
      36
      36
      32
      36
      29
      41
      26
      29
      25
      29
      27
      40
      32
      28
      29
      21
      35
      32
      30
      29
      21
      22
      22
      27
      25
      20
      21
      13
      25
      21
      30
      21
      19
      21
      28
      25
      24
      21
      29
      35
      28
      19
      21
      22
      31
      27
      18
      26
      22
      23
      26
      20
      29
      19
      22
      17
      25
      32
      28
      26
      31
      17
      15
      25
      22
      22
      23
      20
      14
      25
      17
      24
      17
      22
      20
      21
      28
      17
      17
      18
      24
      24
      22
      18
      25
      19
      14
      16
      20
      20
      16
      19
      24
      18
      19
      14
      16
      15
      21
      19
       7
      25
      14
      11
      13
      19
      22
      11
      21
      21
      13
      10
      16
      14
       9
      14
      17
      19
      14
      13
      13
      14
      15
      16
      12
      13
      15
      19
      14
      13
       9
      11
       7
      17
      17
      13
      15
      12
      16
      20
      14
      15
      12
      14
       6
      13
      12
      14
      16
      15
      12
       8
      21
      10
      10
      12
      10
      13
      12
       8
      14
       8
       9
      15
      11
      18
      19
       8
       8
      10
      12
       6
      10
      10
       9
      11
       9
      12
       8
       9
      10
       7
      12
       7
      14
       6
       8
       8
      16
      10
       9
      10
      12
      11
      10
      10
      14
      17
       7
      11
       5
      12
       9
       7
      17
      11
       5
       3
       8
       8
      16
      11
       7
       9
       5
      12
      10
       7
       5
      14
      13
      11
      13
       8
      13
       9
       6
       7
      14
       1
       7
       5
      13
       5
       8
       8
       6
      14
       4
      10
       4
       6
       8
       9
       2
      11
       5
       8
       5
      10
      10
       4
       8
       7
       5
      10
       7
       6
       8
      13
      13
       8
       7
      13
       7
       6
       8
       6
       6
      13
       7
       5
       5
       2
       6
       4
       5
       7
       5
       9
       6
       7
       4
       5
       7
      10
       9
       9
       7
       8
      11
       6
       7
       8
       2
       4
       4
       3
       3
       2
       7
       6
       4
      12
       0
       7
       7
       6
       9
       3
       7
       2
       6
       4
       3
       2
       3
       5
       9
       5
       8
       5
       7
       7
       8
       5
       6
       9
      10
       7
       9
       8
       5
       7
       6
       2
       8
       6
       6
       3
       6
       6
       6
       7
       1
       5
       6
       5
       3
       9
       5
       9
       8
       7
       6
       3
       5
       8
       4
       5
       4
       7
       5
       3
       7
       8
       5
       6
      11
       7
       2
       2
       7
       6
       7
       3
       7
       5
       7
       4
       5
       7
       6
       5
       7
       5
       4
       6
       6
       6
       3
       2
       8
       5
       5
       1
       7
       3
       2
       7
       7
       4
       8
       4
       6
       3
       1
       5
       3
       7
       9
       4
       3
       3
       4
       1
       6
       5
       4
       3
       5
       3
      11
       5
       7
       5
       8
       7
       4
       1
       3
       6
       2
       7
       3
       5
       4
       0
       7
       7
       6
       8
       5
       7
      11
       3
       7
       7
       3
       2
       2
       6
       3
       5
       5
       8
       2
       1
       6
       5
       2
       4
       5
       5
       9
       6
       6
       7
       9
       3
       3
       3
       6
       3
       4
       6
       4
       5
       7
       3
       6
       4
       4
      11
       3
       5
       8
       3
       5
       0
       8
       2
       2
       5
       6
       5
       3
       4
       3
       7
       2
       5
       3
       3
       8
       9
       4
       8
       7
       2
       5
       9
       5
       1
       2
       3
       5
       4
       6
       7
       2
       2
       4
       5
       5
       3
       3
       5
       4
       5
       5
       4
       5
       4
       3
       8
       5
       8
       2
       8
       6
       6
       1
       4
       7
       5
       9
       7
       5
       5
       6
       4
       7
       6
       6
       4
       4
       5
       4
       7
       1
       4
       5
       8
       6
       6
       1
       6
       3
       3
       5
       2
       6
       3
       5
       4
       5
       4
       2
       2
       6
       2
       2
       2
       8
       8
       3
       7
       3
       6
       4
       4
       4
       1
       8
       5
       5
       2
       2
       9
       3
       4
       4
       9
       3
       2
       4
       1
       8
       4
       3
       5
       4
       5
       6
       3
       4
       2
       4
       8
       2
       6
       5
       7
       2
       9
       2
       4
       3
       2
       5
       4
       7
       8
       3
       7
       5
       9
       4
       3
       2
       5
       7
       5
       5
       2
       5
       6
       9
       4
       8
       6
       7
       1
       3
       2
       2
       3
       2
       1
       6
       8
       5
       4
       9
       7
       5
       2
       2
       7
       2
       5
       4
       2
       2
       2
       6
       6
       4
       3
       8
       3
       3
       5
       4
       4
       1
       1
       1
       4
       1
       2
       2
       5
       8
       7
       3
       1
       8
       1
       5
       8
       3
       4
       2
       5
       4
       5
       0
       3
       4
       1
       3
       8
       4
       1
       5
       6
       7
       2
       6
       6
       6
       5
       6
       5
       3
       3
       4
       5
       9
       2
       2
       3
       6
       6
       5
       4
       9
       5
       2
       2
       5
       7
       4
       6
       5
       5
       6
       5
       1
       3
       4
       2
       2
       5
       3
       6
       8
       4
       4
       4
       1
       7
       1
       4
       5
       2
       5
      10
       5
       3
       6
       4
       9
       3
       6
       8
       3
       4
       2
       8
       2
       9
       6
       0
       7
       6
       8
       6
       3
       5
       9
       7
       5
       1
       7
       4
       7
      10
       6
       3
       7
       5
       4
       0
       5
       3
       6
       0
       6
       3
       4
       5
       4
       2
       4
       7
       3
       2
       6
       2
       1
       2
       3
       3
       4
       4
       6
       6
       2
       6
       5
       6
       3
       4
       3
       6
       3
       4
       5
       2
       7
      10
       7
       5
       8
       3
       3
       4
       3
       4
       3
       6
       9
       2
       3
       2
       4
       5
       3
       2
       2
       2
       3
       6
       3
       2
       1
       5
       4
       2
       4
       5
       9
       9
       1
       4
       4
       1
       2
       5
       3
       6
       0
       5
       7
       1
       5
       3
       3
       3
       2
       6
       3
       3
       1
       4
       4
       0
       2
       3
       4
       5
       5
       5
       3
       4
       2
       4
       6
       6
       2
       3
       1
       4
       4
       2
       2
       3
       5
       3
       2
       3
       4
       3
       4
       0
       5
       3
       5
       5
       1
       1
       2
       3
       1
       4
       3
       1
       3
       3
       5
       4
       1
       2
       5
       3
       1
       1
       5
       2
       2
       3
       3
       2
       1
       5
       4
       3
       0
       3
       6
       1
       3
       4
       2
       2
       4
       4
       2
       3
       4
       5
       5
       4
       1
       5
       1
       1
       2
       1
       5
       4
       1
       2
       4
       4
       2
       3
       4
       3
       2
       8
       4
       2
       5
       4
       6
       1
       1
       2
       2
       1
       3
       5
       3
       0
       3
       2
       6
       2
       0
       2
       1
       4
       1
       1
       2
       4
       3
       3
       1
       4
       2
       2
       2
       2
       2
       4
       4
       5
       1
       1
       1
       2
       0
       2
       0
       3
       4
       1
       1
       3
       4
       3
       3
       4
       3
       2
       0
       4
       2
       5
       3
       1
       2
       0
       3
       4
       1
       1
       2
       2
       1
       3
       1
       2
       2
       3
       2
       3
       4
       0
       2
       2
       1
       3
       1
       5
       2
       0
       4
       2
       1
       1
       2
       2
       6
       5
       2
       3
       2
       1
       0
       1
       3
       4
       1
       1
       4
       4
       0
       1
       2
       2
       1
       2
       6
       5
       4
       3
       3
       3
       1
       3
       3
       1
       4
       2
       2
       1
       1
       2
       0
       4
       2
       3
       3
       6
       1
       2
       0
       5
       1
       3
       1
       1
       2
       3
       2
       0
       1
       2
       2
       0
       2
       3
       4
       1
       1
       1
       0
       6
       1
       2
       1
       5
       3
       0
       3
       4
       0
       3
       0
       3
       3
       3
       1
       7
       2
       2
       0
       2
       1
       2
       3
       0
       3
       5
       3
       3
       2
       4
       2
       3
       3
       2
       2
       5
       2
       2
       3
       4
       5
       1
       0
       1
       4
       1
       3
       2
       2
       1
       1
       2
       2
       1
       2
       4
       2
       2
       5
       2
       2
       3
       3
       1
       2
       4
       1
       3
       2
       1
       1
       1
       3
       2
       4
       6
       2
       1
       3
       1
       2
       4
       2
       2
       2
       0
       0
       2
       2
       0
       1
       3
       1
       1
       1
       1
       2
       1
       2
       4
       7
       1
       1
       3
       1
       1
       0
       2
       1
       4
       2
       3
       3
       0
       6
       2
       3
       1
       1
       3
       5
       5
       5
       3
       6
       4
       4
       3
       1
       8
       1
       3
       3
       3
       5
       2
       5
       2
       0
       1
       0
       3
       2
       6
       2
       1
       2
       0
       2
       0
       6
       2
       0
       3
       1
       4
       1
       2
       5
       2
       2
       0
       3
       0
       1
       0
       1
       1
       0
       2
       3
       4
       1
       6
       3
       3
       4
       2
       2
       4
       4
       1
       1
       2
       3
       1
       1
       3
       3
       1
       1
       2
       3
       2
       3
       3
       0
       3
       2
       2
       3
       2
       0
       0
       3
       1
       5
       1
       1
       3
       1
       1
       1
       1
       1
       1
       2
       2
       3
       3
       0
       2
       4
       4
       6
       0
       2
       3
       4
       2
       3
       5
       2
       1
       3
       0
       3
       1
       3
       0
       1
       1
       1
       1
       0
       3
       4
       2
       1
       0
       3
       1
       0
       3
       3
       2
       1
       7
       6
       3
       0
       6
       1
       1
       7
       3
       2
       0
       2
       2
       4
       1
       3
       1
       2
       3
       1
       4
       1
       1
       3
       1
       2
       1
       1
       1
       0
       0
       3
       1
       3
       0
       2
       1
       0
       2
       1
       1
       3
       1
       0
       2
       0
       4
       4
       5
       1
       3
       2
       5
       3
       1
       0
       0
       4
       2
       2
       1
       1
       2
       3
       1
       2
       4
       1
       4
       1
       5
       2
       0
       1
       0
       1
       1
       3
       1
       2
       2
       2
       1
       2
       2
       3
       3
       3
       2
       3
       0
       2
       0
       3
       4
       0
       1
       4
       3
       0
       0
       0
       0
       1
       3
       4
       1
       0
       1
       1
       4
       2
       6
       2
       2
       2
       3
       2
       1
       0
       3
       5
       1
       3
       1
       2
       1
       0
       3
       5
       0
       2
       2
       1
       2
       2
       2
       2
       1
       2
       0
       5
       1
       3
       2
       4
       6
       1
       3
       2
       2
       1
       1
       3
       2
       2
       3
       2
       3
       1
       2
       0
       2
       3
       2
       1
       3
       0
       2
       2
       1
       1
       0
       1
       1
       1
       2
       0
       3
       0
       2
       4
       2
       3
       2
       2
       2
       0
       1
       0
       0
       1
       2
       1
       0
       2
       2
       0
       3
       0
       0
       1
       2
       1
       5
       4
       3
       3
       3
       2
       3
       1
       2
       1
       2
       1
       1
       3
       0
       1
       1
       5
       3
       2
       2
       0
       1
       0
       2
       2
       2
       1
       0
       1
       1
       3
       2
       4
       0
       2
       3
       2
       2
       3
       7
       2
       1
       4
       1
       0
       2
       6
       0
       3
       1
       1
       1
       2
       1
       0
       2
       0
       1
       1
       0
       1
       0
       3
       2
       1
       3
       0
       2
       1
       0
       2
       0
       2
       2
       0
       4
       4
       1
       2
       0
       0
       0
       0
       0
       2
       2
       4
       0
       0
       1
       2
       1
       2
       2
       2
       1
       1
       4
       2
       3
       3
       2
       0
       2
       2
       4
       3
       0
       5
       1
       2
       5
       1
       1
       2
       0
       2
       1
       1
       2
       1
       5
       2
       1
       1
       3
       3
       0
       1
       0
       3
       1
       2
       0
       2
       1
       2
       1
       1
       1
       2
       0
       0
       0
       0
       0
       0
       3
       1
       1
       1
       1
       2
       2
       1
       2
       2
       2
       0
       1
       3
       1
       2
       3
       0
       0
       2
       5
       1
       3
       1
       3
       1
       0
       1
       0
       4
       1
       1
       0
       2
       1
       1
       2
       1
       2
       2
       0
       0
       0
       3
       0
       1
       1
       0
       1
       1
       3
       2
       2
       3
       3
       0
       0
       4
       0
       1
       1
       1
       0
       0
       2
       0
       3
       2
       0
       3
       1
       1
       2
       1
       3
       1
       0
       1
       1
       3
       0
       3
       1
       3
       1
       1
       2
       2
       1
       1
       3
       0
       1
       2
       2
       0
       2
       3
       1
       1
       2
       1
       0
       0
       0
       2
       1
       1
       1
       1
       3
       1
       1
       1
       2
       1
       3
       1
       1
       0
       1
       1
       2
       1
       0
       1
       0
       2
       4
       0
       0
       1
       2
       0
       2
       2
       0
       0
       0
       0
       2
       2
       2
       0
       2
       0
       0
       4
       0
       1
       2
       0
       0
       1
       0
       2
       2
       2
       1
       2
       0
       0
       0
       1
       1
       0
       0
       2
       1
       3
       1
       0
       0
       2
       1
       2
       0
       1
       0
       1
       0
       1
       1
       2
       1
       3
       2
       4
       2
       2
       4
       0
       1
       0
       0
       1
       2
       0
       1
       1
       2
       1
       1
       1
       2
       4
       0
       0
       1
       0
       0
       2
       1
       1
       2
       1
       1
       0
       0
       0
       1
       1
       0
       1
       2
       0
       1
       2
       1
       1
       0
       1
       0
       2
       2
       1
       0
       1
       3
       2
       1
       2
       0
       1
       0
       1
       1
       0
       2
       1
       0
       1
       1
       0
       0
       4
       1
       0
       3
       0
       1
       0
       1
       1
       0
       1
       1
       1
       0
       2
       0
       0
       1
       1
       1
       0
       0
       0
       0
       3
       0
       1
       1
       0
       0
       1
       2
       0
       2
       0
       0
       1
       0
       2
       1
       1
       0
       0
       0
       0
       0
       0
       0
       0
       0
       2
       0
       1
       2
       1
       0
       0
       1
       0
       0
       0
       1
       1
       0
       0
       2
       0
       3
       0
       0
       1
       2
       1
       0
       0
       2
       0
       1
       2
       0
       0
       3
       0
       1
       0
       1
       0
       1
       1
       1
       0
       1
       2
       1
       0
       1
       0
       1
       0
       0
       2
       0
       1
       0
       1
       0
       1
       1
       0
       2
       0
       0
       2
       0
       0
       0
       0
       1
       4
       1
       4
       0
       1
       0
       1
       0
       2
       0
       1
       0
       2
       1
       0
       2
       1
       2
       1
       3
       0
       0
       2
       0
       0
       1
       1
       0
       0
       0
       0
       1
       2
       2
       1
       0
       0
       0
       1
       1
       1
       1
       1
       1
       0
       0
       3
       1
       1
       1
       0
       2
       0
       0
       1
       0
       0
       0
       1
       0
       1
       0
       0
       0
       1
       1
       0
       4
       0
       0
       1
       0
       2
       0
       1
       0
       0
       1
       0
       2
       0
       0
       1
       2
       0
       0
       0
       1
       0
       1
       0
       3
       1
       1
       0
       0
       0
       0
       1
       2
       1
       0
       0
       0
       2
       2
       0
       0
       1
       0
       0
       0
       0
       1
       0
       0
       0
       0
       0
       0
       0
       0
       1
       0
       2
       1
       1
       0
       2
       0
       1
       1
       0
       1
       1
       1
       0
       0
       0
       1
       0
       0
       2
       0
       0
       2
       1
       1
       1
       0
       1
       2
       0
       2
       1
       0
       0
       0
       0
       0
       0
       0
       1
       0
       1
       1
       0
       1
       0
       0
       0
       1
       1
       0
       0
       0
       0
       3
       1
       0
       0
       0
       0
       0
       2
       1
       1
       1
       0
       0
       1
       0
       1
       1
       0
       0
       0
       0
       0
       1
       0
       1
       0
       0
       0
       0
       0
       0
       1
       0
       0
       0
       1
       2
       0
       0
       0
       0
       0
       0
       0
       1
       1
       0
       0
       0
       1
       0
       0
       0
       0
       0
       0
       0
       0
       0
       1
       1
       0
       0
       0
       0
       0
       1
       0
       1
       0
       0
       0
       0
       0
       0
       0
       0
       0
       1
       0
       0
       0
       0
       2
       0
       1
       1
       1
       0
       0
       0
       0
       0
       1
       1
       0
       0
       0
       1
       0
       0
       0
       0
       4
       1
       0
       0
       0
       0
       0
       1
       0
       0
       0
       0
       0
       0
       0
       1
       0
       0
       0
       0
       0
       1
       0
       2
       1
       1
       0
       1
       2
       0
       1
       0
       0
       1
       1
       0
       0
       0
       0
       0
       1
       0
       0
       0
       0
       0
       0
       1
       1
       0
       0
       0
       0
       0
       0
       1
       0
       0
       0
       1
       0
       0
       0
       0
       1
       0
       0
       0
       0
       0
       0
       0
       0
       1
       0
       0
       1
       0
       0
       0
       0
       0
       0
       1
       0
       0
       0
       0
       1
       0
       0
       1
       0
       1
       1
       1
       0
       0
       0
       0
       0
       0
       1
       0
       0
       1
       1
       0
       0
       0
       0
       2
       0
       0
       0
       1
       0
       2
       0
       0
       0
       0
       0
       1
       0
       0
       0
       0
       0
       2
       0
       0
       0
       1
       0
       0
       0
       0
       0
       0
       1
       0
       0
       0
       0
       0
       0
       0
       0
       1
       0
       2
       0
       0
       0
       0
       0
       0
       0
       0
       0
       0
       0
       0
       0
       0
       0
       0
       3
       0
       0
       0
       0
       0
       0
       0
       0
       0
       1
       0
       0
       2
       0
       1
       1
       0
       0
       0
       0
       1
       0
       0
       0
       1
       0
       0
       0
       0
       1
       0
       0
       0
       0
       0
       0
       1
       0
       0
       0
       0
       0
       0
       0
       0
       0
       1
       0
       0
       0
       1
       0
       1
       1
       0
       0
       0
       0
       0
       1
       0
       0
       0
       0
       1
       0
       0
       0
       0
       0
       0
       0
       0
       0
       0
       0
       0
       0
       0
       0
       0
       0
       0
       0
       0
       0
       0
       0
       0
       0
       0
       0
       0
       0
       0
       0
       0
       0
       0
       0
       0
       0
       0
       0
       1
       0
       0
       2
       0
       0
       1
       0
       0
       0
       0
       0
       0
       0
       1
       0
       0
       0
       0
       0
       1
       0
       0
       0
       0
       0
       0
       0
       0
       0
       0
       0
       0
       0
       0
       1
       0
       0
       0
       0
       0
       0
       0
       0
       0
       0
       0
       0
       0
       0
       0
       0
       0
       0
       0
       0
       0
       0
       0
       0
       0
       0
       1
       1
       1
       0
       0
       0
       0
       0
       0
       0
       0
       1
       0
       0
       0
       0
       0
       0
       0
       0
       0
       1
       0
       0
       0
       0
       0
       1
       0
       0
       0
       0
       0
       1
       0
       0
       0
       0
       0
       1
       0
       0
       0
       0
       0
       0
       0
       0
       1
       0
       0
       0
       1
       0
       0
       0
       0
       0
       0
       0
       0
       0
       0
       1
       0
       0
       1
       0
       0
       0
       0
       0
       0
       0
       0
       1
       0
       0
       0
       0
       0
       0
       0
       0
       0
       0
       0
       0
       0
       0
       0
       0
       0
       0
       0
       0
       0
       1
       0
       0
       0
       0
       0
       1
       0
       0
       0
       0
       0
       0
       0
       1
       0
       0
       0
       0
       0
       0
       0
       0
       0
       0
       0
       0
       0
       0
       0
       0
       0
       0
       0
       0
       0
       0
       0
       1
       0
       0
       0
       0
       0
       0
       0
       0
       0
       0
       0
       0
       0
       0
       1
       0
       0
       0
       0
       0
       0
       0
       0
       0
       0
       0
       0
       0
       0
       0
       0
       1
       0
       0
       0
       0
       0
       0
       0
       0
       0
       0
       0
       0
       0
       0
       0
       0
       0
       0
       0
       1
       0
       0
       0
       0
       0
       0
       0
       0
       0
       0
       0
       0
       0
       0
       0
       0
       0
       0
       0
       0
       0
       0
       0
       0
       0
       0
       1
       0
       0
       0
       0
       0
       0
       0
       0
       0
       0
       0
       0
       0
       0
       0
       0
       0
       0
       0
       0
       0
       0
       0
       0
       0
       0
       0
       0
       0
       0
       0
       0
       0
       0
       0
       0
       0
       0
       0
       0
       0
       0
       0
       0
       0
       0
       0
       1
       0
       1
       0
       0
       0
       0
       0
       0
       0
       0
       0
       0
       0
       0
       0
       0
       0
       0
       0
       0
       0
       0
       0
       0
       0
       0
       0
       0
       0
       0
       0
       0
       0
       0
       0
       0
       0
       0
       0
       0
       0
       0
       0
       0
       0
       0
       0
       0
       0
       0
       0
       0
       0
       0
       1
       1
       1
       0
       0
       0
       0
       0
       0
       0
       0
       0
       0
       0
       0
       0
       0
       0
       0
       0
       0
       0
       0
       0
       0
       0
       0
       0
       0
       0
       0
       0
       0
       0
       0
       0
       0
       0
       0
       0
       0
       0
       0
       0
       0
       0
       0
       0
       0
       0
       0
       0
       0
       0
       0
       0
       0
       0
       0
       0
       0
       0
       0
       0
       0
       0
       0
       0
       0
       0
       0
       0
       0
       0
       0
       0
       0
       0
       0
       0
       0
       0
       0
       0
       0
       0
       0
       0
       0
       0
       0
       0
       0
       0
       0
       0
       0
       0
       0
       0
       0
       0
       0
       0
       0
       0
       0
       0
       0
       0
       0
       0
       0
       0
       0
       0
       0
       0
       0
       0
       0
       0
       0
       0
       0
       0
       0
       0
       0
       0
       0
       0
       0
       0
       0
       0
       0
       0
       0
       0
       0
       0
       0
       0
       0
       0
       0
       1
       0
       0
       0
       0
       0
       0
       0
       0
       0
       0
       0
       0
       0
       0
       0
       0
       0
       0
       0
       0
       0
       0
       0
       0
       0
       0
       0
       0
       0
       0
       0
       0
       0
       0
       0
       0
       0
       0
       0
       0
       0
       0
       0
       0
       0
       0
       0
       0
       0
       0
       0
       0
       0
       0
       0
       0
       0
       0
       0
       0
       0
       0
       0
       0
       0
       0
       0
       0
       0
       0
       0
       0
       0
       0
       0
       0
       0
       0
       0
       0
       0
       0
       0
       0
       0
       0
       0
       0
       0
       0
       0
       0
       0
       0
       0
       0
       0
       0
       0
       0
       0
       0
       0
       0
       0
       0
       0
       0
       0
       0
       0
       0
       0
       0
       0
       0
       0
       0
       0
       0
       0
       0
       0
       0
       0
       0
       0
       0
       0
       0
       0
       0
       0
       0
       0
       0
       0
       0
       0
       0
       0
       0
       0
       0
       0
       0
       0
       0
       0
       0
       0
       0
       0
       0
       0
       0
       0
       0
       0
       0
       0
       0
       0
       0
       0
       0
       0
       0
       0
       0
       0
       0
       0
       0
       0
       0
       0
       0
       0
       0
       0
       0
       0
       0
       0
       0
       0
       0
       0
       0
       0
       0
       0
       0
       0
       0
       0
       0
       0
       0
       0
       0
       0
       0
       0
       0
       0
       0
       0
       0
       0
       0
       0
       0
       0
       0
       0
       0
       0
       0
       0
       0
       0
       0
       0
       0
       0
       0
       0
       0
       0
       0
       0
       0
       0
       0
       0
       0
       0
       0
       0
       0
       0
       0
       0
       0
       0
       0
       0
       0
       0
       0
       0
       0
       0
       0
       0
       0
       0
       0
       0
       0
       0
       0
       0
       0
       0
       0
       0
       0
       0
       0
       0
       0
       0
       0
       0
       0
       0
       0
       0
       0
       0
       0
       0
       0
       0
       0
       0
       0
       0
       0
       0
       0
       0
       0
       0
       0
       0
       0
       0
       0
       0
       0
       0
       1
       0
       0
       0
       0
       0
       0
       0
       0
       0
       0
       0
       0
       0
       0
       0
       0
       0
       0
       0
       0
       0
       0
       0
       0
       0
       0
       0
       0
       0
       0
       0
       0
       0
       0
       0
       0
       0
       0
       0
       0
       0
       0
       0
       0
       0
       0
       0
       1
       0
       0
       0
       0
       0
       0
       0
       0
       0
       0
       0
       0
       0
       0
       0
       0
       0
       0
       0
       0
       0
       0
       0
       0
       0
       0
       0
       0
       0
       0
       0
       0
       0
       0
       0
       0
       0
       0
       0
       0
       0
       0
       0
       0
       1
       0
       0
       0
       0
       0
       0
       0
       0
       0
       0
       0
       0
       0
       0
       0
       0
       0
       0
       0
       0
       0
       0
       0
       0
       0
       0
       0
       0
       0
       0
       0
       0
       0
       0
       0
       0
       0
       0
       0
       0
       0
       0
       0
       0
       0
       0
       0
       0
       0
       0
       0
       0
       0
       0
       0
       0
       0
       0
       0
       0
       0
       0
       0
       0
       0
       0
       0
       0
       0
       0
       0
       0
       0
       0
       0
       0
       0
       0
       0
       0
       0
       0
       0
       0
       0
       0
       0
       0
       0
       0
       0
       0
       0
       0
       0
       0
       0
       0
       0
       0
       0
       0
       0
       0
       0
       0
       0
       0
       0
       0
       0
       0
       0
       0
       0
       0
       0
       0
       0
       0
       0
       0
       0
       0
       0
       0
       0
       0
       0
       0
       0
       0
       0
       0
       0
       0
       0
       0
       0
       0
       0
       0
       0
       0
       0
       0
       0
       0
       0
       0
       0
       0
       0
       0
       0
       0
       0
       0
       0
       0
       0
       0
       0
       0
       0
       0
       0
       0
       0
       0
       0
       0
       0
       0
       0
       0
       0
       0
       0
       0
       0
       0
       0
       0
       0
       0
       0
       0
       0
       0
       0
       1
       0
       0
       0
       0
       0
       0
       0
       0
       0
       0
       0
       0
       0
       0
       0
       0
       0
       0
       0
       0
       0
       0
       0
       0
       0
       0
       0
       0
       0
       0
       0
       0
       0
       0
       0
       0
       0
       0
       0
       0
       0
       0
       0
       0
       0
       0
       0
       0
       0
       0
       0
       0
       0
       0
       0
       0
       0
       0
       0
       0
       0
       0
       0
       0
       0
       0
       0
       0
       0
       0
       0
       0
       0
       0
       0
       0
       0
       0
       0
       0
       0
       0
       0
       0
       0
       0
       0
       0
       0
       0
       0
       0
       0
       0
       0
       0
       0
       0
       0
       0
       0
       0
       0
       0
       0
       0
       0
       0
       0
       0
       0
       0
       0
       0
       0
       0
       0
       0
       0
       0
       0
       0
       0
       0
       0
       0
       0
       0
       0
       0
       0
       0
       0
       0
       0
       0
       0
       0
       0
       0
       0
       0
       0
       0
       0
       0
       0
       0
       0
       0
       0
       0
       0
       0
       0
       0
       0
       0
       0
       0
       0
       0
       0
       0
       0
       0
       0
       0
       0
       0
       0
       0
       0
       0
       0
       0
       0
       0
       0
       0
       0
       0
       0
       0
       0
       0
       0
       0
       0
       0
       0
       0
       0
       0
       0
       0
       0
       0
       0
       0
       0
       0
       0
       0
       0
       0
       0
       0
       0
       0
       0
       0
       0
       0
       0
       0
       0
       0
       0
       0
       0
       0
       0
       0
       0
       0
       0
       0
       0
       0
       0
       0
       0
       0
       0
       0
       0
       0
       0
       0
       0
       0
       0
       0
       0
       0
       0
       0
       0
       0
       0
       0
       0
       0
       0
       0
       0
       0
       0
       0
       0
       0
       0
       0
       0
       0
       0
       0
       0
       0
       0
       0
       0
       0
       0
       0
       0
       0
       0
       0
       0
       0
       0
       0
       0
       0
       0
       0
       0
       0
       0
       0
       0
       0
       0
       0
       0
       0
       0
       0
       0
       0
       0
       0
       0
       0
       0
       0
       0
       0
       0
       0
       0
       0
       0
       0
       0
       0
       0
       0
       0
       0
       0
       0
       0
       0
       0
       0
       0
       0
       0
       0
       0
       0
       0
       0
       0
       0
       0
       0
       0
       0
       0
       0
       0
       0
       0
       0
       0
       0
       0
       0
       0
       0
       0
       0
       0
       0
       0
       0
       0
       0
       0
       0
       0
       0
       0
       0
       0
       0
       0
       0
       0
       0
       0
       0
       0
       0
       0
       0
       0
       0
       0
       0
       0
       0
       0
       0
       0
       0
       0
       0
       0
       0
       0
       0
       0
       0
       0
       0
       0
       0
       0
       0
       0
       0
       0
       0
       0
       0
       0
       0
       0
       0
       0
       0
       0
       0
       0
       0
       0
       0
       0
       0
       0
       0
       0
       0
       0
       0
       0
       0
       0
       0
       0
       0
       0
       0
       0
       0
       0
       0
       0
       0
       0
       0
       0
       0
       0
       0
       0
       0
       0
       0
       0
       0
       0
       0
       0
       0
       0
       0
       0
       0
       0
       0
       0
       0
       0
       0
       0
       0
       0
       0
       0
       0
       0
       0
       0
       0
       0
       0
       0
       0
       0
       0
$ROI:
3
6725 6813
6948 7045
7244 7256
$PRESETS:
None
0
0
$ENER_FIT:
-0.000074 0.728814
$MCA_CAL:
3
-7.366740E-005 7.288145E-001 -2.624510E-006 keV
$SHAPE_CAL:
3
0.000000E+000 0.000000E+000 0.000000E+000
