$SPEC_ID:
No sample description was entered.
$SPEC_REM:
DET# 1
DETDESC# PPF18-07 Easy-MCA-8k SN 14274550
AP# Maestro Version 7.01
$DATE_MEA:
11/16/2022 17:01:23
$MEAS_TIM:
30729 55413
$DATA:
0 8191
       0
       0
       0
       0
       0
       0
       0
       0
       0
       0
       0
       0
       0
       0
       0
       0
       0
       0
       0
       0
       0
       0
       0
       0
     132
   35085
 1483095
15431164
  402038
   94313
  123132
  168789
  226401
  280100
  304487
  281029
  225661
  166925
  126692
   98768
   81914
   67367
   54930
   44322
   35242
   27994
   22049
   17478
   14098
   11628
    9803
    8667
    8024
    7358
    7086
    6799
    6883
    6836
    6771
    6587
    6407
    6088
    5717
    5342
    5045
    4654
    4195
    3721
    3321
    2830
    2407
    2164
    1873
    1563
    1341
    1155
    1026
     897
     818
     718
     682
     599
     585
     528
     546
     507
     472
     509
     457
     430
     441
     421
     403
     356
     387
     318
     330
     280
     266
     229
     242
     201
     251
     196
     144
     175
     170
     137
     140
     109
     135
     121
     106
     126
     110
     106
     106
      99
     103
      92
      97
     100
      96
      86
      79
      94
      74
      82
      93
      79
      77
      82
      75
      94
      97
      79
      74
      70
      85
      65
      92
      70
      70
      68
      72
      71
      70
      56
      69
      81
      69
      82
      75
      87
      78
      73
      60
      79
      75
      66
      81
      66
      69
      59
      66
      64
      65
      59
      51
      63
      65
      66
      46
      77
      74
      64
      65
      59
      73
      65
      66
      67
      63
      59
      67
      47
      66
      68
      56
      70
      68
      74
      50
      64
      56
      74
      60
      63
      62
      61
      65
      59
      57
      45
      62
      55
      58
      65
      48
      59
      58
      67
      69
      53
      57
      44
      49
      60
      72
      60
      59
      59
      62
      64
      57
      48
      60
      77
      60
      57
      48
      58
      41
      57
      49
      56
      58
      56
      42
      59
      54
      53
      59
      48
      52
      59
      55
      32
      59
      57
      57
      51
      56
      53
      50
      58
      47
      53
      50
      51
      51
      41
      38
      44
      55
      56
      45
      49
      54
      51
      48
      48
      46
      44
      51
      46
      49
      49
      49
      54
      45
      44
      44
      36
      34
      56
      47
      43
      46
      52
      40
      52
      40
      54
      58
      51
      45
      55
      40
      50
      54
      30
      43
      55
      50
      57
      38
      39
      46
      47
      37
      42
      47
      48
      42
      47
      41
      52
      39
      52
      44
      42
      51
      48
      35
      35
      45
      49
      54
      39
      33
      52
      40
      57
      44
      37
      42
      39
      36
      51
      44
      47
      40
      47
      41
      43
      34
      59
      40
      48
      58
      36
      30
      45
      35
      50
      48
      33
      43
      52
      38
      41
      43
      37
      42
      42
      48
      48
      45
      38
      43
      44
      39
      52
      46
      35
      57
      51
      32
      44
      48
      52
      53
      39
      39
      34
      47
      40
      38
      48
      44
      38
      39
      56
      37
      35
      46
      44
      40
      46
      50
      39
      35
      27
      44
      43
      50
      39
      31
      41
      36
      32
      35
      41
      30
      42
      30
      49
      31
      44
      42
      30
      39
      35
      34
      25
      36
      45
      37
      42
      41
      44
      39
      35
      35
      43
      49
      31
      37
      32
      40
      45
      39
      35
      35
      35
      37
      38
      41
      41
      35
      42
      33
      31
      39
      32
      37
      30
      43
      33
      40
      43
      38
      38
      40
      33
      29
      36
      36
      23
      56
      47
      37
      40
      39
      39
      39
      35
      38
      47
      44
      45
      41
      27
      41
      32
      35
      29
      38
      38
      38
      34
      35
      37
      38
      29
      37
      36
      43
      25
      41
      24
      46
      41
      42
      46
      32
      39
      31
      40
      28
      33
      33
      32
      29
      22
      26
      46
      28
      26
      40
      45
      37
      28
      30
      34
      35
      31
      30
      36
      29
      41
      34
      38
      39
      31
      33
      48
      41
      32
      31
      41
      36
      26
      49
      29
      38
      37
      29
      34
      41
      35
      42
      22
      27
      32
      38
      44
      24
      37
      36
      28
      35
      27
      28
      41
      31
      36
      38
      43
      34
      32
      25
      40
      33
      31
      31
      35
      31
      33
      35
      25
      42
      24
      30
      32
      31
      41
      33
      29
      37
      35
      34
      35
      41
      30
      26
      36
      29
      36
      31
      28
      31
      49
      36
      41
      32
      40
      36
      43
      31
      36
      42
      40
      27
      34
      40
      37
      24
      26
      30
      27
      39
      37
      33
      28
      33
      25
      29
      30
      34
      32
      38
      33
      29
      31
      41
      35
      29
      34
      25
      26
      39
      29
      25
      29
      27
      28
      32
      35
      31
      27
      36
      43
      29
      30
      31
      34
      39
      24
      30
      25
      19
      27
      31
      34
      31
      33
      40
      31
      37
      30
      43
      26
      31
      25
      24
      43
      31
      33
      28
      38
      33
      30
      27
      31
      32
      33
      28
      33
      35
      38
      33
      26
      33
      38
      33
      36
      27
      30
      34
      35
      29
      35
      40
      22
      32
      30
      41
      31
      30
      39
      28
      28
      24
      28
      26
      35
      28
      34
      36
      46
      34
      34
      33
      27
      35
      37
      28
      42
      28
      27
      33
      35
      38
      44
      39
      28
      27
      27
      36
      32
      43
      33
      29
      23
      34
      21
      36
      35
      35
      31
      28
      30
      34
      23
      33
      31
      21
      24
      27
      42
      32
      29
      32
      25
      38
      29
      27
      33
      35
      31
      28
      30
      34
      24
      30
      26
      33
      33
      24
      32
      32
      45
      29
      30
      22
      33
      38
      27
      38
      33
      35
      30
      39
      32
      26
      29
      26
      35
      27
      41
      28
      29
      28
      28
      37
      28
      33
      29
      29
      24
      40
      28
      41
      20
      30
      32
      35
      32
      23
      27
      30
      23
      24
      30
      25
      29
      26
      22
      31
      41
      23
      27
      31
      27
      36
      35
      35
      41
      29
      20
      38
      28
      23
      33
      28
      25
      27
      28
      28
      32
      29
      25
      37
      17
      40
      44
      36
      27
      26
      32
      32
      38
      31
      27
      33
      16
      33
      26
      22
      37
      31
      28
      18
      37
      39
      25
      29
      34
      30
      38
      26
      32
      24
      32
      23
      28
      26
      43
      34
      27
      36
      32
      34
      39
      47
      24
      36
      27
      39
      20
      33
      35
      34
      28
      31
      27
      28
      34
      29
      29
      32
      31
      36
      30
      17
      27
      34
      24
      24
      20
      36
      27
      35
      27
      40
      26
      34
      29
      32
      37
      37
      27
      25
      32
      33
      22
      30
      25
      34
      41
      29
      27
      32
      31
      27
      31
      44
      28
      34
      38
      31
      29
      40
      35
      42
      36
      42
      31
      26
      28
      35
      35
      32
      30
      33
      33
      31
      29
      35
      33
      26
      23
      39
      33
      29
      27
      26
      27
      26
      33
      29
      32
      30
      38
      35
      32
      33
      39
      33
      30
      40
      28
      31
      42
      33
      27
      43
      26
      28
      26
      25
      38
      26
      21
      32
      24
      28
      32
      36
      33
      27
      31
      39
      36
      45
      26
      37
      39
      29
      28
      31
      43
      32
      24
      22
      25
      30
      27
      27
      30
      28
      43
      31
      24
      37
      31
      31
      33
      37
      29
      38
      29
      25
      32
      32
      32
      37
      29
      38
      32
      31
      23
      34
      27
      36
      25
      41
      36
      29
      26
      36
      41
      27
      29
      24
      30
      24
      31
      21
      44
      33
      31
      36
      37
      35
      30
      26
      28
      27
      34
      39
      29
      35
      23
      36
      30
      35
      30
      25
      32
      37
      28
      29
      25
      27
      29
      38
      38
      37
      31
      38
      41
      25
      33
      26
      22
      38
      28
      33
      44
      27
      41
      27
      36
      33
      28
      22
      33
      40
      22
      28
      25
      32
      29
      22
      29
      33
      21
      39
      39
      32
      25
      40
      30
      31
      26
      40
      50
      40
      39
      30
      46
      28
      24
      25
      36
      34
      30
      30
      24
      40
      34
      36
      30
      32
      28
      29
      43
      34
      39
      33
      38
      21
      40
      36
      39
      36
      34
      24
      30
      24
      35
      26
      37
      31
      34
      32
      35
      26
      42
      23
      26
      27
      28
      21
      34
      28
      34
      31
      24
      28
      36
      29
      45
      33
      35
      26
      29
      26
      25
      38
      31
      32
      40
      30
      41
      38
      37
      32
      26
      34
      29
      44
      36
      33
      26
      38
      34
      29
      35
      38
      33
      25
      27
      33
      30
      31
      32
      36
      33
      32
      46
      28
      22
      29
      36
      35
      28
      42
      23
      43
      27
      30
      29
      23
      34
      29
      32
      40
      35
      37
      34
      29
      36
      41
      29
      29
      32
      39
      31
      26
      26
      31
      38
      20
      49
      31
      29
      24
      23
      37
      33
      39
      35
      28
      40
      25
      45
      34
      26
      30
      33
      32
      32
      34
      31
      25
      23
      34
      34
      33
      39
      31
      40
      30
      36
      41
      31
      25
      29
      29
      37
      24
      35
      38
      36
      34
      29
      35
      29
      26
      31
      40
      41
      44
      41
      32
      33
      28
      38
      47
      27
      35
      31
      40
      28
      33
      28
      30
      33
      39
      27
      46
      27
      27
      23
      32
      32
      31
      35
      38
      34
      29
      29
      30
      27
      44
      36
      31
      25
      31
      36
      28
      32
      26
      30
      34
      41
      31
      44
      38
      45
      44
      38
      36
      32
      34
      41
      35
      43
      34
      38
      43
      31
      36
      46
      29
      25
      30
      33
      31
      42
      38
      30
      37
      37
      46
      35
      41
      32
      42
      45
      39
      30
      30
      38
      29
      30
      37
      28
      47
      34
      44
      40
      34
      30
      35
      39
      25
      39
      43
      31
      33
      47
      35
      40
      37
      38
      30
      35
      32
      33
      33
      35
      38
      32
      36
      29
      29
      31
      29
      31
      32
      28
      26
      18
      36
      32
      30
      33
      30
      37
      42
      42
      40
      29
      40
      38
      43
      39
      40
      30
      29
      33
      32
      35
      36
      40
      52
      43
      33
      32
      32
      33
      30
      29
      38
      33
      42
      32
      38
      39
      42
      35
      35
      27
      28
      23
      39
      34
      33
      36
      43
      39
      31
      27
      29
      21
      39
      53
      39
      26
      48
      36
      40
      36
      38
      33
      32
      42
      40
      38
      39
      39
      37
      42
      34
      35
      33
      37
      44
      46
      32
      39
      44
      37
      39
      42
      35
      37
      43
      28
      30
      40
      43
      33
      31
      27
      37
      35
      42
      41
      30
      36
      48
      33
      43
      42
      33
      38
      36
      29
      33
      36
      34
      38
      49
      34
      28
      30
      38
      39
      34
      47
      31
      34
      29
      40
      36
      35
      32
      31
      29
      47
      36
      38
      46
      40
      34
      37
      26
      32
      46
      33
      37
      30
      42
      38
      40
      43
      27
      41
      47
      35
      38
      40
      29
      40
      34
      29
      40
      40
      33
      32
      26
      33
      32
      40
      32
      47
      45
      45
      37
      34
      34
      39
      40
      33
      29
      25
      33
      36
      32
      52
      40
      52
      37
      52
      39
      24
      34
      31
      37
      41
      32
      42
      36
      25
      36
      47
      39
      48
      39
      34
      36
      37
      43
      43
      46
      28
      43
      39
      30
      49
      27
      43
      40
      39
      36
      27
      30
      26
      34
      34
      35
      36
      32
      42
      40
      45
      39
      38
      39
      39
      28
      23
      37
      30
      46
      46
      39
      36
      41
      28
      45
      54
      48
      40
      42
      38
      27
      36
      32
      43
      38
      39
      34
      38
      40
      44
      45
      34
      32
      32
      29
      32
      50
      42
      37
      29
      35
      55
      49
      35
      49
      40
      31
      42
      41
      34
      41
      35
      29
      32
      50
      39
      42
      39
      45
      43
      47
      28
      28
      40
      48
      50
      41
      43
      43
      24
      45
      37
      38
      30
      33
      33
      46
      43
      52
      38
      47
      37
      39
      50
      42
      44
      51
      44
      34
      45
      37
      42
      42
      40
      34
      34
      39
      44
      34
      41
      39
      47
      46
      29
      47
      37
      49
      44
      48
      34
      30
      42
      54
      30
      41
      44
      46
      44
      53
      40
      44
      46
      45
      38
      42
      42
      36
      43
      51
      36
      34
      44
      44
      28
      36
      52
      48
      35
      50
      46
      40
      53
      40
      42
      40
      40
      50
      56
      41
      39
      51
      43
      36
      51
      51
      46
      34
      52
      44
      43
      39
      54
      28
      38
      43
      31
      44
      42
      47
      45
      45
      48
      45
      42
      34
      48
      44
      46
      41
      44
      42
      53
      37
      33
      42
      52
      44
      50
      39
      44
      50
      48
      43
      37
      39
      43
      37
      43
      51
      48
      48
      54
      45
      39
      53
      33
      36
      40
      42
      41
      31
      41
      50
      31
      38
      40
      43
      36
      49
      43
      43
      41
      49
      45
      54
      33
      49
      38
      48
      35
      45
      44
      54
      46
      51
      38
      38
      48
      49
      43
      47
      46
      33
      36
      36
      32
      57
      45
      50
      41
      55
      42
      57
      51
      35
      43
      38
      48
      37
      46
      36
      44
      51
      42
      48
      54
      54
      47
      43
      54
      55
      42
      41
      45
      45
      55
      50
      40
      33
      41
      49
      39
      38
      36
      52
      33
      44
      34
      44
      38
      43
      52
      53
      52
      45
      39
      42
      44
      39
      56
      43
      53
      39
      47
      47
      40
      49
      50
      48
      49
      38
      46
      41
      46
      52
      47
      61
      40
      35
      38
      41
      52
      48
      50
      49
      41
      36
      42
      61
      45
      42
      44
      57
      48
      49
      31
      46
      51
      37
      44
      49
      37
      43
      48
      43
      56
      35
      53
      45
      52
      51
      39
      43
      39
      47
      57
      44
      36
      40
      33
      43
      39
      56
      41
      46
      48
      57
      41
      49
      42
      43
      27
      44
      38
      48
      44
      38
      55
      35
      46
      46
      44
      61
      53
      57
      55
      40
      42
      61
      43
      50
      55
      44
      40
      43
      39
      33
      47
      36
      51
      50
      53
      45
      62
      47
      47
      38
      60
      43
      40
      43
      54
      42
      43
      46
      58
      52
      52
      45
      47
      48
      43
      49
      51
      44
      42
      47
      48
      57
      41
      37
      57
      64
      51
      40
      46
      38
      52
      46
      48
      35
      58
      43
      51
      39
      52
      49
      49
      55
      44
      42
      66
      61
      41
      49
      62
      42
      51
      46
      57
      48
      62
      41
      41
      34
      39
      39
      44
      39
      48
      47
      63
      65
      32
      43
      60
      49
      44
      32
      46
      48
      43
      46
      48
      59
      49
      52
      53
      46
      55
      49
      45
      52
      43
      44
      68
      53
      61
      51
      50
      43
      43
      52
      47
      51
      40
      59
      44
      54
      52
      50
      46
      49
      62
      56
      56
      57
      61
      53
      48
      59
      54
      47
      49
      42
      58
      48
      53
      57
      59
      48
      51
      48
      51
      58
      45
      64
      51
      42
      59
      53
      50
      56
      49
      53
      59
      34
      45
      62
      50
      62
      54
      61
      40
      59
      51
      59
      56
      69
      42
      44
      58
      57
      51
      58
      57
      59
      53
      60
      63
      47
      44
      42
      52
      40
      55
      54
      66
      68
      49
      55
      57
      53
      47
      46
      55
      57
      58
      48
      43
      46
      49
      48
      57
      56
      55
      53
      53
      55
      46
      45
      45
      52
      57
      58
      65
      56
      52
      53
      37
      54
      66
      50
      56
      55
      41
      52
      49
      51
      43
      58
      49
      50
      50
      60
      54
      58
      54
      61
      51
      45
      53
      41
      57
      42
      46
      49
      59
      52
      68
      61
      48
      55
      49
      71
      60
      66
      55
      48
      53
      54
      69
      70
      51
      59
      64
      59
      68
      53
      55
      52
      56
      49
      62
      57
      51
      30
      59
      57
      58
      58
      60
      57
      55
      60
      52
      56
      65
      61
      59
      49
      53
      66
      51
      70
      49
      52
      55
      53
      53
      57
      52
      48
      69
      53
      60
      60
      55
      56
      67
      60
      59
      66
      64
      53
      57
      63
      64
      60
      50
      51
      69
      60
      65
      65
      42
      57
      47
      61
      59
      58
      48
      56
      53
      61
      48
      51
      55
      62
      55
      45
      53
      50
      66
      59
      60
      61
      51
      61
      44
      54
      50
      58
      62
      55
      54
      68
      45
      55
      45
      45
      72
      51
      57
      72
      72
      56
      63
      57
      56
      50
      51
      54
      69
      55
      55
      50
      57
      70
      61
      60
      59
      57
      77
      59
      59
      59
      64
      56
      63
      68
      56
      60
      66
      60
      52
      49
      67
      56
      61
      52
      72
      55
      58
      56
      64
      54
      64
      63
      54
      57
      62
      63
      51
      74
      60
      60
      53
      53
      55
      69
      65
      65
      69
      56
      59
      59
      50
      63
      59
      75
      58
      74
      54
      60
      70
      74
      68
      56
      65
      58
      63
      56
      62
      79
      61
      39
      71
      73
      55
      72
      48
      70
      68
      65
      58
      64
      71
      61
      57
      61
      55
      62
      65
      91
      58
      56
      75
      56
      55
      61
      64
      51
      65
      75
      62
      53
      63
      62
      82
      58
      57
      61
      75
      56
      57
      71
      67
      71
      72
      59
      72
      74
      52
      75
      55
      55
      63
      70
      79
      65
      83
      68
      60
      66
      69
      72
      56
      58
      72
      54
      67
      72
      56
      62
      65
      70
      39
      54
      50
      62
      63
      67
      64
      53
      66
      74
      86
      61
      56
      61
      53
      63
      68
      57
      76
      70
      51
      66
      66
      62
      67
      60
      51
      76
      58
      71
      63
      71
      69
      62
      72
      74
      65
      60
      69
      63
      69
      64
      67
      69
      57
      71
      77
      66
      81
      65
      61
      70
      71
      64
      69
      68
      80
      69
      59
      71
      50
      54
      77
      80
      69
      78
      69
      82
      67
      65
      76
      62
      65
      61
      77
      79
      78
      74
      89
      78
      76
      70
      65
      76
      65
      73
      62
      70
      71
      73
      70
      75
      82
      71
      75
      72
      73
      82
      72
      75
      73
      64
      97
      83
      81
      49
      78
      84
      58
      73
      63
      94
      75
      70
      64
      75
      85
      66
      70
      73
      84
      64
      77
      68
      50
      74
      78
      73
      77
      67
      81
      64
      60
      62
      68
      68
      75
      72
      79
      80
      61
      77
      75
      67
      65
      75
      82
      74
      92
      74
      72
      63
      69
      70
      76
      73
      83
      76
      72
      88
      77
      65
      64
      72
      63
      77
      80
      73
      74
      57
      97
      70
      73
      63
      80
      66
      83
      74
      83
      78
      63
      87
      72
      96
      70
      76
      77
      81
      70
      64
      74
      74
      78
      88
      85
      81
      72
      67
      63
      67
      80
      67
      83
      79
      78
      74
      84
      72
      76
      99
      80
      68
      73
      75
      88
      91
      77
      96
      70
      87
      86
      72
      89
      96
      82
      79
      75
      81
      81
      72
      84
      89
      63
      80
      73
      87
      96
      77
      88
      69
      83
      97
      77
      63
      99
      88
      73
      68
      59
      96
      76
      75
      79
      76
      93
      88
      86
      74
      90
      78
      74
      71
      91
      88
      82
      83
      81
      77
      87
      81
      79
      89
      93
      83
      70
      92
      75
      91
      92
      89
      80
      93
      93
      77
      81
      80
      84
      94
      87
      86
      80
      81
      74
      71
      79
      83
      91
     100
      84
      83
      90
     109
      90
      90
      90
      89
      79
      90
      78
      79
      79
      92
      78
      77
      76
      91
      87
      81
      89
      86
      89
     100
      96
      84
     101
      94
      74
      88
     102
      89
      67
      84
      87
      89
      85
      93
      88
      92
      84
      96
      88
     105
      89
      79
      85
      85
     101
      90
      83
      67
     105
      72
      78
     117
      90
      80
      92
      94
      82
     106
      93
      87
      79
      98
      98
     101
     108
      85
      99
      79
     103
      91
     100
      92
      92
      94
      96
      97
     109
      88
      91
      88
      90
      93
      82
      88
     104
     107
      93
      68
     106
      91
      97
      91
     101
      85
      95
     110
     102
      98
      85
     111
      97
     101
     101
      99
     102
      86
      94
      83
      97
      87
      90
     104
      89
     107
      96
      99
      86
      96
     114
      97
     105
     104
     110
      99
      86
     101
     105
     114
     112
     110
      96
     107
     116
     101
      79
      89
      99
     101
     116
     121
     109
     105
     103
      95
      91
     118
      89
     114
      98
     105
      96
      99
     107
     109
     128
      98
      85
     115
      91
      98
     118
     103
     114
     106
      93
     105
      97
     114
     117
     112
     118
     119
     111
     109
     106
     110
     101
     106
     101
      83
      90
      97
     120
     116
     103
      97
     116
     101
     102
     119
     117
     105
     100
     108
     105
     102
     105
     117
     107
     102
     122
     105
     103
     101
     104
      99
     106
     113
     111
     119
     135
     139
     118
     105
     103
     116
      90
     121
     130
     127
     114
     130
     125
     119
     128
     110
     107
     108
      99
     113
     128
     107
     118
     103
     100
     128
     130
     113
     124
     118
     113
     106
     131
     100
     134
     125
     129
     114
     134
     126
     109
     131
     123
     110
     125
     140
     107
     118
     134
     116
     116
     148
     108
     143
     116
     124
     140
     133
     130
     123
     108
     133
     117
     125
     134
     113
     137
     121
     131
     128
     144
     143
     123
     123
     111
     150
     129
     131
     121
     107
     141
     125
     126
     160
     133
     125
     128
     133
     114
     127
     123
     121
     141
     142
     137
     137
     137
     134
     141
     133
     149
     117
     143
     135
     145
     112
     125
     137
     132
     130
     155
     136
     133
     119
     128
     115
     137
     145
     152
     127
     127
     142
     141
     148
     130
     158
     137
     155
     129
     160
     144
     140
     153
     153
     137
     154
     159
     129
     142
     160
     150
     148
     162
     130
     136
     142
     130
     153
     153
     148
     137
     130
     150
     156
     125
     164
     176
     134
     146
     146
     127
     162
     146
     139
     160
     148
     160
     153
     151
     152
     138
     174
     152
     185
     135
     165
     172
     164
     146
     178
     152
     164
     152
     173
     185
     164
     171
     131
     146
     166
     167
     156
     161
     166
     160
     166
     166
     161
     170
     150
     167
     174
     168
     131
     161
     164
     170
     165
     163
     168
     179
     157
     178
     174
     170
     148
     175
     163
     154
     144
     160
     163
     175
     174
     177
     175
     158
     159
     195
     183
     178
     180
     182
     180
     187
     162
     169
     186
     184
     200
     186
     176
     169
     180
     174
     162
     184
     183
     168
     191
     188
     184
     207
     191
     200
     192
     202
     195
     162
     210
     204
     188
     207
     200
     191
     182
     204
     217
     184
     184
     199
     195
     179
     181
     196
     185
     223
     190
     220
     183
     200
     206
     205
     215
     195
     188
     211
     197
     218
     197
     195
     198
     198
     260
     214
     215
     221
     203
     227
     196
     220
     219
     202
     212
     205
     200
     230
     206
     208
     229
     210
     235
     208
     222
     241
     211
     214
     207
     212
     216
     218
     205
     238
     213
     221
     243
     204
     228
     230
     245
     256
     227
     230
     246
     232
     252
     205
     231
     220
     221
     226
     235
     226
     234
     252
     237
     271
     241
     236
     262
     232
     255
     226
     239
     263
     242
     245
     238
     246
     267
     232
     244
     280
     261
     264
     268
     246
     289
     269
     250
     257
     263
     273
     246
     270
     228
     233
     252
     278
     285
     256
     268
     310
     284
     259
     299
     277
     247
     282
     297
     292
     255
     302
     287
     252
     281
     305
     279
     273
     280
     310
     294
     270
     305
     305
     288
     292
     272
     260
     282
     306
     286
     310
     320
     275
     294
     276
     299
     308
     307
     290
     301
     338
     315
     283
     328
     299
     320
     300
     291
     280
     310
     289
     318
     320
     333
     311
     324
     316
     331
     329
     306
     320
     350
     372
     297
     329
     325
     308
     357
     332
     330
     347
     320
     311
     353
     324
     367
     342
     293
     341
     344
     323
     327
     328
     308
     375
     344
     326
     346
     344
     388
     376
     381
     329
     337
     346
     357
     393
     378
     416
     353
     365
     330
     397
     363
     375
     382
     402
     391
     361
     387
     391
     399
     394
     407
     401
     373
     396
     407
     375
     408
     382
     339
     395
     423
     428
     397
     394
     431
     406
     380
     401
     412
     429
     422
     388
     431
     441
     403
     410
     404
     426
     407
     422
     442
     466
     446
     432
     470
     447
     473
     429
     442
     464
     397
     410
     463
     427
     456
     478
     452
     440
     475
     472
     471
     433
     497
     450
     446
     444
     505
     480
     459
     445
     476
     464
     492
     495
     494
     498
     488
     460
     475
     482
     463
     447
     510
     462
     509
     531
     505
     494
     479
     531
     491
     552
     530
     522
     520
     532
     478
     529
     543
     524
     517
     572
     482
     565
     560
     546
     561
     584
     590
     578
     544
     524
     541
     543
     595
     553
     566
     541
     597
     572
     596
     548
     604
     612
     621
     592
     566
     534
     618
     577
     597
     613
     590
     596
     620
     603
     576
     594
     601
     590
     619
     610
     596
     569
     644
     643
     644
     661
     609
     613
     607
     616
     620
     649
     645
     616
     637
     624
     699
     646
     650
     678
     653
     668
     711
     650
     641
     705
     744
     682
     704
     661
     694
     659
     662
     690
     686
     745
     798
     685
     740
     752
     711
     715
     703
     769
     717
     696
     754
     680
     724
     724
     722
     758
     699
     707
     780
     753
     729
     786
     734
     775
     806
     768
     748
     747
     747
     782
     792
     800
     827
     832
     820
     786
     764
     761
     874
     852
     794
     799
     870
     845
     849
     795
     822
     898
     773
     856
     863
     857
     846
     849
     845
     865
     928
     860
     865
     934
     897
     926
     903
     901
     882
     888
     949
     891
     893
     920
     927
     929
     948
     935
     920
     935
     902
     992
     938
     930
     950
     940
     945
     972
     959
    1016
     965
     963
     941
     930
     986
     969
    1011
    1033
    1005
    1002
    1024
     984
    1031
    1050
    1028
    1010
    1057
    1035
    1065
    1013
    1091
    1113
    1074
    1036
    1083
    1138
    1105
    1083
    1113
    1097
    1046
    1148
    1146
    1076
    1114
    1098
    1114
    1061
    1102
    1129
    1146
    1148
    1161
    1160
    1177
    1187
    1177
    1155
    1213
    1227
    1163
    1173
    1151
    1211
    1205
    1230
    1227
    1232
    1240
    1247
    1235
    1259
    1270
    1234
    1250
    1197
    1273
    1335
    1300
    1302
    1284
    1262
    1318
    1292
    1344
    1362
    1293
    1309
    1345
    1350
    1299
    1349
    1378
    1351
    1359
    1370
    1383
    1359
    1380
    1398
    1411
    1371
    1341
    1485
    1394
    1363
    1488
    1439
    1399
    1404
    1410
    1398
    1438
    1450
    1481
    1430
    1484
    1487
    1427
    1433
    1484
    1443
    1462
    1506
    1509
    1540
    1498
    1496
    1535
    1523
    1496
    1545
    1549
    1509
    1553
    1562
    1615
    1611
    1599
    1629
    1580
    1617
    1631
    1668
    1564
    1588
    1591
    1595
    1654
    1667
    1683
    1773
    1678
    1696
    1714
    1732
    1718
    1681
    1725
    1769
    1813
    1753
    1758
    1801
    1721
    1744
    1822
    1791
    1766
    1852
    1841
    1889
    1838
    1806
    1858
    1779
    1812
    1859
    1888
    1879
    1846
    1888
    1919
    1866
    1895
    1980
    1957
    2032
    1970
    1962
    1918
    2033
    1998
    1942
    2015
    2037
    2054
    1949
    1991
    1971
    1998
    2041
    2022
    2046
    2080
    2102
    2059
    2024
    2203
    2070
    2097
    2126
    2085
    2149
    2183
    2177
    2071
    2178
    2183
    2167
    2181
    2190
    2189
    2265
    2255
    2187
    2237
    2325
    2294
    2355
    2186
    2306
    2285
    2351
    2243
    2304
    2347
    2318
    2267
    2338
    2428
    2492
    2409
    2457
    2417
    2422
    2505
    2415
    2511
    2450
    2533
    2475
    2537
    2558
    2481
    2533
    2496
    2473
    2528
    2536
    2521
    2541
    2523
    2535
    2535
    2567
    2636
    2623
    2676
    2654
    2615
    2636
    2664
    2700
    2598
    2640
    2708
    2658
    2701
    2796
    2721
    2775
    2751
    2848
    2793
    2798
    2863
    2883
    2793
    2877
    2862
    2871
    2837
    2794
    2983
    2887
    2821
    2851
    2970
    2941
    2982
    2891
    3034
    3003
    3044
    3082
    3014
    3019
    2938
    3156
    3128
    3057
    3073
    3219
    3215
    3099
    3107
    3060
    3257
    3232
    3167
    3219
    3304
    3253
    3219
    3203
    3187
    3337
    3240
    3311
    3279
    3332
    3342
    3298
    3330
    3490
    3431
    3408
    3429
    3472
    3319
    3451
    3354
    3472
    3446
    3493
    3537
    3541
    3533
    3635
    3586
    3610
    3617
    3657
    3594
    3671
    3665
    3638
    3609
    3650
    3668
    3734
    3633
    3711
    3740
    3751
    3719
    3749
    3833
    3873
    3814
    3815
    3878
    3923
    3821
    3851
    3794
    3908
    3914
    3958
    3970
    3904
    3999
    4005
    4082
    4085
    4043
    4125
    4156
    4069
    4107
    4128
    4143
    4310
    4120
    4231
    4320
    4203
    4233
    4233
    4252
    4287
    4255
    4300
    4372
    4286
    4345
    4311
    4365
    4390
    4195
    4456
    4562
    4372
    4526
    4538
    4325
    4609
    4420
    4650
    4567
    4490
    4721
    4531
    4546
    4730
    4685
    4779
    4690
    4727
    4552
    4804
    4736
    4839
    4702
    4712
    4778
    4796
    4760
    4934
    4914
    4760
    4891
    4865
    4920
    4938
    4891
    4934
    5005
    5062
    4985
    4998
    5012
    5071
    5080
    5340
    5058
    5076
    5170
    5382
    5169
    5299
    5243
    5298
    5405
    5422
    5372
    5368
    5339
    5435
    5428
    5477
    5522
    5559
    5559
    5507
    5515
    5611
    5630
    5493
    5559
    5581
    5728
    5648
    5674
    5827
    5769
    5700
    5744
    5820
    5702
    5813
    6015
    5748
    5980
    5866
    6011
    5936
    5891
    5857
    5958
    5969
    5867
    6081
    6202
    6065
    6037
    6183
    6224
    6102
    6249
    6190
    6153
    6224
    6294
    6199
    6182
    6160
    6271
    6298
    6409
    6406
    6262
    6484
    6365
    6487
    6556
    6546
    6547
    6511
    6518
    6675
    6595
    6647
    6731
    6627
    6769
    6747
    6754
    6839
    6639
    6829
    6777
    6817
    6852
    6849
    6869
    6872
    6980
    7032
    6945
    7052
    7096
    6967
    6992
    7120
    7256
    6994
    7107
    7051
    7149
    7220
    7211
    7366
    7368
    7397
    7442
    7347
    7475
    7391
    7287
    7370
    7442
    7577
    7507
    7536
    7629
    7545
    7636
    7477
    7582
    7562
    7948
    7750
    7688
    7619
    7654
    7780
    7888
    7863
    7918
    7822
    7740
    7953
    7881
    7960
    8251
    8078
    8055
    8138
    8102
    7995
    7926
    8109
    8150
    8080
    8399
    8230
    8222
    8153
    8321
    8282
    8205
    8461
    8485
    8585
    8337
    8393
    8589
    8430
    8725
    8688
    8554
    8585
    8571
    8925
    8729
    8723
    8755
    8792
    8829
    8726
    8929
    8726
    8988
    9105
    8977
    8945
    8986
    9074
    9022
    9068
    9115
    9172
    9133
    9186
    9241
    9309
    9164
    9264
    9380
    9338
    9182
    9517
    9371
    9374
    9225
    9497
    9623
    9450
    9712
    9524
    9486
    9570
    9586
    9545
    9627
    9553
    9829
    9749
    9870
    9834
    9969
    9630
    9874
   10031
    9797
    9951
   10059
    9905
   10166
   10070
   10064
    9911
    9934
    9957
   10197
   10341
   10078
   10053
   10086
   10134
   10410
   10391
   10405
   10319
   10367
   10529
   10480
   10393
   10553
   10438
   10476
   10565
   10571
   10734
   10548
   10749
   10540
   10698
   10694
   10896
   10915
   10707
   10771
   10885
   10929
   10864
   10875
   11016
   11088
   11011
   11193
   10960
   10984
   11034
   11072
   11122
   11179
   11315
   11148
   11279
   11306
   11262
   11277
   11278
   11230
   11399
   11607
   11694
   11406
   11340
   11431
   11637
   11444
   11547
   11643
   11672
   11607
   11846
   11653
   11729
   11892
   11736
   11875
   11940
   12125
   11821
   11800
   11866
   12008
   11958
   12130
   12156
   12186
   12001
   12052
   12217
   12070
   12166
   12079
   11976
   12130
   12173
   12279
   12338
   12380
   12235
   12065
   12337
   12476
   12310
   12475
   12494
   12459
   12622
   12456
   12561
   12633
   12767
   12497
   12677
   12769
   12730
   12698
   12681
   12666
   12802
   12776
   12876
   12934
   12808
   12948
   12878
   13078
   13136
   13111
   13027
   13267
   13123
   13282
   13091
   13269
   13168
   13213
   13158
   13405
   13322
   13414
   13457
   13274
   13235
   13205
   13385
   13613
   13413
   13427
   13471
   13520
   13505
   13534
   13642
   13587
   13749
   13625
   13642
   13652
   13650
   13685
   13944
   13581
   13780
   13758
   13803
   13789
   13708
   13903
   13783
   14021
   13864
   14011
   13975
   14081
   14313
   14132
   13883
   14011
   14048
   14109
   14278
   14056
   14063
   14275
   14070
   14213
   14310
   14262
   14362
   14368
   14232
   14242
   14294
   14190
   14526
   14342
   14313
   14234
   14427
   14501
   14425
   14276
   14481
   14687
   14541
   14709
   14584
   14385
   14534
   14685
   14654
   14607
   14810
   14534
   14736
   14873
   14865
   14836
   14969
   15224
   14707
   14812
   14868
   14859
   14808
   14928
   15147
   15151
   15012
   14783
   15027
   15072
   15050
   15000
   15075
   15091
   14932
   15258
   15164
   15255
   15039
   15041
   15272
   15568
   15024
   15179
   15318
   15287
   15189
   15093
   15387
   15272
   15325
   15509
   15229
   15244
   15366
   15511
   15334
   15281
   15305
   15397
   15436
   15494
   15695
   15347
   15533
   15436
   15467
   15477
   15378
   15276
   15607
   15675
   15496
   15795
   15417
   15671
   15654
   15599
   15621
   15628
   15683
   15862
   15827
   15819
   15614
   15643
   15894
   16092
   15764
   15974
   15627
   15703
   15787
   15878
   15876
   15753
   15977
   15843
   15751
   16004
   16086
   15616
   16018
   15672
   15670
   15853
   15929
   15874
   15844
   15955
   15879
   15800
   16126
   16082
   15810
   16161
   15799
   15927
   16089
   15981
   16065
   16074
   15998
   16066
   16200
   15981
   15978
   16101
   16165
   15926
   15753
   16050
   15988
   15998
   15940
   16000
   15925
   16275
   16349
   15929
   16172
   15770
   16131
   16184
   16116
   16126
   15960
   16211
   16086
   16115
   16199
   16031
   16122
   15834
   15940
   16062
   16196
   16172
   16118
   15986
   16384
   16155
   16063
   16010
   16110
   15858
   16006
   16102
   16262
   16159
   16073
   16214
   15979
   16216
   16021
   16153
   16093
   16117
   16317
   16208
   15999
   16020
   16004
   15993
   16261
   16041
   16009
   16133
   15993
   16075
   16313
   16073
   16002
   16290
   16088
   16043
   15778
   16056
   16249
   15940
   15989
   16232
   16283
   16037
   16004
   16219
   16196
   16314
   16035
   15993
   16073
   16139
   15968
   16091
   15812
   16091
   15715
   15827
   15860
   16072
   15874
   15979
   16111
   15932
   16020
   15789
   16042
   15718
   16054
   15726
   16030
   15889
   15976
   15957
   15695
   16099
   15725
   15866
   15870
   15690
   15696
   15682
   15867
   15820
   15826
   15760
   15896
   15524
   15747
   15472
   15641
   15644
   15672
   15813
   15540
   15666
   15410
   15610
   15598
   15575
   15619
   15557
   15521
   15320
   15533
   15369
   15425
   15342
   15497
   15441
   15476
   15311
   15348
   15199
   15519
   15278
   15438
   15404
   15433
   15284
   15440
   15411
   15103
   15259
   15482
   15123
   15135
   15144
   15304
   15086
   15201
   15118
   14889
   14929
   15161
   15169
   15014
   14950
   14953
   14743
   14751
   14891
   14768
   14859
   14727
   14712
   14824
   14879
   14610
   14646
   14795
   14860
   14683
   14806
   14671
   14727
   14869
   14641
   14656
   14538
   14557
   14598
   14480
   14390
   14562
   14319
   14484
   14196
   14452
   14195
   14470
   14313
   14360
   14328
   14365
   14277
   14145
   14066
   14307
   14203
   14253
   14046
   14171
   14380
   14001
   14037
   13979
   13871
   13971
   13903
   13874
   13999
   13691
   13894
   13976
   13805
   14001
   13702
   13411
   13903
   13912
   13363
   13605
   13486
   13608
   13673
   13516
   13454
   13583
   13609
   13560
   13412
   13409
   13530
   13484
   13223
   13258
   13414
   13165
   13311
   13277
   13149
   13282
   13119
   13237
   13232
   13118
   13011
   12966
   13097
   12903
   12914
   12897
   12994
   12951
   12630
   12820
   12791
   12879
   12748
   12818
   12629
   12333
   12776
   12564
   12522
   12429
   12600
   12299
   12364
   12300
   12080
   12362
   12290
   12384
   12278
   12112
   12114
   12180
   12291
   12096
   12098
   12171
   12015
   12169
   12022
   11979
   12007
   11822
   11821
   11727
   12149
   11848
   11733
   11731
   11729
   11934
   11592
   11620
   11589
   11604
   11456
   11386
   11500
   11388
   11485
   11498
   11477
   11354
   11157
   11248
   11108
   11177
   11236
   11102
   11135
   11045
   11050
   10941
   11008
   10972
   11048
   10777
   10836
   10993
   11027
   10667
   10795
   10790
   10563
   10716
   10461
   10603
   10554
   10680
   10331
   10485
   10209
   10411
   10506
   10437
   10325
   10269
   10133
   10227
   10324
   10224
    9997
   10013
   10121
   10017
   10052
   10068
    9936
    9978
    9733
    9799
    9742
    9897
    9751
    9736
    9782
    9722
    9642
    9636
    9601
    9416
    9568
    9396
    9466
    9550
    9355
    9233
    9546
    9379
    9435
    9236
    9129
    9222
    8968
    8975
    8965
    9223
    9002
    9079
    8944
    8735
    8825
    8967
    8846
    8769
    8731
    8794
    8605
    8755
    8857
    8493
    8541
    8634
    8617
    8284
    8458
    8370
    8453
    8368
    8361
    8352
    8105
    8278
    8261
    8129
    8183
    8211
    7923
    8136
    7999
    8026
    8019
    7967
    7925
    7866
    7740
    7701
    7732
    7906
    7739
    7751
    7581
    7475
    7495
    7457
    7517
    7589
    7408
    7490
    7582
    7455
    7331
    7444
    7286
    7173
    7182
    7280
    7399
    7274
    7096
    7057
    7098
    7060
    6985
    7074
    6994
    6857
    6982
    6848
    6929
    6719
    6840
    6659
    6680
    6837
    6771
    6656
    6584
    6543
    6483
    6448
    6438
    6552
    6487
    6447
    6333
    6374
    6252
    6297
    6356
    6368
    6179
    6201
    6054
    6192
    6203
    6068
    5928
    5986
    5861
    5906
    5988
    5834
    5959
    5883
    5825
    5825
    5713
    5759
    5668
    5762
    5518
    5547
    5422
    5658
    5598
    5664
    5668
    5541
    5380
    5392
    5492
    5366
    5357
    5375
    5182
    5403
    5237
    5168
    5441
    5072
    5084
    5144
    5164
    5050
    5116
    5056
    5033
    5114
    4913
    4958
    4868
    4900
    4917
    4730
    4785
    4735
    4720
    4740
    4666
    4651
    4777
    4723
    4663
    4538
    4584
    4602
    4476
    4540
    4452
    4512
    4376
    4355
    4292
    4393
    4331
    4287
    4288
    4210
    4277
    4284
    4127
    4090
    4079
    4104
    4104
    4059
    4083
    3945
    4007
    3982
    3956
    3950
    3945
    3866
    3938
    3746
    3806
    3729
    3705
    3726
    3741
    3604
    3831
    3707
    3647
    3499
    3637
    3674
    3560
    3581
    3495
    3523
    3528
    3460
    3352
    3532
    3438
    3426
    3321
    3376
    3331
    3238
    3292
    3245
    3232
    3183
    3239
    3258
    3174
    3158
    3159
    3056
    3087
    2993
    3134
    2977
    2989
    2929
    3010
    2937
    2988
    2906
    2854
    2793
    2869
    2895
    2782
    2782
    2788
    2883
    2664
    2737
    2754
    2705
    2751
    2698
    2684
    2579
    2605
    2530
    2575
    2602
    2539
    2556
    2549
    2534
    2504
    2568
    2430
    2465
    2359
    2447
    2417
    2380
    2351
    2288
    2281
    2266
    2262
    2208
    2252
    2204
    2226
    2283
    2169
    2174
    2191
    2128
    2138
    2132
    2160
    2045
    2063
    2084
    2085
    2021
    2073
    1985
    2039
    1926
    1898
    1920
    2030
    1868
    1891
    1929
    1869
    1824
    1886
    1864
    1796
    1794
    1660
    1786
    1748
    1693
    1790
    1732
    1647
    1751
    1699
    1698
    1713
    1704
    1630
    1671
    1593
    1586
    1580
    1668
    1622
    1559
    1568
    1477
    1511
    1495
    1467
    1471
    1448
    1444
    1475
    1393
    1482
    1447
    1469
    1352
    1326
    1408
    1351
    1388
    1327
    1366
    1352
    1314
    1314
    1309
    1219
    1199
    1215
    1267
    1195
    1235
    1286
    1207
    1195
    1091
    1135
    1159
    1143
    1142
    1162
    1165
    1082
    1089
    1139
    1082
    1094
    1087
    1020
    1102
    1014
    1073
    1126
     994
     989
     983
    1015
    1057
     947
     958
     975
     926
     946
     914
     984
     978
     883
     881
     942
     864
     950
     904
     872
     897
     851
     832
     831
     853
     877
     873
     798
     823
     764
     781
     800
     809
     719
     804
     698
     769
     737
     674
     710
     733
     704
     703
     723
     751
     726
     709
     656
     662
     655
     710
     660
     700
     617
     617
     580
     616
     613
     624
     605
     612
     553
     588
     596
     623
     587
     597
     580
     583
     540
     518
     544
     528
     513
     509
     559
     536
     518
     498
     487
     513
     475
     486
     482
     484
     461
     487
     488
     459
     484
     484
     470
     408
     442
     429
     400
     406
     439
     416
     433
     425
     396
     387
     407
     406
     378
     370
     402
     364
     386
     389
     380
     353
     326
     359
     335
     344
     354
     382
     349
     304
     365
     338
     315
     353
     343
     340
     319
     303
     331
     309
     341
     273
     296
     323
     317
     285
     296
     283
     295
     288
     252
     268
     277
     281
     244
     252
     264
     243
     270
     264
     258
     240
     230
     240
     249
     242
     221
     240
     238
     225
     233
     237
     233
     220
     211
     215
     196
     228
     228
     200
     203
     191
     198
     204
     180
     205
     198
     204
     188
     190
     196
     175
     182
     177
     181
     176
     196
     196
     178
     154
     152
     175
     168
     167
     154
     143
     174
     155
     171
     146
     135
     167
     171
     152
     149
     132
     136
     151
     132
     154
     133
     137
     138
     129
     133
     127
     127
     122
     137
     150
     136
     124
     139
     117
     121
     108
     131
     109
     128
     111
     148
     107
     128
     129
     105
     115
     109
     103
      80
     119
     107
      98
     105
      91
      82
      95
      92
      83
     113
     110
      99
      92
      86
      84
      99
      79
      95
      92
      86
      91
      93
      81
      95
      88
      63
     105
      87
      66
      79
      73
      77
      81
      80
      79
      73
      90
      70
      65
      56
      90
      75
      68
      69
      70
      51
      64
      61
      70
      73
      68
      69
      62
      53
      65
      62
      79
      56
      70
      62
      56
      49
      50
      64
      57
      62
      45
      55
      69
      53
      53
      52
      61
      59
      38
      54
      60
      52
      63
      47
      57
      58
      40
      52
      49
      49
      45
      50
      46
      42
      37
      56
      43
      42
      46
      50
      44
      52
      42
      41
      40
      39
      48
      37
      38
      26
      45
      45
      38
      45
      45
      29
      34
      45
      37
      30
      35
      37
      33
      35
      30
      34
      26
      36
      32
      27
      29
      33
      24
      24
      37
      36
      43
      34
      31
      38
      40
      31
      25
      24
      39
      38
      32
      32
      28
      27
      29
      42
      35
      40
      27
      28
      18
      35
      28
      33
      27
      28
      30
      20
      27
      23
      29
      34
      35
      28
      28
      27
      29
      18
      20
      29
      29
      26
      30
      28
      32
      17
      25
      21
      31
      23
      25
      23
      26
      26
      19
      21
      25
      17
      25
      23
      37
      21
      26
      29
      23
      20
      15
      24
      19
      29
      25
      24
      19
      19
      15
      21
      12
      22
      14
      24
      13
      22
      18
      21
      25
      19
      15
      19
      26
      19
      32
      25
      14
      26
      17
      23
      19
      13
      23
      30
      19
      23
      22
      20
      24
      19
      20
      20
      16
      17
      19
      21
      24
       8
      18
      24
      17
      23
      15
      15
      22
      25
      22
      24
      17
      12
      18
      11
      14
      16
      21
      23
      22
      21
      21
      16
      16
      27
      17
      20
      21
      14
      23
      16
      13
      15
      11
      19
      17
      19
      20
      18
      21
      14
      14
      18
      11
      17
      26
      17
      19
      17
      20
      14
      17
      16
      20
      17
      13
      22
      12
      17
      19
      16
      17
      19
      25
      11
      18
      24
      16
      20
      18
      23
      22
       7
      21
      18
      13
      14
      16
      13
      25
      12
      15
      18
      19
      13
      20
      15
      13
      18
      19
      14
      16
      28
      20
      14
      18
      23
      19
      17
      20
      13
      18
      20
      16
      23
      12
      24
      18
      18
      13
      13
      20
      23
      17
      24
      19
      20
      19
      15
      16
      14
      16
      24
      16
      17
      24
      20
      18
      17
      15
      19
      19
      13
      20
      19
      23
      11
      15
      12
      21
      18
      13
      10
      17
      21
      16
      16
      17
      23
      21
      21
      11
      10
      20
      25
      14
      18
      18
      13
      14
      16
      14
      22
      17
      15
      14
      23
      18
      17
      19
      19
      16
      22
      26
      15
      16
      18
      15
      21
      22
      14
      19
       9
      27
      15
      18
      12
      22
      18
      24
      17
      23
      16
      18
      18
      17
      12
      17
      23
      20
      16
      20
      13
      22
      20
      15
      13
      14
       9
      20
      19
      21
      14
      21
      11
      17
      19
      14
      21
       8
      17
      16
      19
      19
      25
      26
      25
      11
      18
      16
      15
      30
      21
      29
      25
      19
      19
       9
      25
      14
      28
      24
      18
      19
      15
      19
      16
      24
      23
      18
      18
      17
      13
      19
      14
       9
      26
      18
      20
      17
      20
      16
      25
      27
      15
      23
      15
      21
      16
      21
      19
      26
      32
      22
      14
      17
      16
      18
      26
      28
      22
      19
      25
      22
      17
      19
      25
      21
      20
      29
      21
      19
      14
      19
      16
      18
      17
      23
      18
      26
      22
      24
      23
      16
      24
      20
      24
      29
      20
      30
      17
      23
      25
      19
      21
      20
      23
      27
      20
      24
      15
      17
      26
      20
      25
      11
      25
      21
      22
      23
      19
      23
      19
      23
      16
      24
      18
      19
      17
      20
      15
      20
      19
      24
      24
      27
      26
      19
      19
      12
      24
      22
      20
      24
      19
      20
      26
      19
      18
      20
      13
      11
      18
      19
      25
      19
      25
      17
      21
      11
      15
      15
      18
      17
      11
      15
      11
      19
      10
      11
      16
      13
       9
      11
      16
      18
      16
      22
      16
      20
      18
      15
       7
      17
      16
      14
      11
      17
       7
      15
      17
      16
      20
      19
      18
      16
      11
      10
      17
       6
       8
      13
      15
      10
       5
      13
       7
      11
      12
       7
       5
       5
      22
      16
      14
      10
      11
      10
      11
      14
      12
       9
      18
      12
      11
      11
       9
       7
      14
      15
       9
      10
      13
      16
      13
       5
       7
      17
      11
      10
      14
       8
       7
      14
      11
      16
       7
       9
      13
      13
       7
       9
      12
      15
       7
      11
      11
      10
      12
       6
      10
      10
      14
      13
       8
      12
       9
      12
      10
      15
      12
      11
      13
      10
       5
      13
      12
       6
      11
      11
       5
      10
       7
      11
      17
       7
      11
      11
       8
       9
       5
      10
      11
      12
       9
       9
       6
       5
       7
       5
      14
       9
      11
      10
      12
       5
      11
      14
       8
      11
      13
       7
       7
      10
      13
      15
      11
      12
       8
       8
       9
       7
       7
      11
       5
      11
      12
      11
       9
      13
       9
      12
       6
      13
      11
      10
       8
       6
       9
       7
      13
       5
       6
       4
       8
       7
       5
      13
       6
       8
      10
       7
      16
       7
      17
       7
      12
      16
       7
      11
      19
       5
      13
      11
      10
      16
      14
       9
       4
       9
      17
      18
      10
      10
       8
       8
      14
       5
      13
      12
      12
       9
      15
       4
       8
       6
      12
       6
      11
       9
      10
       8
      11
      12
      11
      13
      12
       7
       5
      10
       7
      16
       5
       5
      15
       7
       7
      16
       6
       8
       5
      11
      12
      11
       5
       9
       8
      12
       9
      10
      12
      14
       6
       7
      10
      10
       5
      11
      12
      12
      11
      10
      19
      11
       9
       8
       2
       6
       8
      13
      16
      14
       8
      11
      16
      10
      11
       5
      12
       5
       7
      11
       5
       6
      11
       8
      10
      15
       8
       8
      11
       7
      11
      15
       8
      13
      10
      12
      11
       3
       7
       6
       8
      10
       8
      15
       7
       6
       9
       7
      14
       7
       9
       6
       7
      11
      11
      12
       9
      11
      18
      11
      12
       8
       8
       7
      15
      11
       9
      12
      13
       7
      10
       9
       9
      11
      13
       9
      16
       9
      13
      13
      15
      13
      15
      11
      12
       7
      15
       7
      14
      14
      12
      14
      13
       8
       7
       8
      16
      16
       5
       5
      10
      11
       6
       8
       8
      14
       6
      12
      15
       8
      11
      13
      13
      15
      11
       8
       7
      15
      11
      10
      12
       4
      15
       8
      11
       8
       6
      11
      10
       6
      11
       7
      10
       8
       7
      11
      12
       6
      11
      14
      10
       4
      11
       9
      14
      16
      12
      14
      11
      14
       9
      10
       9
      11
      12
       6
      12
      10
      13
      12
      10
       7
       5
       8
       8
      10
      10
       7
      12
      11
      17
      14
      12
      10
      10
       7
      12
      12
      16
      10
      11
       8
       6
      11
      12
       6
      13
       7
      10
      12
       3
       9
       7
      12
      15
       9
      10
      13
      13
       9
       6
       4
      14
      12
      13
      10
      15
      11
       7
       9
      12
       5
       9
       8
      11
      10
       6
       5
      13
       6
      11
      14
      15
      10
      10
       9
      10
       9
       9
      13
       8
      13
      10
       5
      10
       8
      12
       6
      12
      10
      11
       9
       8
      10
      18
      12
      12
      11
       7
       8
       5
      10
       8
      16
       9
       9
      11
       8
       9
       7
       9
      18
      12
      10
       7
       8
      11
       7
      10
      11
       8
       9
      10
       7
       7
       5
      10
      10
      14
       9
      11
       9
      13
       9
       8
      11
      12
      10
       7
       8
       7
      17
       9
       7
      10
       9
       9
      11
      13
      10
       6
      12
       8
       9
       9
      13
      10
      10
       7
      18
       7
      14
      13
       7
      10
      11
      13
      15
       9
      12
      17
       9
      13
       7
       6
      13
       8
      11
      14
       8
       5
      14
      13
       8
       6
       9
      12
      18
       6
       9
       8
       6
       9
       5
       9
       8
       6
      10
      11
      15
      13
      13
      11
       7
      14
       9
       9
      10
       9
       5
       9
       9
      12
      15
       9
      11
       7
       9
      14
       6
      10
      20
      10
       6
       9
      10
       5
      18
       6
       6
      17
      16
       6
      10
       3
      10
       5
       6
       5
       9
      10
      12
      10
       9
      11
       9
      14
      11
       8
       7
      12
       8
      11
      12
       8
      11
      14
      11
       9
       8
      13
      10
      10
       6
       9
      12
       6
      10
      15
      11
       6
       7
       8
       6
       9
       7
      12
      23
      16
      13
       6
      13
      10
      11
      10
      11
       9
      11
      10
       6
      11
       7
       8
      11
      11
       9
       7
      13
      11
      14
      13
      15
      15
      10
      14
      10
       7
      11
      11
      15
      10
       7
       6
       9
       8
      11
       7
      10
       9
       4
       3
       7
      12
      12
       7
      13
       7
       5
      10
      11
      11
      18
       9
       9
       2
       9
       9
       6
      11
      12
      11
      11
       6
      11
      19
       9
      11
       8
       4
       5
       8
       9
      14
       8
      14
      10
       8
       8
       7
      18
       9
      12
       7
       8
      16
       8
      12
       9
      11
       8
       9
      14
      13
      13
       9
      15
      14
      14
      13
       5
      12
       9
      10
      15
      10
       8
       9
       9
       7
      16
       8
       8
      13
      13
      13
      19
      10
      10
      12
      10
      12
       9
       8
       8
      10
       8
      17
       9
      14
      10
       7
      14
      11
       7
       7
       9
       6
      12
       8
      15
      15
       6
       6
      13
       5
      10
      10
      11
       6
      12
      12
       8
       8
       8
      12
      11
      16
       9
      11
      10
       7
       9
       7
       7
       6
      23
       7
      11
       9
      10
      10
      11
       7
      11
      17
      11
      11
       9
       7
      10
       4
      10
      11
      15
       9
      11
       7
      15
      14
       6
       5
       6
       9
       9
       6
      10
      10
      15
      11
       6
      13
      13
       9
      16
       6
       9
      12
       7
       6
       7
      10
       6
      13
       3
       6
      16
      12
      12
       7
      10
       9
      11
      12
       8
      10
      11
       8
       9
      10
       9
      11
       8
       7
      11
      12
      11
       9
      10
       9
       9
       6
       4
      16
       9
      12
       9
       5
      10
       7
       5
      12
      10
       9
      16
      10
      11
       6
      15
      10
      11
      11
      11
       7
       6
       9
       9
      16
       9
       9
      13
      12
       7
       2
      11
      11
       6
      14
      10
       9
      13
       9
      11
       9
      12
      11
       7
      10
       7
      13
      13
       9
       8
       6
       9
       7
       7
       8
      15
      13
       9
      12
      11
      16
       4
       8
      10
       6
      10
      11
       8
       8
       9
       8
      12
      11
       4
       8
      10
      12
      13
      15
      11
       8
       9
       9
      16
       7
      12
      11
      14
      14
      14
      10
       4
       9
      11
      13
      11
      11
      12
      20
      13
      14
      11
       9
       7
      11
       9
       8
      10
       7
       8
       8
       8
       7
      11
       8
       7
      12
       4
       7
       8
      12
      11
       6
      10
       9
       9
      11
       8
       9
       8
      10
      10
      12
       7
      14
       8
      14
      12
       7
      10
       9
       8
      14
      13
      10
      14
      12
      14
      11
       6
       8
       8
       8
       6
      11
      10
       5
      12
      11
       8
       8
       8
      16
      11
       7
      12
      16
       8
      11
      10
      11
       8
      14
      14
      14
       7
       5
      15
      10
       5
      13
      10
       5
       6
      11
      11
       6
       8
       9
       5
      13
      12
       8
      12
       9
       6
       6
       8
       8
       8
      17
      11
      10
       8
      11
      10
      10
       3
      12
       6
       9
       9
      11
       7
       6
       9
       7
      11
       9
      13
      14
      14
       8
      13
      10
      12
      14
       9
       8
       7
      11
      13
       7
       9
       9
       7
      14
       9
      13
      10
      13
       7
       7
       2
       7
      12
       8
      14
       6
      12
      12
      10
       8
      10
      10
       9
      13
      11
       9
      12
       8
      10
      13
      11
       7
      10
      19
      13
       9
      12
      12
      10
       7
       7
       5
      15
      13
      10
       8
       9
       8
       7
      10
       8
       9
      14
       8
      13
      13
      10
       9
      11
       5
      11
       6
      16
       7
       7
      10
       3
      12
       6
       4
       9
       8
      13
      13
       9
      11
       5
      13
      10
      12
      10
       7
      15
      12
      12
      10
       7
      16
      10
      14
      13
      11
      10
       6
      12
      10
      21
       9
       6
      10
       6
       5
       5
       8
      10
       7
      19
      11
       7
      10
       8
      11
       8
       7
      14
       9
       6
      13
       6
       7
      15
       7
      11
      12
      10
       9
      13
       9
       9
      12
       9
       6
      11
       5
      10
      11
      10
       3
      14
       9
       4
       6
       6
       7
      12
       5
       8
       7
      10
       7
       4
      14
       6
      10
       5
       8
       8
       8
      13
      10
      13
      12
      16
       5
       3
      11
      15
       8
       9
       8
       9
       8
      13
      12
      12
       9
      17
      13
      11
      10
      11
      11
       7
       6
       4
      13
      12
      12
      13
      11
       5
      10
      11
      14
      15
      10
      12
      11
       8
      15
      12
       8
       9
      16
      14
       9
      12
       8
      14
      10
      14
       8
      12
      10
      14
       6
      12
      16
      15
       5
       9
       6
       6
       8
      11
       9
       9
       8
       9
       6
       7
       6
      11
       8
       3
      12
      11
      12
      11
      13
      11
       9
      12
      10
      10
       8
       8
       8
      10
      12
       7
      14
       8
       9
      17
      10
       8
      13
       3
      13
       8
      12
      13
      10
      13
      14
      10
      16
       7
      18
      10
      11
       9
       9
      15
      10
       8
       9
      13
       7
       9
       8
      13
       9
       9
      14
      11
      17
      12
       9
       8
       7
       4
      19
       8
      15
       9
       4
      11
      10
      10
      11
      12
      15
       9
       9
      11
      12
      11
      21
       7
      12
       7
      10
      14
      11
      12
      11
       8
       6
       7
       7
       8
      11
      10
       4
      19
       6
      13
       9
       8
      17
       8
      10
      15
      13
      11
       7
      11
       8
      21
      15
      12
       7
       7
       9
       8
       8
       5
      13
       7
      16
      15
      11
      12
       8
      12
      10
      12
       9
      12
      13
       9
       9
      18
      11
      13
       7
       7
       9
       8
       9
      13
       7
       6
      13
      12
      16
       7
       8
      11
      12
       8
       9
      10
      13
      11
      11
       7
      11
       8
      11
       7
      10
      10
      12
      14
      12
       8
      12
      16
       9
       6
      12
       7
      11
       8
      16
      15
      13
       7
       7
      19
       8
       9
       7
      15
      12
      11
      11
      15
       7
       6
      16
      16
      17
       5
       9
      13
      21
      13
       0
       0
       0
       0
       0
       0
       0
       0
       0
       0
       0
       0
       0
       0
       0
       0
       0
       0
       0
       0
       0
       0
       0
       0
       0
       0
       0
       0
       0
       0
       0
       0
       0
       0
       0
       0
       0
       0
       0
       0
       0
       0
       0
       0
       0
       0
       0
       0
       0
       0
       0
       0
       0
       0
       0
       0
       0
       0
       0
       0
       0
       0
       0
       0
       0
       0
       0
       0
       0
       0
       0
       0
       0
       0
       0
       0
       0
       0
       0
       0
       0
       0
       0
       0
       0
       0
       0
       0
       0
       0
       0
       0
       0
       0
       0
       0
       0
       0
       0
       0
       0
       0
       0
       0
       0
       0
       0
       0
       0
       0
       0
       0
       0
       0
       0
       0
       0
       0
       0
       0
       0
       0
       0
       0
       0
       0
       0
       0
$ROI:
3
6725 6813
6948 7045
7244 7256
$PRESETS:
None
0
0
$ENER_FIT:
-0.000074 0.728814
$MCA_CAL:
3
-7.366740E-005 7.288145E-001 -2.624510E-006 keV
$SHAPE_CAL:
3
0.000000E+000 0.000000E+000 0.000000E+000
