$SPEC_ID:
No sample description was entered.
$SPEC_REM:
DET# 1
DETDESC# PPF18-07 Easy-MCA-8k SN 14274550
AP# Maestro Version 7.01
$DATE_MEA:
11/18/2022 08:27:17
$MEAS_TIM:
7615 13488
$DATA:
0 8191
       0
       0
       0
       0
       0
       0
       0
       0
       0
       0
       0
       1
       0
       0
       0
       1
       0
       0
       0
       0
       0
       0
       0
       0
      20
    8481
  373533
 5233882
  212039
   32190
   42115
   58550
   78367
   98047
  107268
   99983
   80449
   59839
   45065
   35137
   28539
   23372
   19221
   15372
   11946
    9321
    7358
    5689
    4397
    3512
    2821
    2351
    2122
    1895
    1710
    1697
    1664
    1602
    1595
    1533
    1501
    1470
    1297
    1346
    1230
    1081
     990
     899
     747
     697
     553
     472
     422
     391
     319
     266
     234
     205
     195
     175
     180
     139
     130
     121
     132
     118
     109
      87
     100
     119
      88
     107
     121
      75
      93
      68
      70
      68
      53
      60
      58
      43
      43
      34
      38
      38
      37
      31
      31
      30
      32
      26
      19
      28
      16
      23
      22
      24
      16
      29
      18
      19
      20
      19
      27
      19
      18
      23
      27
      22
      14
      13
      20
      25
      20
      23
      10
      18
      14
      20
      11
      21
      18
      18
      18
      17
      18
      17
      20
      14
      12
      13
      25
      15
      18
      25
      22
      22
      18
      15
      16
      15
      18
      23
      19
      20
      11
      12
      14
      13
      10
      14
      15
      11
      19
      23
      15
      15
      18
      18
      16
      16
      14
      13
       8
      20
      21
      16
      16
      12
      18
      12
      12
      14
      15
      12
      16
      12
      18
      11
       7
      10
      13
      18
      15
      18
      12
      16
      17
      18
      16
      18
      20
      14
      10
      13
      15
      18
      20
      11
      10
      11
      20
      16
      10
      14
      19
      16
      17
      11
       7
      13
      18
      13
      13
       9
      12
      15
      13
      11
      17
      11
      10
      11
       9
      10
      12
      13
      19
      15
      11
      20
      17
       4
      14
      17
      15
      18
      16
      17
       8
       8
      16
      14
      16
      15
      14
      15
      14
      13
      14
      11
      10
      10
      11
      17
       7
      13
       9
      17
       7
      12
      12
       8
      11
      11
      15
      11
      11
       6
       9
      11
      14
      11
      15
      11
      10
      13
      15
      13
      13
       6
      16
       9
       7
       6
      12
      17
      13
      13
       8
       4
       3
      13
       8
      12
      12
       9
       8
      14
      13
       9
      18
       5
      10
      12
      15
      13
       9
      16
      16
      10
       7
      12
      17
      14
      19
       9
      17
       7
      13
      13
       9
      10
      12
       8
      10
      11
      11
      12
      11
      19
      11
       8
      11
       5
      11
       8
      10
      11
      13
       7
      10
      11
       9
       9
       8
      14
      12
       7
      12
       9
      16
      12
      10
       6
       7
      13
      13
      16
       6
       7
      19
      14
      12
       8
       5
       7
      14
      10
      15
       9
      17
      14
      19
      10
      11
      16
      12
       6
      12
       8
      20
      11
      15
      12
      12
      10
       8
       5
       9
      14
      15
       6
      10
      12
       9
      13
      13
      13
      11
       8
       5
       4
       9
       6
       9
       8
       8
       4
      11
       9
       8
       9
      12
      13
       6
       4
       7
       5
      17
      14
       9
      12
       9
      10
      12
       8
       7
      11
      17
       5
       8
       7
      13
       7
       7
       7
      12
       7
       7
      12
       7
       7
      12
      10
      12
      12
       9
       5
      10
      10
       8
       9
       9
       7
       9
      12
      13
       7
       8
      12
       9
       8
       9
       9
       9
       9
      12
       6
      10
       9
      12
      10
      12
       8
      13
      14
      13
       9
       6
      12
       8
       3
       5
       4
       9
       7
      11
       6
       7
      11
       5
      13
       9
       5
       8
      10
       9
       9
       9
       5
      16
      11
       9
       9
      12
      10
       8
       3
      10
      12
       7
       9
      10
      12
      11
       6
      10
       6
      14
      12
       5
      11
      15
       6
       8
      11
      11
       6
       9
      13
       7
      15
      11
      13
       5
       6
      11
       7
       9
       8
       9
      14
      10
      10
      10
       8
      10
       5
       7
       9
       8
      11
       7
       7
      12
      10
      12
       8
       9
      11
      13
      10
      10
       8
       6
       8
      10
       9
       8
      11
       7
       9
       9
       2
      11
       6
      16
      11
       7
       8
      10
      14
       6
       7
       6
       9
       8
       7
      10
       3
       6
      11
       6
       5
       5
      10
      11
       6
      10
      12
       5
      12
       6
      10
      13
      13
       8
       8
       7
      14
       7
       6
      10
       6
       3
      11
      11
      16
       7
      11
      10
       3
       8
      13
       8
       9
       5
       5
       7
      11
       9
      12
      10
      10
      11
       7
      11
       7
       7
      13
       8
       9
      11
       6
      18
       8
       9
      13
       9
       6
      14
       9
      11
      12
      11
       8
      14
      10
       8
      15
      10
       6
       8
       9
       4
      11
      10
       8
      10
       9
       9
      11
       6
       5
       4
       9
       5
       9
      13
      10
      14
       7
      10
       9
      16
      14
       6
      11
      10
       4
       9
       4
       6
       9
       9
       8
       6
       6
       9
       9
       8
       7
      11
      14
       7
      11
       9
       6
       9
       7
       6
       4
      18
      17
      13
      14
      14
       9
      10
       3
       7
       9
      11
      14
       8
       9
       4
       7
       8
      12
      14
      10
       8
      11
      14
      11
       9
       7
      14
      14
       7
      11
       5
       7
       8
       7
       9
       9
      10
      12
      10
       6
       5
       4
      10
       7
       7
       6
       6
      10
      10
      10
      10
       4
       5
       8
       9
      10
      14
      11
       8
      11
      12
       6
      15
       8
      17
      15
       7
       7
      13
      10
      12
      10
       4
      10
      11
       8
       8
       9
       5
       8
       9
       8
       9
       8
       7
      10
       6
      12
      13
      15
       9
       9
      18
      10
       3
      13
      16
      10
      11
       8
      13
      11
       9
      12
       6
      12
       8
      10
       4
       8
      10
       8
       5
      13
       3
       9
       8
       9
      11
       9
       7
      15
       9
       6
      11
      11
      10
      18
      10
       8
       4
       9
       6
       7
      10
       5
      12
      12
       1
      13
       9
       3
       7
       8
       6
      11
      13
       4
      10
       8
      11
      11
       9
       8
      11
       6
      11
       7
       9
      11
       7
      14
       8
       8
      14
      13
      14
      10
       7
       9
       7
       8
       7
       9
      11
       4
       6
      11
       9
      15
       5
      10
      13
       7
      10
       8
       4
      11
       9
      11
       7
       6
      16
      15
       6
      12
       5
       7
       8
       9
       9
       6
      15
      14
      13
      11
       9
      10
      11
       7
       6
      11
      10
       8
       6
       9
      16
      10
      10
      13
      11
       7
       7
      12
       7
       7
      15
      13
      10
       7
      13
      13
       8
       5
       7
      20
       7
      13
       9
       7
       9
       6
       5
      13
      11
       6
      14
       7
       9
       8
       5
       9
      10
      11
      15
       7
       4
       8
       9
       8
       7
      13
       7
      13
       6
       6
       6
      11
       8
      13
       7
       5
       7
      13
      11
      13
       9
       9
       7
      13
       7
      12
      11
       9
       7
       9
       7
       8
       5
       9
       5
      10
      12
      12
      10
      15
      10
       5
      13
       4
       5
       4
      15
      10
      10
      13
      11
      13
      14
      11
      12
       6
      11
       8
      14
      14
       3
      14
      14
      14
       9
      14
      16
      18
       7
      14
       9
      14
       9
      13
      13
       8
       9
       9
       9
       8
       7
       7
       6
       9
       9
      10
      11
      12
       8
      14
       8
      13
       7
      14
       7
       9
      10
      14
      12
       9
      11
       9
       8
      14
       4
      11
      12
       6
      11
      16
       6
      10
       8
      12
      11
      14
      18
       8
      11
      13
      12
       8
      10
       4
       9
      13
       8
       9
      10
       4
       9
       8
       5
      12
      10
       9
       9
       7
      16
       6
      14
      12
       8
      10
       8
      13
      12
      11
      12
      15
       8
       7
      11
      13
       5
       9
      10
      10
       6
       8
       9
       9
      10
      12
      17
       8
      11
       8
       9
      10
      10
      13
      13
       9
       9
      16
       5
      10
      14
      18
       9
       9
       8
      14
       9
      12
      17
       7
       9
      15
      14
       8
      12
       7
      15
      11
      11
      12
       6
       9
       8
      15
      12
      15
       8
       8
       8
       5
      11
       7
      10
       4
      12
      18
       8
      13
      10
      15
      14
      13
      13
      13
      12
       9
      14
      14
      12
      12
      10
      10
       7
      10
      13
      12
      11
       7
      14
      11
       5
      15
      11
      13
       7
       7
       6
      12
       7
      10
      13
      13
      11
       9
       6
       9
       8
      11
      11
       8
      10
       9
       5
      19
      12
      10
      13
      12
      21
       9
      12
       7
      11
       8
       5
      10
      15
      11
      13
      10
      14
      12
      10
      10
       8
      11
      11
       9
       6
      11
      13
      11
      14
       8
      11
       8
       6
      15
      10
      12
      15
      15
      15
      12
      14
      20
       5
      11
      11
      12
      17
      10
       8
      11
      15
      10
      10
      13
      10
      19
       8
      18
      12
      14
      12
      10
      18
      10
      11
      11
       8
      10
       8
      12
      15
      12
       6
      14
      18
      16
      10
       8
      12
      11
      12
       8
       3
      16
       8
      11
      13
      16
       7
       7
      17
       8
       6
      10
      10
      10
      10
      11
      12
      11
      17
      10
       8
       8
      18
      11
       7
      18
      17
      14
      15
      12
      14
       4
      14
      16
      13
      13
       9
      13
      13
      10
      17
      15
      11
      17
      13
      10
       6
       6
       8
      15
      12
      12
      13
      15
      21
      11
      11
      13
       7
      12
      15
       9
       6
      13
      14
      10
      14
      10
      11
      12
      12
      13
      10
       6
      12
      12
      10
      12
      11
      16
      14
       7
       6
      11
      15
      12
      11
      11
      16
      13
       8
      13
       9
       6
       8
      12
      15
       5
      13
      11
      14
      10
      11
      13
      19
      14
       9
      13
      21
      11
       8
      13
      10
      13
      10
      13
      14
      10
      11
      16
      11
       6
       7
      10
      13
      11
      11
      17
      11
       7
      16
      19
       8
       9
      12
       9
       9
      14
      13
      17
      17
      10
      12
      15
      17
       8
      11
      15
      23
      11
      16
      12
       6
      18
      13
       9
      12
      11
      15
      16
      20
      19
      16
      14
      11
      12
       8
       7
      15
      12
       6
      16
      10
      17
      16
       3
      12
      12
      10
       8
      14
      10
       8
       9
      12
      17
      12
       9
      12
      11
       8
      14
      13
      11
      14
      16
      10
      17
      12
      11
      14
       7
      11
      19
      11
       8
      11
      14
      13
      15
       8
      12
      10
      10
      10
      14
       5
      17
       8
      14
      10
      15
      11
       5
       6
      16
      23
      11
      17
      11
      10
      15
      17
       9
      13
      11
      17
      20
      11
      10
      11
      10
       5
      14
      15
      11
      11
      10
      10
      13
      16
      13
      13
      19
      16
      10
       8
      21
      15
       9
      19
      13
       7
       8
       5
      11
      12
      18
      15
      13
      16
       9
      16
      12
      11
      21
       7
       9
      16
      10
      18
       7
      10
      14
      20
       9
      20
      16
      13
      11
      11
      10
      15
      15
      15
      22
      10
      13
      10
      12
      11
      10
      12
      17
      12
      13
      14
      13
      10
      14
      12
      16
      16
      18
      30
      28
       7
      16
      13
      11
       9
      14
      12
       9
      15
      17
      12
      14
      17
      14
      12
      18
      10
      23
      17
       4
      23
      11
      18
      13
      17
       9
      23
      10
      10
      13
      12
      13
       9
      14
      13
      18
      14
      17
      16
      21
      15
      21
      15
      18
      16
      17
      13
      16
      18
      18
      18
      13
      12
      16
      18
       8
      15
      10
      12
      20
      14
      15
       7
      15
       8
       8
      14
      12
      14
      16
      11
      18
      15
      22
      14
      20
      20
      14
      12
      15
      16
      19
      11
      16
      12
      18
      20
      13
      13
      13
      13
      12
      12
      13
       9
      19
      14
      21
      14
      16
      17
      18
      17
      28
      20
      18
      18
      22
      16
      16
      26
      14
      19
      26
      17
      13
      26
      17
       9
      16
      19
      14
      13
      16
      15
      18
      16
      19
      14
      14
      13
       7
      16
      18
      19
      15
      13
      12
      17
      15
      10
      12
      20
      17
      12
      24
      20
      22
      18
      10
      18
      12
      13
      22
      16
      13
      13
      17
      19
      19
      14
      17
      12
      16
      21
      27
       8
      13
      21
      14
      17
      14
      18
      24
      10
      14
      15
      14
      10
      12
      18
      16
      17
      13
      13
      17
      16
      17
      16
      19
      19
      14
      21
      18
      14
      11
      23
      17
      14
      19
      12
      10
      22
      10
      17
      22
      16
      19
      11
      11
      16
      11
      22
      17
      17
      25
      19
      17
      20
      20
      14
      23
      22
      18
      32
      16
      23
      18
      21
      24
      16
      17
      17
      23
      25
      13
      16
      21
      16
      18
      15
      14
      19
      26
      16
      19
      19
      11
      17
      20
      14
      17
      19
      10
      16
      21
      27
      18
      12
      20
      16
      15
      10
      15
      25
      22
      18
      14
      21
      18
      16
      23
      19
      17
      20
      18
      15
      21
      26
      16
      13
      25
      21
      19
      22
      25
      21
      22
      11
      23
      15
      23
      26
      19
      15
      17
      23
      20
      14
      10
      21
      19
      22
      18
      13
      23
      18
      28
      17
      20
      23
      14
      24
      18
      24
      24
      22
      21
      14
      26
      22
      20
      28
      20
      18
      18
      24
      28
      21
      23
      21
      23
      21
      25
      18
      15
      24
      14
      20
      22
      26
      13
      19
      26
      15
      18
      25
      24
      21
      22
      26
      29
      20
      23
      15
      18
      19
      22
      18
      19
      19
      12
      20
      19
      17
      26
      21
      24
      19
      19
      30
      22
      19
      20
      19
      25
      22
      20
      14
      21
      29
      19
      24
      11
      22
      22
      30
      22
      23
      23
      16
      14
      20
      23
      25
      26
      27
      15
      29
      20
      24
      32
      17
      20
      22
      25
      17
      24
      22
      20
      28
      30
      23
      17
      20
      26
      16
      17
      17
      23
      23
      23
      24
      27
      21
      25
      20
      22
      26
      17
      19
      16
      18
      20
      20
      17
      24
      23
      36
      17
      26
      19
      20
      21
      26
      22
      19
      15
      17
      25
      23
      31
      25
      21
      24
      28
      17
      30
      28
      26
      21
      26
      26
      31
      18
      30
      18
      25
      29
      31
      19
      25
      21
      17
      21
      18
      27
      22
      18
      21
      39
      19
      25
      26
      16
      22
      18
      23
      19
      23
      23
      22
      33
      30
      23
      26
      25
      19
      24
      23
      34
      23
      21
      19
      22
      27
      16
      29
      27
      29
      26
      22
      33
      18
      14
      21
      26
      27
      23
      20
      32
      24
      22
      25
      24
      24
      18
      27
      25
      23
      26
      32
      21
      25
      21
      34
      24
      31
      27
      22
      31
      30
      18
      30
      22
      30
      23
      18
      28
      21
      24
      21
      23
      29
      20
      26
      18
      34
      27
      16
      36
      26
      35
      33
      32
      34
      23
      25
      27
      25
      31
      32
      21
      22
      29
      24
      32
      31
      32
      28
      30
      25
      20
      25
      27
      28
      25
      29
      30
      36
      33
      33
      33
      30
      34
      30
      33
      26
      29
      29
      27
      24
      19
      32
      43
      31
      33
      21
      29
      28
      36
      28
      20
      27
      27
      24
      30
      43
      32
      35
      37
      20
      37
      32
      27
      25
      25
      23
      18
      29
      36
      42
      34
      19
      33
      28
      27
      30
      25
      26
      27
      40
      27
      31
      35
      42
      34
      29
      34
      31
      31
      40
      43
      18
      40
      30
      23
      55
      36
      27
      30
      31
      42
      32
      28
      25
      35
      37
      31
      37
      29
      43
      30
      31
      35
      37
      28
      31
      26
      45
      33
      38
      35
      30
      24
      30
      32
      45
      33
      31
      28
      35
      35
      47
      37
      44
      41
      40
      35
      30
      35
      39
      43
      24
      29
      22
      31
      27
      35
      24
      48
      39
      39
      45
      32
      39
      28
      32
      42
      39
      31
      37
      36
      40
      28
      47
      33
      39
      38
      32
      57
      26
      41
      36
      40
      35
      39
      40
      44
      40
      42
      35
      41
      34
      50
      33
      46
      44
      42
      44
      38
      56
      34
      58
      30
      32
      37
      40
      41
      36
      44
      43
      27
      50
      38
      40
      38
      37
      44
      47
      39
      53
      43
      37
      45
      56
      33
      42
      42
      44
      45
      44
      40
      42
      39
      36
      38
      37
      45
      47
      39
      41
      39
      45
      41
      32
      48
      42
      43
      45
      36
      44
      48
      41
      36
      54
      38
      41
      53
      50
      50
      53
      57
      54
      53
      44
      62
      52
      42
      63
      43
      56
      43
      53
      43
      41
      42
      47
      44
      48
      51
      43
      47
      63
      50
      53
      48
      52
      50
      50
      51
      57
      54
      48
      52
      51
      50
      39
      47
      55
      41
      49
      43
      45
      52
      55
      52
      49
      54
      46
      38
      66
      32
      49
      51
      52
      57
      49
      58
      53
      38
      53
      53
      48
      52
      52
      46
      53
      57
      53
      55
      57
      49
      53
      55
      65
      51
      45
      47
      42
      53
      64
      56
      49
      58
      61
      50
      53
      51
      52
      51
      71
      50
      51
      54
      59
      57
      57
      69
      48
      47
      45
      75
      66
      60
      56
      66
      58
      58
      68
      71
      48
      50
      53
      64
      64
      64
      69
      56
      53
      61
      59
      70
      64
      56
      44
      66
      57
      52
      41
      55
      66
      71
      77
      54
      57
      71
      67
      66
      65
      65
      49
      50
      84
      71
      66
      55
      74
      51
      70
      57
      58
      60
      73
      67
      53
      62
      57
      59
      57
      69
      73
      60
      61
      65
      66
      54
      75
      59
      76
      51
      70
      59
      72
      87
      69
      55
      70
      74
      69
      66
      69
      62
      69
      79
      76
      66
      78
      59
      67
      78
      85
      82
      64
      99
      73
      79
      69
      87
      71
      65
      70
      81
      67
      70
      77
      76
      66
      87
      72
      81
      61
      60
      63
      74
      64
      73
      62
      92
      61
      60
      73
      82
      82
      70
      84
      75
      72
      64
      81
      78
      79
      79
      87
      95
      89
     101
      97
      87
      92
      74
      78
      61
      94
      87
      72
      88
      73
      87
      74
      96
      90
      92
      97
      84
      79
      92
      76
      76
     114
      85
      85
      91
      96
      69
      81
     102
      93
      86
      83
      91
      89
      80
     104
      78
     101
      98
      85
      97
      88
      79
     103
      87
      91
     108
      77
      90
     101
     112
     110
      81
     100
      73
     104
      95
      95
      78
      90
     118
      91
      86
     118
      99
      73
     107
     102
      88
     116
     103
     102
     107
     114
      99
     109
      96
      89
     108
     108
      98
      96
     105
     109
     100
      86
     100
     113
     107
      95
      98
     114
     102
     129
     111
      97
     132
     135
     108
     103
     102
     107
     106
     112
     124
     125
     121
     102
     109
     127
     115
      78
     107
     110
     114
     108
     106
     113
     119
     114
     120
     165
     114
     113
     118
     106
     119
     103
     127
     104
     109
     120
     114
     127
     124
     144
     125
     133
     117
     123
     127
     114
     129
     116
     117
     110
     125
     120
     125
     127
     109
     125
     157
     142
     131
     142
     136
     124
     135
     143
     130
     127
     138
     133
     132
     126
     136
     127
     130
     113
     113
     149
     146
     143
     134
     125
     140
     141
     138
     142
     123
     150
     146
     145
     146
     154
     144
     134
     144
     142
     148
     159
     161
     155
     163
     134
     155
     185
     156
     155
     137
     161
     169
     121
     151
     167
     177
     157
     161
     155
     166
     163
     156
     148
     148
     184
     158
     149
     171
     157
     171
     170
     181
     182
     160
     188
     173
     168
     178
     196
     163
     182
     154
     146
     152
     162
     154
     160
     175
     181
     167
     166
     169
     168
     189
     190
     191
     169
     173
     151
     152
     151
     169
     179
     205
     178
     177
     187
     160
     189
     193
     167
     225
     194
     170
     190
     198
     186
     189
     201
     175
     209
     196
     186
     185
     186
     180
     173
     191
     206
     204
     208
     189
     210
     211
     207
     184
     215
     202
     213
     203
     207
     217
     214
     223
     195
     204
     210
     200
     217
     212
     211
     225
     214
     221
     207
     229
     192
     192
     234
     206
     221
     235
     187
     216
     212
     232
     244
     214
     246
     216
     242
     239
     221
     240
     224
     238
     231
     224
     245
     236
     212
     217
     254
     260
     233
     241
     239
     218
     263
     219
     248
     256
     237
     242
     247
     242
     260
     275
     265
     253
     270
     263
     228
     237
     225
     259
     264
     232
     270
     245
     257
     260
     260
     255
     265
     264
     271
     278
     268
     257
     242
     259
     268
     262
     272
     276
     305
     266
     244
     265
     296
     262
     268
     270
     278
     274
     260
     287
     276
     274
     318
     294
     284
     276
     290
     316
     300
     283
     327
     277
     284
     298
     290
     290
     331
     329
     272
     288
     300
     308
     305
     312
     300
     318
     320
     299
     325
     289
     330
     350
     324
     311
     325
     332
     302
     319
     347
     328
     306
     340
     320
     303
     325
     320
     319
     346
     337
     354
     324
     355
     355
     316
     373
     368
     340
     360
     340
     346
     339
     367
     340
     332
     343
     364
     359
     348
     326
     372
     379
     353
     381
     358
     367
     359
     373
     372
     363
     358
     351
     374
     377
     370
     392
     340
     383
     382
     389
     394
     383
     394
     374
     380
     395
     403
     406
     416
     390
     397
     413
     409
     391
     374
     400
     434
     402
     392
     398
     418
     401
     415
     427
     421
     405
     430
     439
     416
     431
     401
     437
     402
     441
     407
     416
     461
     427
     481
     460
     462
     419
     484
     437
     436
     437
     449
     453
     436
     460
     444
     484
     481
     462
     487
     483
     444
     472
     480
     499
     442
     516
     462
     494
     471
     456
     466
     491
     536
     507
     518
     508
     473
     483
     528
     513
     491
     481
     492
     504
     524
     480
     481
     520
     498
     517
     495
     508
     582
     475
     488
     541
     501
     497
     499
     534
     556
     522
     512
     500
     560
     568
     527
     537
     536
     564
     556
     510
     524
     546
     551
     566
     556
     564
     550
     559
     593
     559
     546
     573
     577
     600
     582
     600
     579
     587
     563
     568
     633
     600
     573
     595
     579
     643
     576
     571
     577
     570
     605
     614
     589
     618
     593
     658
     624
     655
     635
     607
     641
     617
     679
     637
     611
     674
     623
     611
     643
     612
     651
     609
     677
     632
     652
     668
     678
     707
     634
     631
     668
     665
     686
     692
     636
     669
     683
     681
     650
     689
     624
     711
     674
     706
     717
     664
     715
     712
     705
     707
     659
     700
     696
     680
     721
     741
     757
     787
     776
     745
     754
     758
     712
     788
     744
     763
     787
     734
     782
     778
     749
     753
     751
     789
     818
     798
     821
     803
     793
     774
     783
     779
     804
     810
     766
     864
     748
     819
     815
     822
     836
     778
     832
     835
     805
     806
     832
     838
     816
     811
     826
     873
     819
     828
     796
     825
     821
     850
     849
     845
     846
     830
     876
     907
     893
     872
     907
     906
     890
     903
     927
     911
     929
     877
     940
     907
     965
     901
     884
     924
     947
     909
     996
     906
     974
     989
     955
     950
     863
     951
     996
     941
     985
     979
     922
     944
     951
    1012
     990
    1037
     946
     994
    1024
    1050
     972
    1015
    1022
    1024
     994
    1034
    1053
     942
     990
     978
    1017
    1036
    1049
    1082
    1029
    1055
    1113
    1066
    1064
    1040
    1049
    1088
    1088
    1089
    1013
    1071
    1113
    1067
    1025
    1074
    1030
    1068
    1101
    1116
    1085
    1121
    1044
    1133
    1109
    1149
    1190
    1110
    1157
    1105
    1130
    1101
    1133
    1174
    1195
    1150
    1182
    1162
    1149
    1114
    1180
    1202
    1246
    1172
    1148
    1191
    1237
    1255
    1148
    1245
    1166
    1227
    1204
    1191
    1198
    1132
    1272
    1294
    1264
    1254
    1260
    1249
    1281
    1249
    1260
    1242
    1218
    1247
    1356
    1352
    1278
    1308
    1325
    1260
    1323
    1305
    1315
    1264
    1299
    1296
    1313
    1306
    1365
    1252
    1312
    1265
    1415
    1303
    1311
    1360
    1383
    1339
    1308
    1374
    1410
    1350
    1327
    1389
    1370
    1320
    1411
    1337
    1399
    1361
    1366
    1362
    1443
    1375
    1389
    1444
    1320
    1325
    1473
    1462
    1475
    1454
    1444
    1454
    1473
    1447
    1491
    1512
    1444
    1436
    1493
    1455
    1502
    1502
    1466
    1423
    1453
    1492
    1536
    1581
    1548
    1535
    1583
    1519
    1504
    1562
    1580
    1465
    1531
    1551
    1520
    1555
    1647
    1589
    1592
    1647
    1588
    1586
    1575
    1620
    1600
    1630
    1641
    1561
    1628
    1668
    1650
    1603
    1621
    1626
    1646
    1631
    1582
    1675
    1595
    1714
    1681
    1680
    1672
    1751
    1659
    1718
    1611
    1768
    1754
    1724
    1788
    1765
    1744
    1758
    1732
    1806
    1728
    1758
    1727
    1777
    1723
    1741
    1768
    1761
    1792
    1771
    1802
    1793
    1811
    1791
    1889
    1767
    1789
    1825
    1837
    1906
    1896
    1870
    1743
    1843
    1865
    1832
    1843
    1855
    1824
    1894
    1872
    1944
    1906
    1935
    1910
    1857
    1917
    1990
    1910
    1899
    1869
    1881
    1844
    1941
    1907
    1999
    1973
    1947
    1934
    2036
    1979
    1952
    1992
    2072
    1981
    2025
    1944
    1954
    2039
    2115
    1939
    2008
    2043
    2113
    1984
    2034
    2077
    2030
    2043
    2177
    2083
    2181
    2048
    2181
    2160
    2040
    2158
    2111
    2011
    2106
    2084
    2075
    2201
    2108
    2153
    2244
    2139
    2193
    2162
    2169
    2196
    2179
    2269
    2197
    2169
    2190
    2154
    2158
    2175
    2113
    2267
    2172
    2234
    2242
    2262
    2293
    2220
    2241
    2282
    2284
    2220
    2235
    2336
    2318
    2282
    2230
    2249
    2329
    2310
    2275
    2225
    2246
    2252
    2397
    2289
    2313
    2327
    2343
    2317
    2450
    2471
    2385
    2340
    2373
    2374
    2310
    2388
    2411
    2473
    2378
    2442
    2489
    2384
    2361
    2384
    2449
    2499
    2384
    2508
    2373
    2478
    2500
    2402
    2576
    2399
    2424
    2459
    2466
    2443
    2493
    2392
    2546
    2522
    2524
    2532
    2545
    2507
    2561
    2592
    2548
    2669
    2523
    2469
    2605
    2613
    2519
    2679
    2584
    2655
    2620
    2592
    2626
    2500
    2654
    2732
    2606
    2658
    2643
    2677
    2683
    2720
    2662
    2697
    2646
    2691
    2688
    2682
    2701
    2701
    2660
    2673
    2733
    2724
    2775
    2699
    2734
    2715
    2723
    2764
    2777
    2743
    2799
    2718
    2748
    2728
    2793
    2797
    2755
    2866
    2798
    2820
    2809
    2882
    2909
    2897
    2768
    2757
    2796
    2835
    2899
    2850
    2752
    2862
    2863
    2883
    2794
    2947
    2776
    2859
    2824
    2922
    2909
    2912
    2910
    3011
    2874
    2880
    2938
    2873
    2929
    2983
    2982
    2970
    2988
    2981
    3021
    2925
    2980
    2989
    3013
    3064
    2977
    2989
    3010
    3065
    3072
    2974
    3052
    2996
    3040
    2892
    3036
    3113
    2925
    3059
    3012
    3042
    3103
    3098
    3002
    3132
    3098
    3009
    3045
    3076
    3153
    3071
    3083
    3043
    3172
    3063
    3163
    3152
    3257
    3073
    3131
    3110
    2995
    3116
    3233
    3149
    3159
    3166
    3196
    3110
    3175
    3219
    3194
    3106
    3208
    3258
    3288
    3219
    3210
    3244
    3143
    3311
    3100
    3198
    3218
    3234
    3204
    3269
    3252
    3231
    3229
    3313
    3237
    3365
    3175
    3123
    3245
    3251
    3232
    3211
    3257
    3347
    3348
    3220
    3274
    3301
    3248
    3198
    3193
    3376
    3329
    3273
    3338
    3242
    3245
    3241
    3292
    3324
    3328
    3370
    3316
    3334
    3432
    3259
    3480
    3266
    3353
    3412
    3366
    3327
    3481
    3279
    3318
    3400
    3347
    3325
    3349
    3429
    3458
    3396
    3365
    3437
    3384
    3462
    3386
    3426
    3307
    3453
    3304
    3459
    3420
    3468
    3458
    3467
    3509
    3435
    3397
    3439
    3517
    3514
    3466
    3519
    3602
    3459
    3552
    3506
    3533
    3427
    3427
    3502
    3536
    3510
    3501
    3437
    3505
    3510
    3407
    3555
    3496
    3522
    3502
    3518
    3601
    3488
    3518
    3574
    3497
    3560
    3610
    3575
    3485
    3555
    3527
    3515
    3584
    3436
    3522
    3471
    3584
    3442
    3605
    3511
    3646
    3553
    3578
    3473
    3499
    3562
    3567
    3682
    3543
    3481
    3531
    3522
    3655
    3520
    3612
    3501
    3399
    3508
    3522
    3493
    3603
    3580
    3521
    3502
    3697
    3546
    3594
    3675
    3577
    3476
    3552
    3615
    3605
    3567
    3538
    3593
    3595
    3671
    3651
    3628
    3554
    3694
    3575
    3595
    3533
    3609
    3693
    3587
    3668
    3613
    3589
    3515
    3585
    3671
    3629
    3571
    3691
    3616
    3751
    3578
    3559
    3459
    3631
    3586
    3574
    3501
    3649
    3556
    3633
    3600
    3593
    3665
    3607
    3638
    3638
    3629
    3749
    3589
    3583
    3676
    3634
    3570
    3704
    3629
    3616
    3548
    3679
    3708
    3571
    3589
    3714
    3615
    3614
    3563
    3576
    3538
    3758
    3591
    3530
    3652
    3563
    3578
    3595
    3597
    3697
    3603
    3543
    3606
    3524
    3517
    3574
    3706
    3642
    3538
    3652
    3478
    3588
    3499
    3695
    3618
    3587
    3584
    3605
    3585
    3558
    3586
    3554
    3597
    3771
    3509
    3543
    3536
    3592
    3512
    3544
    3404
    3525
    3513
    3477
    3493
    3579
    3593
    3658
    3628
    3554
    3637
    3493
    3530
    3618
    3590
    3639
    3481
    3525
    3505
    3513
    3644
    3535
    3389
    3543
    3522
    3469
    3526
    3602
    3550
    3516
    3614
    3433
    3500
    3541
    3462
    3556
    3427
    3486
    3512
    3502
    3544
    3428
    3495
    3496
    3465
    3516
    3483
    3438
    3510
    3416
    3494
    3413
    3563
    3449
    3484
    3428
    3511
    3515
    3489
    3544
    3499
    3547
    3419
    3408
    3388
    3459
    3382
    3369
    3503
    3403
    3353
    3455
    3366
    3357
    3383
    3428
    3429
    3447
    3423
    3244
    3432
    3274
    3409
    3310
    3445
    3357
    3310
    3405
    3234
    3384
    3370
    3304
    3356
    3353
    3352
    3298
    3274
    3427
    3381
    3381
    3246
    3329
    3337
    3313
    3342
    3164
    3322
    3257
    3241
    3260
    3333
    3260
    3103
    3249
    3281
    3376
    3162
    3194
    3210
    3266
    3117
    3278
    3299
    3231
    3223
    3244
    3111
    3163
    3108
    3189
    3134
    3229
    3182
    3220
    3213
    3112
    3101
    3099
    3064
    3161
    3136
    3083
    3195
    3099
    3161
    3007
    2973
    3030
    3189
    3111
    3032
    3084
    3062
    3121
    3138
    3005
    3045
    3112
    3051
    3127
    3131
    2989
    3033
    3027
    3019
    2911
    3017
    3102
    2921
    3008
    3036
    3000
    2866
    3041
    2962
    2866
    2973
    2904
    2971
    2957
    2867
    2925
    2946
    2931
    2886
    2922
    2960
    2849
    2897
    2865
    2971
    2803
    2872
    2857
    2825
    2915
    2845
    2806
    2871
    3024
    2869
    2833
    2790
    2825
    2819
    2835
    2926
    2712
    2803
    2808
    2791
    2772
    2731
    2726
    2775
    2701
    2775
    2655
    2770
    2754
    2699
    2659
    2684
    2688
    2751
    2675
    2669
    2601
    2520
    2597
    2697
    2621
    2672
    2694
    2629
    2572
    2594
    2659
    2562
    2657
    2523
    2571
    2554
    2513
    2537
    2517
    2555
    2604
    2688
    2495
    2644
    2474
    2508
    2556
    2555
    2502
    2559
    2474
    2559
    2455
    2454
    2456
    2440
    2448
    2354
    2491
    2488
    2366
    2419
    2451
    2496
    2411
    2344
    2377
    2430
    2298
    2335
    2370
    2339
    2377
    2379
    2373
    2284
    2281
    2261
    2248
    2362
    2283
    2302
    2205
    2278
    2293
    2285
    2243
    2297
    2290
    2219
    2206
    2179
    2268
    2184
    2236
    2197
    2245
    2213
    2204
    2185
    2211
    2152
    2178
    2186
    2130
    2183
    2165
    2089
    2171
    2107
    2160
    2052
    2106
    2182
    2104
    2102
    2100
    2029
    2054
    2112
    2042
    2108
    2073
    2012
    2057
    2070
    2028
    2001
    1939
    1989
    1980
    1929
    1959
    1982
    1967
    1926
    1885
    1907
    1985
    1890
    1918
    1858
    1976
    1895
    1978
    1984
    1926
    1860
    1893
    1914
    1861
    1833
    1914
    1858
    1787
    1784
    1728
    1859
    1826
    1775
    1778
    1822
    1802
    1733
    1815
    1783
    1791
    1743
    1736
    1740
    1757
    1703
    1655
    1807
    1632
    1692
    1677
    1703
    1672
    1652
    1694
    1616
    1643
    1718
    1623
    1593
    1646
    1602
    1619
    1545
    1636
    1614
    1572
    1598
    1566
    1581
    1593
    1640
    1561
    1613
    1510
    1543
    1566
    1471
    1546
    1521
    1497
    1545
    1490
    1518
    1554
    1449
    1518
    1404
    1445
    1483
    1410
    1417
    1455
    1420
    1389
    1385
    1400
    1433
    1435
    1427
    1359
    1303
    1389
    1342
    1340
    1375
    1335
    1385
    1418
    1361
    1344
    1321
    1285
    1304
    1287
    1312
    1399
    1278
    1338
    1287
    1232
    1296
    1226
    1254
    1218
    1199
    1267
    1263
    1263
    1222
    1241
    1215
    1280
    1198
    1209
    1187
    1196
    1209
    1160
    1212
    1183
    1156
    1160
    1131
    1139
    1139
    1120
    1083
    1150
    1067
    1081
    1115
    1175
    1106
    1116
    1071
    1057
    1021
    1133
    1081
    1032
    1082
    1047
    1077
    1040
    1041
     982
    1102
    1066
    1012
    1030
     981
    1023
    1024
    1023
     976
     986
     974
     980
     986
     936
     952
     960
     915
     982
     945
     937
     936
     895
     891
     892
     950
     890
     930
     905
     916
     855
     967
     919
     891
     869
     815
     870
     883
     818
     832
     825
     851
     826
     825
     842
     888
     854
     772
     814
     801
     777
     779
     797
     790
     780
     813
     782
     789
     735
     760
     724
     750
     769
     778
     749
     790
     733
     721
     723
     692
     699
     652
     699
     702
     720
     673
     662
     667
     699
     676
     745
     635
     651
     675
     615
     647
     603
     584
     652
     656
     622
     561
     642
     628
     578
     606
     666
     608
     596
     554
     573
     584
     590
     614
     576
     594
     538
     576
     567
     553
     555
     584
     557
     537
     527
     531
     526
     567
     556
     535
     510
     483
     528
     490
     514
     526
     527
     480
     493
     507
     485
     462
     490
     478
     468
     488
     457
     479
     499
     465
     421
     435
     447
     419
     458
     464
     460
     406
     426
     461
     452
     424
     416
     414
     413
     419
     414
     427
     401
     457
     407
     373
     379
     427
     352
     386
     429
     400
     380
     379
     362
     374
     364
     369
     344
     351
     377
     382
     353
     346
     351
     309
     339
     324
     372
     350
     359
     360
     327
     346
     308
     316
     329
     325
     339
     309
     317
     304
     321
     320
     284
     311
     287
     317
     272
     311
     281
     300
     301
     283
     261
     279
     264
     260
     278
     244
     275
     275
     231
     255
     279
     245
     253
     225
     261
     258
     261
     243
     252
     262
     246
     234
     239
     235
     240
     243
     232
     208
     242
     214
     246
     211
     234
     215
     222
     258
     209
     237
     218
     217
     230
     201
     204
     224
     218
     207
     188
     216
     169
     206
     183
     187
     191
     202
     176
     183
     159
     196
     190
     166
     187
     166
     181
     162
     157
     159
     165
     145
     166
     151
     177
     168
     167
     141
     174
     171
     153
     141
     159
     134
     149
     149
     135
     161
     141
     123
     140
     156
     161
     133
     140
     155
     129
     130
     132
     133
     147
     124
     123
     160
     127
     124
     119
     138
     135
     118
     138
     122
     132
     111
     114
     106
     113
     110
     127
      93
     105
     111
     106
     121
     111
     104
     107
     110
      90
     107
      97
     104
      97
      77
     105
     104
      99
      95
      66
      86
      82
     107
      90
      95
      93
      92
      88
      91
      89
      87
      79
      90
      82
      79
      94
      72
      81
      67
      69
      72
      70
      65
      70
      85
      75
      61
      92
      64
      64
      61
      86
      65
      82
      65
      68
      59
      69
      69
      53
      69
      83
      51
      63
      66
      53
      79
      56
      57
      65
      53
      43
      61
      62
      49
      48
      56
      66
      48
      62
      58
      43
      56
      57
      56
      50
      55
      49
      51
      43
      50
      47
      38
      40
      52
      42
      51
      49
      38
      54
      44
      39
      36
      47
      47
      47
      45
      43
      43
      40
      43
      37
      37
      42
      35
      55
      45
      36
      46
      47
      41
      32
      52
      37
      39
      39
      34
      33
      29
      31
      29
      30
      34
      27
      36
      35
      33
      33
      31
      31
      34
      33
      32
      44
      36
      42
      29
      39
      25
      35
      34
      33
      19
      21
      24
      33
      18
      23
      30
      31
      25
      21
      28
      31
      24
      21
      29
      23
      29
      25
      26
      23
      23
      20
      28
      21
      35
      25
      31
      21
      21
      24
      23
      27
      24
      14
      33
      23
      23
      22
      18
      15
      14
      26
      19
      21
      16
      14
      23
      30
      24
      25
      21
      18
      15
      17
      21
      22
      16
      16
      25
      24
      23
      12
      16
      21
      12
      19
      11
      13
      14
      17
      16
      18
      12
      13
      24
      17
      12
      12
      18
      22
      21
      18
      22
      12
      10
      12
      19
       3
      12
      19
      13
      16
      13
      13
      11
       6
      16
      16
      17
      13
       9
      12
      12
      11
       8
      12
      10
      12
      10
      10
      10
      17
       8
      14
      12
       6
       8
      14
      10
      11
      12
       7
      11
      10
      13
      12
      17
       9
       9
      11
      14
      11
      12
      14
      12
       6
      11
      11
      13
      12
       6
       5
       8
       8
       5
       6
      10
      12
      11
      11
       5
       9
       5
      10
      10
       5
       6
       9
       9
      12
       8
      11
       7
      14
      10
      13
       9
      15
      10
      13
      12
       4
       6
       8
      10
       6
       8
       5
       7
       4
      12
       5
      13
       9
       5
       5
       6
      10
       7
       8
       5
      11
       8
       5
      10
       9
       8
       5
       7
       3
       8
      14
       6
       3
       3
       7
      10
      11
       4
       7
       6
       7
       5
       5
       7
       7
       6
       8
       6
       3
       6
       7
       3
       2
      10
       4
      10
      14
       3
       7
       8
       3
      10
       8
      12
       9
       3
       5
       8
       5
       5
      10
       4
       2
       6
       8
       7
       4
       5
       5
      10
       4
       7
      10
       5
       3
       8
      15
       9
       5
       7
       4
       3
      12
       6
      12
       6
       9
       3
       7
       7
       6
       2
       9
       6
       6
       3
       2
      14
       5
       6
       3
       3
       2
       1
      12
       3
       7
       3
       4
      13
       5
       7
       7
       8
       7
       9
       4
       6
       9
      10
       2
       1
       5
       5
       5
       7
       7
       3
       6
       9
       5
       7
       9
       4
       4
       5
       5
       3
       9
       2
       7
       6
       7
      10
       3
       7
       5
       4
       2
      10
       3
       4
       3
       4
       1
       5
       9
       4
       3
      10
       2
       5
       3
       6
       1
       5
       3
       4
       5
       4
       5
       6
       4
       5
       2
       5
       6
       5
       7
       2
       3
       3
       7
       4
       9
       2
       4
       2
       6
       2
       2
       6
       4
       8
       1
       3
       2
       3
       5
       2
       6
       6
       5
       3
       4
       4
      10
       5
       6
       3
       5
       9
       4
       6
       7
       3
       5
       2
       3
       4
       9
      11
       4
       0
       4
       6
       7
       9
       4
       5
       4
       4
       2
       7
       3
       3
       8
       7
       8
       2
       2
       6
       6
       6
       2
      11
       7
       6
       4
       5
       7
       6
       3
      10
       6
       3
       6
       8
       5
       5
       6
       5
       5
       2
       7
       6
       4
       5
       8
       7
       8
       5
       4
       5
       6
       5
       4
       5
       4
       5
       6
       4
       4
       3
       5
       9
       7
       4
       6
       4
       6
       6
       4
       3
       6
       5
       7
      10
       6
       5
       3
       7
       2
       7
       1
       5
       4
       1
       3
       4
       7
       5
       3
       4
       3
       5
       5
       3
       5
       2
       2
       8
       7
       3
       7
       7
       1
       1
       5
       7
       3
       3
       8
       6
       6
       9
       8
       3
       5
       8
       8
       4
       5
       9
       4
       7
       5
       8
       4
       9
       5
       3
       6
       7
       3
       5
       5
       3
       4
       7
       4
       5
       4
       7
       6
       5
       9
       4
       4
       9
       5
       4
       5
       4
       5
       5
       4
       8
       5
       5
       6
       3
       7
       2
       4
       2
       3
       7
      12
       6
       5
       2
       4
       3
       9
       5
       5
       3
       4
       6
       4
       4
       2
       2
       1
       8
       7
       4
       6
       6
       7
      12
       8
       5
      10
       5
       6
       5
       6
       0
       8
       5
       8
       6
       5
       8
       7
       2
      10
       7
       3
       8
      11
       5
       6
       6
       5
       5
       5
       8
       6
       6
       6
       4
       3
       8
       7
       5
       5
       5
       8
       6
       3
       4
       1
       4
      11
       4
       5
       4
       7
       7
       1
       6
       4
       4
       3
       7
       5
       3
       4
       2
       4
       4
       2
       1
       6
       5
       5
       3
       5
       3
       3
       8
       3
       5
       5
       6
       3
       4
       1
       7
       4
      10
       5
       1
       5
       5
       2
       4
       8
       4
       6
       2
       7
       4
       4
       2
       7
       4
       3
       7
       5
       2
       1
       2
       0
       9
       3
       3
       3
       4
       4
       2
       4
       4
       2
       1
       4
       5
       2
       3
       5
       0
       6
       4
       2
       4
       7
       3
       5
       1
       7
       1
       2
       8
       2
       3
       6
       4
       3
       2
       4
       4
       2
       3
       6
       6
       2
       5
      10
       1
       4
       3
       4
       5
       5
       4
       1
       5
       1
      11
       4
       3
       7
       5
       3
       3
       3
       6
       2
       2
       0
       1
       2
       3
       4
       6
       6
       1
       6
       3
       3
       2
       1
       3
       3
       3
       4
       1
       2
       1
       1
       5
       4
       2
       2
       6
       6
       0
       5
       3
       2
       3
       5
       1
       4
       1
       3
       4
       5
       1
       6
       1
       0
       2
       0
       5
       2
       4
       1
       3
       3
       4
       4
       4
       5
       2
       6
       4
       2
       2
       6
       4
       0
       2
       8
       3
       0
       3
       1
       4
       4
       1
       3
       1
       3
       6
       2
       3
       1
       4
       4
       3
       5
       3
       4
       1
       2
       1
       4
       1
       4
       1
       5
       5
       6
       4
       3
       2
       0
       2
       8
       3
       1
       3
       1
       3
       2
       1
       1
       4
       0
       5
       4
       2
       3
       2
       1
       4
       3
       4
       4
       6
       3
       5
       1
       3
       0
       3
       1
       2
       5
       3
       4
       4
       2
       2
       2
       1
       4
       2
       4
       6
       4
       1
       4
       4
       5
       5
       2
       2
       0
       2
       2
       2
       6
       2
       5
       3
       7
       4
       3
       5
       1
       3
       4
       1
       2
       4
       5
       3
       4
       1
       2
       3
       5
       0
       6
       6
       3
       4
       2
       6
       2
       3
       3
       4
       1
       3
       0
       3
       2
       6
       3
       1
       3
       1
       2
       6
       1
       2
       5
       5
       1
       2
       6
       3
       2
       6
       5
       2
       1
       2
       5
       4
       2
       5
       2
       3
       5
       6
       1
       2
       4
       8
       1
       3
       5
       1
       6
       3
       1
       0
       1
       5
       2
       1
       4
       6
       5
       4
       2
       2
       0
       2
       3
       3
       0
       2
       5
       2
      10
       1
       5
       3
       1
       2
       1
       2
       6
       8
       2
       1
       0
       2
       2
       3
       2
       6
       1
       2
       7
       5
       2
       3
       3
       8
       1
       3
       3
       2
       2
       6
       2
       3
       3
       1
       4
       2
       4
       1
       6
       2
       2
       1
       2
       4
       1
       5
       2
       3
       5
       3
       1
       3
       1
       7
       2
       2
       3
       3
       9
       4
       3
       2
       5
       6
       5
       1
       1
       3
       3
       3
       3
       3
       4
       2
       3
       4
       5
       2
       4
       1
       2
       1
       3
       1
       1
       2
       1
       4
       2
       3
       1
       1
       2
       4
       3
       5
       1
       0
       4
       5
       3
       4
       2
       1
       2
       2
       5
       7
       3
       3
       5
       3
       4
       2
       3
       1
       6
       1
       3
       3
       3
       2
       3
       1
       1
       5
       3
       2
       5
       2
       0
       2
       0
       1
       2
       5
       1
       8
       3
       4
       6
       6
       3
       3
       3
       5
       2
       3
       2
       3
       3
       3
       3
       5
       4
       3
       4
       1
       2
       0
       5
       5
       2
       2
       2
       1
       1
       2
       1
       2
       5
       2
       5
       4
       1
       5
       5
       5
       2
       1
       0
       2
       5
       2
       5
       1
       5
       3
       5
       3
       5
       3
       3
       1
       3
       5
       4
       0
       4
       2
       5
       1
       2
       4
       4
       0
       4
       5
       1
       2
       4
       5
       5
       6
       8
       1
       4
       4
       5
       2
       1
       4
       4
       3
       0
       3
       4
       2
       7
       2
       3
       4
       3
       6
       1
       3
       3
       4
       2
       6
       3
       3
       1
       3
       4
       1
       3
       3
       5
       1
       3
       2
       8
       5
       4
       1
       5
       3
       1
       1
       1
       3
       6
       5
       5
       2
       4
       1
       6
       4
       4
       4
       4
       4
       6
       2
       3
       3
       4
       4
       0
       5
       1
       3
       6
       2
       3
       3
       2
       4
       3
       3
       2
       3
       6
       5
       3
       3
       3
       4
       6
       1
       3
       2
       2
       2
       2
       7
       2
       2
       1
       3
       1
       2
       2
       5
       2
       4
       2
       1
       2
       0
       4
       3
       3
       4
       3
       4
       1
       2
       2
       2
       7
       1
       0
       2
       3
       4
       0
       6
       2
       3
       1
       6
       1
       2
       4
       5
       1
       4
       3
       2
       3
       4
       1
       2
       3
       0
       1
       4
       4
       6
       1
       3
       0
       1
       6
       3
       4
       3
       4
       7
       2
       4
       6
       4
       2
       3
       4
       3
       2
       2
       3
       0
       4
       2
       2
       2
       5
       2
       1
       4
       3
       1
       6
       6
       4
       1
       5
       3
       5
       5
       3
       4
       1
       3
       2
       4
       4
       3
       0
       2
       3
       4
       2
       2
       3
       4
       3
       2
       3
       3
       5
       6
       1
       3
       4
       2
       2
       2
       2
       5
       2
       0
       1
       4
       1
       2
       3
       1
       4
       5
       3
       2
       3
       6
       3
       2
       4
       1
       2
       6
       2
       2
       4
       5
       2
       3
       3
       3
       6
       6
       1
       1
       3
       3
       7
       4
       0
       5
       4
       3
       1
       3
       2
       2
       2
       4
       2
       5
       2
       2
       3
       1
       4
       0
       4
       1
       4
       3
       2
       5
       6
       1
       3
       4
       1
       2
       1
       5
       1
       0
       3
       5
       3
       2
       8
       6
       7
       0
       5
       3
       7
       6
       1
       4
       3
       4
       2
       3
       3
       6
       1
       2
       7
       3
       4
       3
       5
       2
       1
       4
       2
       3
       0
       1
       7
       1
       4
       3
       2
       3
       2
       4
       4
       8
       1
       3
       4
       0
       3
       3
       3
       3
       1
       1
       2
       3
       1
       3
       4
       2
       4
       5
       1
       6
       4
       2
       1
       3
       4
       6
       3
       2
       2
       4
       3
       1
       3
       3
       1
       3
       4
       1
       2
       2
       6
       5
       3
       4
       7
       2
       1
       4
       3
       7
       3
       2
       2
       2
       3
       2
       6
       3
       1
       5
       4
       2
       5
       2
       1
       4
       4
       3
       3
       2
       4
       4
       3
       6
       1
       5
       6
       0
       4
       4
       4
       3
       3
       5
       3
       2
       3
       3
       6
       3
       1
       7
       1
       4
       4
       2
       6
       2
       3
       4
       1
       5
       1
       2
       7
       3
       2
       2
       2
       5
       0
       4
       6
       4
       4
       6
       5
       3
       1
       2
       2
       2
       3
       1
       6
       2
       3
       2
       6
       6
       4
       2
       3
       1
       4
       4
       4
       1
       8
       4
       5
       3
       4
       6
       5
       3
       4
       4
       3
       6
       4
       6
       3
       5
       3
       3
       2
       7
       1
       2
       3
       2
       5
       6
       4
       2
       6
       1
       3
       3
       6
       6
       1
       4
       2
       3
       1
       3
       3
       3
       2
       4
       4
       2
       2
       0
       3
       7
       2
       2
       5
       4
       2
       5
       4
       0
       9
       5
       4
       2
       4
       3
       3
       2
       0
       3
       1
       3
       3
       3
       2
       4
       2
       6
       1
       2
       3
       3
       6
       5
       1
       2
       4
       1
       5
       2
       2
       5
       1
       3
       5
       4
       3
       7
       2
       4
       4
       4
       3
       3
       3
       1
       3
       2
       2
       3
       2
       4
       1
       4
       4
       4
       0
       5
       1
       1
       6
       2
       2
       8
       5
       5
       4
       5
       1
       2
       3
       0
       2
       0
       3
       6
       3
       6
       3
       3
       4
       4
       2
       4
       6
       6
       5
       6
       4
       2
       4
       5
       5
       3
       4
       3
       5
       3
       3
       3
       3
       6
       1
       2
       5
       5
       4
       2
       3
       2
       4
       2
       7
       4
       3
       2
       3
       7
       2
       3
       2
       1
       6
       2
       3
       3
       4
       3
       2
       2
       4
       4
       3
       4
       4
       3
       1
       3
       4
       3
       5
       4
       7
       1
       4
       6
       3
       4
       3
       2
       6
       4
       6
       5
       1
       3
       5
       3
       7
       4
       4
       5
       5
       5
       5
       2
       3
       2
       5
       1
       6
       5
       4
       3
       3
       4
       7
       8
       1
       4
       3
       2
       6
       4
       2
       2
       2
       2
       2
       1
       8
       3
       5
       6
       5
       5
       3
       8
       3
       5
       4
       3
       4
       4
       5
       3
       4
       5
       3
       7
       5
       2
       2
       5
       2
       3
       5
       3
       3
       1
       2
       1
       5
       3
       4
       2
       0
       3
       3
       2
       6
       3
       2
       3
       5
       3
       3
       2
       4
       4
       4
       3
       4
       6
       1
       3
       3
       5
       3
       4
       2
       3
       4
       5
       7
       1
       2
       8
       6
       1
       3
       4
       2
       5
       3
       4
       3
       4
       3
       5
       2
       4
       2
       6
       5
       5
       1
       1
       1
       7
       5
       2
       3
       3
       2
       4
       4
       3
       5
       5
       4
       3
       6
       3
       3
       4
       5
       6
       2
       4
       2
       5
       3
       1
       4
       2
       2
       4
       2
       4
       4
       2
       2
       5
       5
       7
       5
       1
       4
       5
       3
       3
       4
       2
       0
       4
       4
       4
       5
       2
       6
       3
       5
       3
       4
       3
       5
       3
       5
       1
       3
       5
       2
       5
       3
       7
       7
       5
       4
       5
       5
       5
       2
       4
       3
       6
       4
       5
       1
       5
       2
       7
       5
       3
       4
       3
       6
       8
       9
       3
       3
       3
       2
       2
       0
       2
       1
       4
       2
       4
       2
       4
      11
       2
       4
       4
       2
       7
       5
       3
       4
       5
       4
       5
       4
       3
       4
       5
       3
       9
       4
       4
       2
       3
       3
       4
       4
       2
       1
       2
       2
       8
       3
       6
       2
       2
       3
       3
       2
       2
       4
       3
       3
       5
       3
       4
       4
       8
       4
       3
       4
       2
       4
       3
       5
       5
       5
       1
       5
       4
       2
       8
       2
       4
       4
       7
       3
       2
       4
       4
       4
       4
       4
       5
       6
       9
       5
       2
       5
       4
       4
       3
       3
       7
       3
       4
       2
       4
       5
       3
       3
       3
       4
       2
       2
       7
       6
       3
       4
       2
       6
       4
       0
       1
       2
       1
       4
       4
       3
       2
       2
       2
       8
       2
       4
       6
       1
       4
       2
       5
       3
       2
       1
       1
       4
       1
       6
       2
       5
       7
       3
       5
       2
       7
       4
       5
       2
       2
       6
       3
       2
       6
       2
       7
       6
       4
       4
       8
      11
       1
       1
       2
       8
       6
       2
       4
       8
       2
       5
       4
       3
       3
       8
       2
       2
       7
       5
       4
       5
       3
       3
       5
       7
       3
       5
       6
       6
       3
       4
       2
       3
       3
       3
       2
       8
       3
       3
       2
       4
       2
       2
       2
       4
       0
       2
       3
       5
       5
       8
       2
       3
       7
       4
       6
       6
       3
       6
       3
       1
       5
       7
       5
       3
       2
       3
       0
       5
       4
       3
       6
       2
       2
       4
       4
       3
       3
       7
       5
       8
       4
       7
       2
       7
       1
       7
       5
       2
       3
       5
       5
       1
       4
       3
       1
       1
       2
       2
       4
       3
       2
       2
       5
       3
       4
       4
       4
      10
       3
       3
       4
       3
       2
       2
       3
       0
       3
       4
       3
       2
       3
       4
       1
       4
       3
       2
       3
       3
       7
       5
       4
       5
       7
       2
       4
       2
       4
       3
       3
       2
       2
       3
       3
       5
       2
       6
       4
       4
       2
       3
       3
       6
       5
       2
       2
       5
       8
       1
       5
       1
       2
       4
       2
       2
       7
       3
       2
       4
       5
       1
       3
       2
       5
       6
       3
       3
       5
       4
       6
       3
       3
       4
       3
       3
       4
       6
       2
       2
       3
       1
       3
       3
       2
       0
       5
       3
       5
       2
       4
       6
       2
       5
       7
       5
       3
       5
       5
       2
       1
       2
       4
       7
       4
       4
       4
       1
       3
       3
       2
       7
       3
       7
       5
       4
       5
       3
       5
       3
       1
       2
       1
       3
       2
       2
       5
       6
       2
       3
       1
       6
       6
       4
       6
       3
       3
       4
       3
       2
      12
       4
       4
       3
       1
       7
       2
       3
       2
       5
       7
       6
       1
       4
       4
       2
       4
       3
       3
       1
       3
       2
       4
       4
       5
       5
       0
       5
       4
       5
       7
       2
       4
       3
       1
       4
       5
       3
       1
       8
       3
       2
       5
       1
       2
       5
       3
       5
       4
       3
       2
       4
       5
       4
       8
       3
       1
       2
       5
       6
       3
       0
       4
       4
       3
       0
       2
       3
       2
       3
       3
       3
       2
       3
       3
       2
       4
       4
       5
       3
       8
       3
       2
       5
       2
       4
       6
       3
       3
       3
       5
       4
       5
       2
       4
       2
       5
       1
       1
       2
       7
       4
       4
       1
       6
       3
       6
       5
       8
       3
       2
       3
       5
       3
       3
       2
       2
       2
       5
       5
       5
       7
       4
       3
       1
       7
       2
       8
       5
       5
       2
       7
       1
       4
       7
       3
       6
       3
       2
       1
       1
       4
       2
       5
       3
       2
       3
       3
       6
       5
       2
       3
       3
       5
       1
       4
       1
       7
       2
       3
       2
       7
       5
       3
       4
       4
       6
       4
       7
       3
       3
       3
       2
       3
       2
       4
       3
       1
       3
       2
       3
       6
       2
       4
       3
       5
       4
       0
       6
       4
       5
       1
       2
       3
       2
       3
       4
       3
       6
       2
       3
       0
       2
       5
       2
       6
       6
       2
       3
       1
       4
       3
       4
       4
       4
       3
       9
       2
       1
       2
       5
       3
       2
       1
       4
       4
       3
       2
       4
       1
       4
       6
       6
       4
       3
       7
       1
       5
       4
       4
       3
       6
       2
       4
       6
       1
       4
       3
       2
       4
       3
       4
       0
       1
       3
       3
       1
       2
       2
       5
       3
       5
       2
       2
       5
       5
       2
       1
       6
       1
       4
       2
       4
       4
       3
       6
       4
       2
       6
       2
       4
       2
       2
       5
       3
       3
       0
       0
       4
       4
       1
       4
       2
       4
       7
       2
       2
       3
       5
       5
       0
       3
       2
       4
       2
       5
       2
       2
       1
       3
       1
       3
       3
       3
       0
       0
       0
       0
       0
       0
       0
       0
       0
       0
       0
       0
       0
       0
       0
       0
       0
       0
       0
       0
       0
       0
       0
       0
       0
       0
       0
       0
       0
       0
       0
       0
       0
       0
       0
       0
       0
       0
       0
       0
       0
       0
       0
       0
       0
       0
       0
       0
       0
       0
       0
       0
       0
       0
       0
       0
       0
       0
       0
       0
       0
       0
       0
       0
       0
       0
       0
       0
       0
       0
       0
       0
       0
       0
       0
       0
       0
       0
       0
       0
       0
       0
       0
       0
       0
       0
       0
       0
       0
       0
       0
       0
       0
       0
       0
       0
       0
       0
       0
       0
       0
       0
       0
       0
       0
       0
       0
       0
       0
       0
       0
       0
       0
       0
       0
       0
       0
       0
       0
       0
       0
       0
       0
       0
       0
       0
       0
       0
$ROI:
3
6725 6813
6948 7045
7244 7256
$PRESETS:
None
0
0
$ENER_FIT:
-0.000074 0.728814
$MCA_CAL:
3
-7.366740E-005 7.288145E-001 -2.624510E-006 keV
$SHAPE_CAL:
3
0.000000E+000 0.000000E+000 0.000000E+000
