$SPEC_ID:
No sample description was entered.
$SPEC_REM:
DET# 1
DETDESC# PPF18-07 Easy-MCA-8k SN 14274550
AP# Maestro Version 7.01
$DATE_MEA:
11/16/2022 07:56:11
$MEAS_TIM:
6734 12185
$DATA:
0 8191
       0
       0
       0
       0
       0
       0
       0
       0
       0
       0
       0
       0
       1
       0
       0
       0
       0
       0
       0
       0
       0
       0
       0
       0
      41
    7690
  338518
 3053526
   64187
   18579
   24223
   33901
   44950
   55493
   60053
   55909
   44594
   33579
   25388
   20043
   16513
   13482
   11266
    9155
    7359
    5792
    4676
    3708
    3030
    2545
    2151
    1960
    1798
    1711
    1619
    1556
    1556
    1498
    1551
    1467
    1373
    1470
    1284
    1229
    1153
    1017
     943
     774
     767
     638
     567
     464
     397
     370
     315
     251
     224
     212
     197
     180
     137
     145
     145
     140
     121
     100
     106
     128
     113
     100
      97
      75
      92
      77
      91
      93
      72
      93
      82
      54
      58
      60
      60
      45
      58
      48
      39
      36
      37
      40
      23
      43
      26
      30
      30
      25
      38
      36
      20
      42
      31
      25
      36
      26
      18
      27
      33
      17
      25
      31
      30
      21
      21
      28
      24
      19
      23
      20
      15
      17
      18
      23
      33
      10
      17
      23
      23
      18
      23
      23
      25
      20
      20
      25
      22
      16
      20
      20
      18
       7
      18
      21
      18
      14
      14
      21
      15
       8
      19
      25
      14
      18
      23
      24
      15
      17
      10
      11
      18
      15
      17
      11
      18
      14
      12
      18
      16
      30
      18
      18
      14
      14
      23
      12
      17
      21
      12
      16
      20
      15
      12
      21
      18
      17
      21
      12
      14
       7
      17
       8
      12
      15
      19
      13
      23
      15
      18
      19
      16
      21
      18
      13
      11
      13
      12
      20
      16
      17
      14
      19
      10
      20
      18
      12
      12
       9
       9
      12
      15
      18
      17
      12
      13
      19
      16
      15
      11
      22
      16
       8
      14
      15
      14
      12
      22
      16
      14
      12
      11
      13
      23
      21
      15
      12
      19
      14
      11
      15
      10
       7
      16
      10
      16
       9
      13
       7
       9
      13
      16
      18
      10
      14
       8
      16
       8
      13
      11
      20
      17
      10
      15
      13
      12
      12
      11
      10
      15
       4
      13
      18
      14
      14
      13
      17
      15
      13
       9
       9
       6
      11
      15
      15
      13
      10
      14
      10
      14
      13
      11
       9
      17
      13
      14
      12
       8
       5
      14
      14
      12
      10
      14
      17
       4
      10
      12
      13
      11
       8
       9
      11
      12
      10
      11
      12
       9
      12
      12
       7
      11
      10
      12
       9
      10
       5
      15
       7
      13
      11
      11
       7
      15
      17
      12
      10
       6
      11
       7
      12
      14
      10
       7
       6
       9
       7
       9
       9
      15
      11
      12
       9
      14
       7
       8
      11
       9
      17
       6
       8
      15
      14
      13
       9
       9
      12
      11
      12
      12
      16
      11
       5
       7
      12
      10
      10
      10
       8
       8
       8
      14
      11
      12
       6
      11
      12
      13
      11
      10
       7
      13
      10
       9
       9
       8
      10
      13
       8
       9
       6
      13
      10
       8
       5
       9
      11
      13
      12
      10
       7
       5
       9
      13
       3
      14
       7
       9
      10
      10
      14
       7
      11
      14
       7
       9
      11
      11
       4
       9
      11
      15
       6
       7
       6
      12
       5
       8
       9
       9
       4
       3
       6
      10
      13
      12
       6
       9
       8
       9
       2
       8
       9
       7
       6
       7
       7
       9
       6
       3
      16
       9
       7
       6
       8
       8
      14
       6
       9
       6
       8
       6
       9
       9
      12
       6
       9
      10
      11
      11
       3
       6
       1
      11
      10
       9
       9
       7
       7
      12
       9
      10
      14
       5
       7
      11
       4
      13
       9
      10
      11
       8
       9
      12
       8
       7
       6
      10
      11
       4
      12
       5
       7
       1
      17
       7
       8
      10
      12
      13
      10
       6
       6
       7
       8
       7
       6
       5
       8
       7
      11
       5
       8
       2
      11
       6
      15
       7
       9
       5
       7
       7
       7
      12
       4
       8
      11
       9
       3
       8
      10
       8
       9
       7
      10
       8
      10
       7
      10
       4
       6
      15
       8
       6
       4
       8
       9
       6
       5
       6
       6
       8
       3
       5
       5
       7
      10
       8
       3
      11
      10
       6
       8
       4
       2
       9
       7
      10
       7
       9
       5
       4
       6
       5
       7
      14
       9
       4
       2
       9
      10
      11
       6
      10
       8
      12
       5
      11
       8
      11
       9
       3
       4
       5
       8
       7
      10
      13
       5
       7
       6
       2
       5
       7
       5
       4
       6
       9
      12
       5
      15
       6
       8
       9
      10
       8
       9
      11
      12
       7
       7
       4
       4
       9
      10
       8
       9
       7
       3
       4
       8
       8
      10
       8
       8
       7
       5
       3
       9
       8
       4
       8
       7
       7
       9
      16
       9
       3
       8
       5
       7
      12
      12
       9
       7
       4
       8
      10
       4
       2
       8
       3
      12
       4
      15
       5
       4
      11
       5
       3
       5
      12
       6
       6
       8
       9
       5
      16
      12
      10
      12
       4
       3
       6
       6
       7
       8
       5
      10
       8
       4
       7
       5
      10
       6
       9
       9
      10
       4
       9
       6
       8
       9
      11
       7
       7
       2
       7
       4
       5
       6
       5
       8
      10
       8
       9
       3
      11
      10
       6
      12
       9
       6
      10
       5
       2
       8
       7
      11
      11
      10
       9
       9
      10
       4
       8
       1
       9
       6
       4
       7
       4
      10
       9
       6
       6
       7
       9
       5
       8
       8
      12
      11
       8
       5
       7
      13
      13
       7
       7
      12
       6
       7
       9
       5
       5
       6
       6
       7
       7
       9
       8
      10
       6
       5
       4
       8
      10
       7
       6
       9
       7
       9
       5
      14
       7
       2
       6
      10
       9
      10
      10
       4
       9
       5
       9
       5
       6
      11
       9
       4
       8
       8
       8
       8
      10
       6
       9
       8
       4
       6
       7
       5
       8
       4
       4
       2
       9
      10
      10
       5
       6
       6
       9
      12
      13
       5
      11
       7
      10
       6
       9
       5
       5
       7
       7
      10
      12
       5
       3
      10
       7
       8
      13
       6
       7
      13
       5
       4
       6
       5
       7
       7
       5
      10
       6
       4
       6
       3
       6
       5
       4
       6
      12
       8
      10
       7
       4
       7
       6
       5
       9
       6
       7
       6
       7
      10
       5
       4
       7
       6
       8
       5
       4
       9
       6
       5
      11
       6
       8
       9
       9
       9
       7
       4
      11
       6
       4
       5
       8
      11
       1
       5
       5
       8
       8
      14
       8
       6
       9
       6
       6
       5
      10
      10
      13
       5
      11
      13
       9
       8
      12
       0
       7
       6
       9
       5
       8
       6
       8
       5
       3
       4
       8
       7
       5
       9
       8
      10
       2
       4
      11
       7
       6
       6
       2
       6
       8
       8
       4
      16
       9
       3
       3
       7
       6
       4
      10
       7
      10
       4
       6
       5
       3
       6
       6
       3
       7
       6
      10
       7
      10
       9
       7
       9
      13
       3
       6
       2
       3
       5
      10
       6
       3
       7
       5
      11
       2
       5
       9
       6
       5
       5
       7
       4
       4
       8
       7
      11
       5
       9
       5
       7
       7
       5
       6
       5
       7
      11
       7
      10
       8
       4
       5
       6
       4
       6
       6
       5
       5
       8
       8
       5
       4
       7
      11
      12
       6
      11
       8
       7
       9
       5
       9
       3
       7
      10
      10
      12
      14
       5
       3
       8
       5
       4
       4
       2
       4
       8
       9
       8
      11
      12
       7
       7
       8
       6
      10
       4
      10
      12
       5
       8
       7
       9
       7
       7
       3
       4
       6
       5
       3
       6
       6
       9
       5
       9
       6
       4
       7
       4
       7
       8
      14
       5
       5
       8
      10
       8
       6
       6
       9
       5
      11
       4
       4
      11
       9
       5
       7
       6
       7
       6
       4
       5
      10
       2
       5
       9
       7
      12
      13
       7
       1
       4
       8
       6
       4
       7
       9
       4
       7
       8
       8
      10
      10
       7
       7
       7
       6
       7
       7
       8
       4
       7
       7
       2
       9
       5
       5
       7
       9
       6
       3
       6
       8
      12
       8
       8
      12
       4
       3
       9
       8
       6
       5
       6
       5
      10
       5
      11
       7
       8
       6
      10
       2
       4
       9
       7
       5
       9
       4
       5
       9
       8
      10
      10
       3
      14
       7
       5
       4
       8
       8
       9
       4
       6
       4
       7
       7
       8
      10
       4
       5
       6
       6
       5
       8
       3
       8
       7
       8
       8
       3
      15
       8
       6
       6
       6
      11
       7
       7
      13
       9
      12
       1
       7
       4
       7
       8
       8
      10
       5
      10
       5
       8
       7
      14
       5
       3
       6
       7
       4
       6
       6
       9
       8
       4
       5
       5
       5
       7
      11
       8
       9
      11
       5
      12
       9
      12
       4
       8
       4
       8
      10
       8
       6
       9
      10
       9
       5
       7
       4
       4
      10
       9
       8
       7
       5
       3
       6
       6
       7
       6
       5
      11
       6
       6
      11
       6
       9
      10
      11
       3
       6
       9
       4
       3
       8
       8
       6
      10
       3
       8
       7
       7
       6
      14
      15
       5
       4
       8
       3
       7
       8
      12
      11
       9
       7
       5
      10
       3
       5
       4
       6
      12
       4
       5
       6
       4
       0
       3
       5
       3
       6
       4
       9
      12
       6
       7
       3
       8
       8
       8
       5
       4
       7
      10
       5
       5
       8
       8
       8
      10
       5
      11
       5
       1
       7
       8
      11
       7
      11
       7
       5
       6
       6
       9
       8
      10
       7
      10
      11
       9
       7
       5
       6
       6
       8
       7
       7
       5
       5
       3
       4
       5
       6
       7
      11
       8
       6
       6
       3
       5
       6
      10
       8
      13
       9
       8
       7
       8
       3
      10
      12
      14
       2
       8
       7
      12
       9
       9
       9
       6
      10
      10
       6
       0
       4
       4
      10
       3
       8
       6
       5
       7
       5
       9
       6
       7
      11
       5
       8
       9
       8
       5
      10
       8
       8
       6
       7
      10
       8
      11
       7
       6
       7
       9
       9
      10
       9
      10
       9
       8
       6
       7
       9
       9
       9
      11
      11
       5
       6
      11
      10
       8
       9
      12
       9
       5
      10
      11
       7
       5
      15
      10
       6
      11
       9
       9
      11
       6
       2
       8
       8
       8
      13
       6
       5
       5
       7
       4
       4
       7
       4
      12
       8
       8
      11
      12
       8
      11
       8
       9
       8
      11
       7
      10
      10
       5
       6
       2
       8
       5
       9
       5
       5
      12
       6
      14
       9
       5
       9
       6
       6
       8
       8
       7
       6
      14
       4
       4
      11
      11
       8
      11
       6
       8
       3
       2
       4
      11
       6
       4
       6
       6
       6
       6
      11
       6
       9
       6
      14
      14
       9
      10
      11
       7
       6
       9
       7
       9
       8
      13
       8
       4
       3
       7
       7
       4
       6
       6
       5
       8
       9
      11
       9
       9
       4
       6
       8
       8
       6
       9
       4
      10
       8
       5
       6
       4
      10
       8
       8
       8
      12
      10
       5
       9
      11
       8
       9
      13
       7
       7
       5
       5
      10
       9
       8
       7
       6
       8
       8
       6
       5
      10
       5
       8
       8
       4
      13
      13
      12
      10
       5
       7
       7
       4
       6
       4
       6
       2
      14
       4
       4
       6
       7
       8
       5
      13
       7
       9
      10
      10
       7
      12
       9
       7
       6
       7
      12
       8
       7
      11
       4
       9
       5
       9
      10
       6
       8
       7
      11
      10
       7
       6
       5
      13
       6
       4
       4
       8
      11
       6
       5
       4
       5
       6
      11
      12
       6
       9
       8
      17
      11
       8
      12
      10
       9
       9
       8
      10
       5
       6
      11
       7
      11
       9
      11
       6
       6
       6
      11
      11
       6
       5
      14
       8
       5
      10
       9
       7
       6
      14
       7
       8
      11
       9
       9
       8
       4
       9
       4
      10
       8
       9
       5
       8
       4
       8
       6
       5
       9
       9
      10
       7
       7
       8
       6
      11
       8
       6
       9
       7
      10
       9
       7
       5
       7
      12
       7
       9
       3
       8
       7
      11
      12
       8
       8
      10
       4
       6
      11
      10
       6
       9
       8
       5
       9
      11
       5
       6
       4
       7
       9
       6
      10
       4
      12
       5
       9
      10
       8
      11
      10
       9
       7
      10
       8
       8
       6
      10
       4
       2
       8
      11
       9
       7
       8
       9
      11
       7
      13
       5
      13
      13
      11
      11
       8
       7
      12
       9
       9
       8
       6
       6
       7
      16
       6
      10
      10
       8
       9
       8
       8
       8
       2
      13
      10
       7
       8
       5
       9
       4
      12
       5
       7
       8
      12
       5
       5
       6
       6
       9
      10
       5
       7
       5
       6
      10
       6
       9
       9
      12
       4
      11
      11
       8
       4
      13
      10
       6
      13
       6
       8
      17
       8
      16
      19
       6
      13
      11
       9
      10
      16
       9
       7
      14
       4
      13
       8
      11
       8
       2
       8
      11
       6
      11
      10
       8
       6
      12
      11
      10
       8
       5
      18
       9
       5
      10
       4
       6
       8
      12
       9
       9
      12
      10
       9
      11
      11
      10
      11
       6
       9
       3
       6
      12
      12
      16
      14
       7
      10
       8
       9
      10
       4
       6
      12
       6
      10
       6
       8
      11
       6
       9
      12
       8
       8
       5
      12
       5
      11
       6
      10
      11
      17
       5
      10
       9
      12
       8
       8
      10
      10
       8
      11
      16
       9
      11
       6
      10
       9
       6
       5
      12
      12
      14
       7
      10
      10
       8
       8
       7
      11
       8
       7
       4
       3
       8
      11
      12
       7
       4
       4
       9
       9
       3
      12
       5
       9
       8
      10
      14
      12
      14
       8
      10
      15
       6
      13
       7
       7
       7
      10
       5
       6
       6
      14
      12
      14
       8
       7
       7
       9
       8
       8
      10
      14
      13
      17
      10
       8
       8
       7
      16
       8
      10
      12
       6
      10
      11
       9
       6
       8
      12
       9
      13
       5
      16
      15
       5
      14
       6
       9
       9
       6
       8
       8
      13
       8
      10
       6
       7
       9
      10
       5
      11
      10
      10
       8
      15
       6
       6
       9
      14
      11
      15
       8
       5
      15
      12
       8
      11
       8
      16
      13
      11
       7
      15
      13
      10
       8
       8
      15
      12
       8
       7
       5
       8
       7
      12
       9
      10
      11
       6
      13
      14
       4
       7
       6
       8
      11
       4
      13
       7
      10
      13
      10
       6
      10
      13
      17
      11
      15
      13
      11
      11
      17
       9
      11
      12
      11
       9
      14
       4
       1
      12
       6
      16
       7
      10
      10
       9
       9
       9
       7
       6
       9
       8
       8
       5
       8
      16
      10
       8
      10
       8
       8
      10
      16
       8
      10
      10
       8
      16
       9
      10
       9
      12
      11
      13
      10
      12
       8
      15
       7
      10
       5
      11
       9
      10
       5
      13
      10
       8
       9
      11
       7
       7
      10
       8
       8
      13
       7
       9
      16
       6
      13
       8
      10
       9
       4
      11
       9
      14
       7
      15
      12
      17
      10
       5
       6
       8
       7
      12
      11
      10
       5
      11
       8
       7
       5
       6
       7
       8
       8
       7
      12
      15
       6
       6
      11
       6
       9
      12
       6
      10
       7
      14
      13
      14
       9
      15
      13
      18
      11
      12
      12
       5
       8
      11
      11
      11
      13
       6
      10
       8
      12
      11
       4
      16
      12
       5
       5
      12
      13
      12
       9
      16
       9
      15
       7
       5
       8
      13
       7
      15
       8
      10
      10
       9
       9
       8
       8
      12
      11
       8
      10
      12
       5
      10
      14
      13
      11
       9
      12
      17
      12
      14
      15
      11
       9
      13
      12
      12
      13
       9
      13
      14
      10
       8
      10
      18
      10
      15
      13
       5
      13
      11
      13
      18
       9
      18
      11
       8
       8
      11
       9
      15
       9
      12
      10
      13
      13
      12
      13
      10
      15
      10
      11
       8
      14
      12
      10
      13
      10
      12
      12
      10
       4
       5
      17
      12
      16
       5
       7
       4
      13
      18
       9
       8
      11
       4
      11
       7
       9
      11
       6
       7
      11
      15
       7
      16
       9
      13
      10
      24
      16
       6
       8
      12
      13
      13
       6
       8
      12
       7
      17
      12
      13
       9
      10
      13
      10
      11
      13
       9
      11
       9
       9
       9
      11
      11
      16
      16
       8
      14
      11
      15
      14
      12
      11
       9
      12
      14
      10
      18
       7
       6
      12
      16
      16
      19
      13
       7
      18
      11
       8
       6
      11
      11
       8
      13
      13
      14
      10
      15
      10
       7
      12
      15
       7
      16
      11
      10
      10
       7
      12
       7
       6
       9
      19
      12
      14
      11
      17
      14
      11
      14
      10
      11
      11
       9
      10
      10
      11
       8
      10
      15
      11
      12
      14
       5
      13
      16
       9
      10
      17
      11
      14
      12
      15
      11
       9
      16
      17
       8
      10
      13
      17
       5
      13
      12
      11
      12
      10
      18
      14
      17
      17
      12
      11
       6
      10
      22
      12
      13
      18
      15
      12
      10
      13
      10
      13
      12
      12
      12
      16
       8
       8
       8
       7
      13
      12
      18
      12
       9
       8
      12
      14
       8
      14
      19
      17
       7
      17
      19
      15
      11
      14
      11
      13
      14
      12
      18
      13
      12
      13
       6
      16
      13
      17
      17
      12
      14
      10
      16
      15
      13
      11
      14
      14
      11
       9
      11
       9
      14
      15
      12
      14
      14
      11
      12
      11
      10
       9
      19
      18
      14
      13
       9
       9
      14
      12
      13
      10
      11
      12
       9
      14
      18
       7
      12
      15
      15
      10
      14
      11
      19
       9
      14
      13
      19
       8
      19
      14
      16
      16
      11
      14
      10
      16
      10
      18
      15
      13
       9
      12
      15
      13
       8
       9
      16
       8
      15
      15
      11
      14
       8
      14
       8
      17
      11
      16
      22
       9
      11
      19
      11
      15
      15
      16
      25
       9
      11
      13
      10
      13
      15
      11
      21
      10
      15
      17
      11
      17
       7
      11
       6
      15
      16
       5
      12
      13
      16
      13
       7
       5
      16
      16
      18
       9
      15
      11
       9
      10
       9
      17
      18
      10
      14
      14
      15
       9
      11
      14
      13
       8
      13
       6
      10
      14
      12
      18
       8
      10
      11
      11
      10
      15
      10
      10
      14
      12
      13
      12
      12
      10
      15
      22
      19
      20
      11
      15
       9
      10
      10
       9
      12
      10
       9
      16
      19
      13
      13
      13
      16
      20
      23
      19
      17
      14
      17
      14
      16
      17
      10
      19
      10
      16
      15
       9
      10
      16
      15
      16
      19
      13
      17
      17
      11
      12
       8
      15
      15
      10
      25
      11
      15
      11
      17
      12
      10
      12
      11
      17
      15
      12
      15
      14
      12
      22
      12
      14
       9
      13
      16
      18
      19
      14
      15
      14
      12
      14
       8
      21
      15
      13
      20
      11
      11
      17
      15
      16
      24
      19
      13
      14
      11
      17
       8
      14
      16
      17
      23
      13
      17
      17
      12
      13
      10
      14
      15
       8
       8
      14
      20
      16
      17
      12
      16
      14
       9
      27
      11
      18
      13
      15
      17
      20
      12
      20
      22
      12
      21
      14
      14
      20
       7
      15
      11
      19
      18
      16
      12
      20
      17
       6
      16
      12
      18
      16
      16
      18
      16
      20
      14
      16
      11
      16
      13
      11
      18
      18
      17
      17
      22
      17
      16
      15
      15
      15
      17
      21
      19
      16
      10
      16
      15
      18
      14
      13
      17
      12
      18
      19
      21
      12
      23
      16
      17
      17
      14
      15
      14
      17
      17
      14
      18
      14
      17
      15
      10
      18
      13
      19
      22
      14
      15
      18
      21
      14
      14
      15
      17
      19
      16
      18
      14
      13
      19
      20
      18
       9
      17
      22
      19
      11
      28
      16
      11
      14
      15
      19
      14
      18
      13
      16
      22
      10
      17
      16
      28
      12
      20
      15
       8
      13
      17
      16
      20
      16
      11
      13
      12
      12
      14
      12
      12
      17
      17
      17
      21
       9
      14
      19
      17
      16
      19
      23
      16
      22
      17
      16
      14
      20
      11
      19
      17
      13
      21
      21
      19
      11
      14
      15
      16
      22
      16
      20
      20
      17
      12
      19
      23
      15
      17
      17
      21
      16
      21
      19
      16
       9
      24
      19
      20
      14
      14
      20
      16
      20
      20
      21
      16
      19
      16
      20
      19
      13
      15
      22
      18
      24
      12
      11
      21
      19
      24
      18
      17
      19
      16
      16
      20
      22
      26
      25
      25
      15
      15
      15
      20
      17
      20
      23
      24
      20
      18
      16
      13
      11
      16
      12
      21
      25
      23
      23
      12
      15
      17
      17
      19
      21
      24
      21
      25
      17
      19
      16
      16
      15
      17
      21
      17
      18
      18
      23
      17
      22
      15
      16
      26
      26
      18
      26
      29
      13
      20
      18
      13
      13
      24
      16
      12
      13
      13
      27
      19
      17
      17
      21
      14
      19
      36
      22
      19
      20
      16
      21
      22
      11
      20
      30
      19
      21
      19
      21
      14
      12
      17
      22
      20
      22
      20
      13
      18
      22
      19
      18
      22
      15
      17
      20
      23
      20
      25
      26
      24
      18
      21
      18
      16
      28
      26
      35
      19
      27
      20
      21
      14
      22
      24
      18
      17
      26
      26
      23
      24
      26
      17
      28
      20
      18
      15
      18
      22
      21
      20
      21
      16
      28
      13
      24
      24
      28
      15
      19
      19
      21
      20
      32
      17
      17
      26
      26
      28
      20
      24
      21
      16
      24
      28
      25
      17
      17
      20
      24
      20
      28
      15
      25
      17
      23
      21
      17
      24
      23
      25
      15
      19
      19
      12
      23
      26
      22
      18
      17
      27
      21
      24
      14
      14
      16
      25
      21
      27
      32
      20
      29
      15
      24
      25
      36
      26
      25
      18
      17
      16
      22
      16
      27
      20
      17
      21
      24
      16
      15
      24
      15
      29
      23
      28
      23
      27
      20
      19
      19
      18
      18
      22
      29
      25
      26
      23
      28
      25
      19
      20
      32
      33
      29
      19
      18
      19
      17
      34
      25
      29
      21
      28
      18
      22
      23
      20
      17
      23
      20
      21
      31
      16
      26
      25
      33
      23
      37
      26
      20
      22
      16
      39
      26
      27
      17
      20
      23
      26
      20
      22
      22
      19
      20
      29
      21
      27
      25
      24
      31
      20
      23
      23
      22
      26
      22
      29
      20
      25
      15
      20
      25
      32
      35
      25
      21
      27
      28
      21
      31
      26
      24
      32
      27
      21
      20
      27
      29
      36
      29
      20
      25
      24
      30
      27
      22
      23
      22
      27
      19
      20
      24
      34
      35
      28
      30
      28
      32
      26
      28
      20
      28
      24
      26
      25
      19
      22
      16
      17
      30
      31
      34
      24
      30
      37
      36
      27
      32
      22
      31
      22
      22
      27
      28
      24
      25
      34
      29
      18
      37
      28
      27
      21
      44
      29
      21
      29
      38
      35
      30
      26
      14
      24
      31
      25
      34
      22
      26
      34
      26
      36
      25
      25
      31
      22
      22
      37
      44
      24
      31
      35
      19
      28
      22
      30
      26
      38
      36
      32
      27
      21
      33
      35
      31
      36
      34
      21
      36
      26
      28
      37
      39
      35
      36
      34
      31
      28
      26
      28
      31
      29
      28
      30
      22
      42
      34
      30
      27
      30
      41
      36
      39
      29
      34
      40
      29
      34
      30
      25
      39
      34
      33
      35
      31
      35
      39
      37
      39
      32
      37
      25
      33
      27
      44
      40
      29
      35
      30
      44
      44
      42
      30
      25
      38
      39
      26
      45
      35
      39
      29
      26
      36
      27
      36
      27
      31
      40
      30
      40
      40
      43
      33
      39
      33
      36
      39
      30
      40
      42
      38
      31
      36
      32
      27
      41
      40
      46
      45
      38
      28
      33
      34
      30
      41
      48
      44
      55
      34
      36
      39
      40
      47
      46
      38
      40
      40
      39
      39
      48
      42
      47
      47
      42
      39
      47
      42
      54
      44
      36
      35
      39
      44
      52
      40
      34
      41
      36
      43
      40
      34
      44
      38
      33
      42
      55
      40
      47
      35
      58
      57
      31
      43
      43
      42
      47
      45
      52
      37
      40
      35
      50
      48
      46
      34
      42
      56
      64
      47
      50
      44
      44
      55
      46
      45
      50
      55
      41
      49
      48
      48
      37
      43
      42
      45
      46
      59
      51
      49
      37
      45
      62
      44
      53
      64
      47
      40
      59
      43
      47
      55
      48
      49
      52
      44
      45
      56
      55
      54
      48
      59
      58
      56
      59
      53
      56
      47
      49
      55
      53
      52
      60
      53
      43
      40
      66
      59
      58
      57
      58
      59
      60
      61
      58
      45
      71
      65
      72
      37
      52
      47
      49
      43
      51
      53
      61
      49
      66
      61
      52
      60
      51
      40
      54
      64
      61
      51
      49
      63
      53
      71
      78
      68
      58
      62
      58
      47
      46
      54
      48
      70
      69
      61
      77
      63
      58
      61
      61
      65
      55
      68
      59
      53
      62
      71
      66
      64
      60
      63
      51
      61
      64
      59
      76
      70
      59
      68
      75
      67
      64
      66
      47
      77
      78
      84
      69
      84
      56
      81
      73
      70
      69
      76
      72
      60
      68
      65
      64
      76
      72
      75
      63
      72
      69
      63
      71
      76
      82
      74
      77
      67
      74
      80
      67
      77
      78
      66
      87
      81
      62
      86
      76
      87
      83
     100
      67
      69
      75
      77
      71
     100
      81
     101
      87
     102
      79
      71
      75
     100
      92
      95
      65
      74
      89
      87
      82
      86
      74
      95
      85
      90
      80
      64
      88
      88
      76
      75
      85
      92
     118
      94
      93
      86
      93
      85
      87
      95
      96
      85
     103
      99
      85
      88
     108
     100
      76
      78
      97
     105
     101
     103
      77
     113
     119
      98
      94
      93
     107
     100
     101
      90
      98
     114
      89
     109
      89
      93
     103
      96
     121
      96
      91
     119
      93
      83
     107
      88
     101
     117
     110
      97
     127
     118
      92
     112
     110
     111
     112
     132
     104
     102
      97
     116
     138
     124
     115
     119
     113
     108
     120
     117
     116
     132
     112
     112
     112
     113
     110
     142
     112
     114
     125
     135
     125
     129
     109
     126
     150
     137
     100
     123
     106
     124
     132
     117
     119
     116
     121
     131
     125
     140
     123
     137
     139
     128
     118
     131
     140
     139
     151
     146
     121
     125
     129
     145
     149
     125
     134
     139
     140
     150
     152
     133
     135
     132
     157
     145
     153
     133
     118
     172
     164
     142
     160
     152
     157
     173
     159
     130
     138
     145
     148
     163
     141
     159
     137
     170
     118
     175
     164
     159
     135
     178
     167
     146
     144
     163
     143
     151
     144
     174
     180
     199
     168
     165
     186
     159
     159
     185
     166
     157
     170
     186
     156
     178
     162
     177
     176
     178
     171
     172
     184
     179
     166
     172
     178
     180
     169
     181
     190
     164
     183
     183
     174
     177
     199
     211
     189
     201
     174
     178
     176
     209
     175
     194
     185
     179
     187
     188
     224
     193
     209
     183
     204
     192
     194
     201
     206
     218
     211
     224
     197
     238
     216
     214
     212
     209
     203
     207
     229
     207
     213
     237
     227
     223
     216
     238
     216
     225
     212
     228
     228
     234
     194
     230
     194
     239
     235
     233
     254
     238
     258
     222
     246
     236
     230
     248
     238
     250
     252
     254
     248
     282
     229
     250
     259
     233
     260
     252
     247
     240
     232
     267
     250
     292
     263
     248
     271
     245
     262
     268
     263
     289
     258
     281
     268
     244
     253
     245
     269
     269
     260
     292
     305
     275
     275
     262
     273
     294
     283
     273
     312
     302
     270
     305
     302
     293
     268
     289
     293
     271
     274
     294
     314
     295
     304
     310
     304
     307
     300
     294
     325
     322
     337
     288
     342
     346
     330
     301
     327
     318
     302
     315
     339
     325
     348
     309
     318
     330
     345
     289
     337
     338
     340
     344
     335
     349
     356
     335
     359
     344
     346
     337
     386
     354
     350
     370
     363
     351
     351
     389
     374
     315
     388
     354
     371
     393
     365
     356
     390
     380
     374
     397
     406
     409
     380
     395
     387
     383
     354
     396
     373
     375
     417
     382
     428
     390
     386
     372
     427
     411
     391
     411
     427
     415
     409
     445
     432
     400
     419
     429
     437
     416
     466
     458
     410
     431
     490
     453
     438
     453
     410
     460
     483
     478
     468
     460
     475
     460
     436
     461
     465
     493
     504
     462
     497
     456
     489
     500
     481
     474
     491
     483
     516
     475
     487
     467
     500
     542
     540
     479
     493
     521
     513
     496
     478
     512
     502
     495
     510
     454
     544
     540
     498
     534
     487
     507
     544
     534
     537
     523
     498
     568
     503
     535
     569
     525
     535
     583
     575
     583
     576
     575
     548
     565
     552
     520
     602
     580
     565
     588
     645
     617
     595
     597
     580
     603
     594
     606
     561
     612
     627
     564
     623
     597
     606
     619
     656
     634
     647
     627
     653
     662
     673
     672
     682
     649
     651
     663
     639
     645
     686
     711
     706
     681
     697
     674
     691
     649
     660
     678
     712
     714
     747
     747
     704
     711
     660
     743
     637
     691
     727
     762
     690
     761
     687
     734
     733
     694
     757
     762
     779
     775
     748
     761
     748
     740
     708
     745
     765
     740
     750
     740
     810
     778
     811
     784
     823
     849
     775
     817
     814
     761
     775
     830
     787
     772
     773
     870
     827
     807
     802
     824
     882
     826
     751
     817
     852
     840
     850
     865
     879
     854
     837
     864
     904
     837
     878
     935
     942
     822
     855
     889
     863
     911
     970
     893
     936
     919
     932
     920
     896
     875
     922
     977
     936
     939
     922
     960
     963
     986
     987
     970
     953
     958
     935
    1009
     980
     953
     962
    1003
     947
    1034
     967
    1009
    1008
    1076
    1049
    1022
    1003
     984
    1060
    1015
     934
    1069
    1064
    1038
    1049
    1111
    1014
    1107
    1082
    1048
    1109
    1039
    1060
    1105
    1033
    1131
    1097
    1128
    1137
    1126
    1106
    1082
    1161
    1125
    1108
    1122
    1128
    1086
    1152
    1177
    1147
    1236
    1235
    1162
    1195
    1179
    1171
    1178
    1263
    1150
    1281
    1211
    1240
    1295
    1234
    1212
    1225
    1225
    1264
    1253
    1297
    1242
    1228
    1267
    1225
    1279
    1270
    1209
    1276
    1253
    1247
    1290
    1295
    1337
    1319
    1335
    1302
    1387
    1324
    1335
    1337
    1341
    1352
    1364
    1276
    1310
    1405
    1351
    1336
    1405
    1404
    1354
    1400
    1403
    1365
    1361
    1419
    1420
    1420
    1458
    1453
    1435
    1427
    1470
    1394
    1453
    1427
    1420
    1519
    1480
    1465
    1442
    1479
    1487
    1413
    1462
    1474
    1496
    1603
    1483
    1567
    1447
    1535
    1537
    1492
    1496
    1575
    1534
    1545
    1602
    1556
    1518
    1574
    1531
    1535
    1561
    1616
    1721
    1531
    1643
    1690
    1635
    1599
    1597
    1605
    1653
    1674
    1620
    1622
    1628
    1699
    1686
    1671
    1674
    1677
    1645
    1635
    1670
    1720
    1736
    1755
    1648
    1694
    1669
    1731
    1741
    1708
    1707
    1764
    1746
    1791
    1761
    1743
    1761
    1791
    1734
    1813
    1850
    1815
    1805
    1775
    1808
    1833
    1919
    1746
    1824
    1854
    1790
    1876
    1858
    1810
    1862
    1845
    1833
    1904
    1886
    1958
    1894
    1903
    1965
    1945
    1886
    1948
    1939
    2008
    1874
    1999
    2029
    1929
    2004
    1974
    2038
    2013
    2000
    1969
    2034
    2026
    2025
    2027
    2024
    2081
    1948
    2033
    2097
    2058
    2042
    2130
    1962
    2076
    2054
    2163
    2022
    2100
    2044
    2122
    2137
    2134
    2041
    2111
    2163
    2146
    2088
    2149
    2224
    2171
    2218
    2232
    2127
    2259
    2272
    2266
    2177
    2185
    2201
    2123
    2211
    2222
    2381
    2205
    2259
    2241
    2277
    2319
    2218
    2164
    2235
    2248
    2386
    2245
    2359
    2201
    2333
    2275
    2322
    2408
    2388
    2392
    2340
    2257
    2303
    2416
    2327
    2340
    2410
    2380
    2403
    2412
    2464
    2438
    2458
    2425
    2421
    2475
    2500
    2408
    2464
    2427
    2429
    2420
    2483
    2548
    2502
    2547
    2452
    2492
    2550
    2564
    2630
    2553
    2490
    2543
    2531
    2532
    2586
    2576
    2551
    2509
    2642
    2570
    2554
    2640
    2572
    2643
    2536
    2661
    2628
    2633
    2665
    2674
    2701
    2562
    2644
    2667
    2738
    2741
    2665
    2623
    2748
    2623
    2645
    2668
    2680
    2733
    2757
    2740
    2750
    2809
    2749
    2792
    2743
    2748
    2740
    2877
    2815
    2826
    2789
    2809
    2757
    2725
    2876
    2782
    2914
    2859
    2875
    2802
    2798
    2975
    2942
    2837
    2791
    2873
    2840
    2842
    2824
    2874
    2986
    2793
    2794
    2966
    2981
    2986
    2886
    2937
    2920
    2971
    2850
    2956
    2941
    2962
    2985
    2868
    2976
    2963
    3007
    2991
    2998
    3038
    2950
    3043
    3061
    3153
    3082
    3013
    3059
    3017
    3041
    3131
    3106
    3041
    3064
    3142
    3051
    3117
    3117
    3122
    3099
    3167
    3098
    3211
    3020
    3244
    3236
    3117
    3136
    3119
    3089
    3071
    3187
    3201
    3142
    3060
    3233
    3238
    3263
    3154
    3152
    3258
    3185
    3157
    3171
    3167
    3175
    3221
    3226
    3232
    3203
    3131
    3241
    3274
    3119
    3239
    3264
    3296
    3262
    3300
    3245
    3304
    3249
    3237
    3333
    3349
    3298
    3324
    3293
    3267
    3256
    3334
    3329
    3379
    3363
    3223
    3282
    3296
    3301
    3386
    3350
    3426
    3248
    3420
    3293
    3330
    3348
    3450
    3474
    3384
    3384
    3459
    3402
    3408
    3424
    3361
    3375
    3331
    3423
    3298
    3398
    3357
    3391
    3428
    3410
    3465
    3390
    3519
    3334
    3401
    3519
    3426
    3460
    3530
    3526
    3450
    3484
    3521
    3557
    3501
    3443
    3470
    3553
    3454
    3377
    3540
    3362
    3687
    3512
    3519
    3540
    3511
    3514
    3535
    3545
    3461
    3489
    3501
    3455
    3543
    3483
    3410
    3626
    3600
    3526
    3519
    3602
    3527
    3538
    3476
    3518
    3568
    3588
    3533
    3462
    3544
    3495
    3569
    3548
    3625
    3689
    3574
    3520
    3551
    3580
    3621
    3433
    3647
    3684
    3609
    3541
    3559
    3572
    3564
    3428
    3563
    3537
    3510
    3491
    3592
    3600
    3603
    3557
    3593
    3660
    3484
    3628
    3607
    3508
    3519
    3603
    3601
    3635
    3505
    3611
    3711
    3649
    3525
    3694
    3683
    3604
    3592
    3603
    3549
    3608
    3608
    3578
    3639
    3600
    3596
    3663
    3610
    3637
    3504
    3595
    3681
    3640
    3654
    3623
    3723
    3635
    3531
    3710
    3633
    3618
    3678
    3653
    3637
    3576
    3614
    3584
    3618
    3601
    3666
    3632
    3675
    3610
    3678
    3640
    3547
    3700
    3701
    3607
    3604
    3625
    3620
    3607
    3549
    3506
    3563
    3656
    3584
    3586
    3587
    3689
    3697
    3631
    3695
    3604
    3495
    3600
    3560
    3625
    3624
    3603
    3557
    3687
    3753
    3518
    3688
    3612
    3584
    3543
    3584
    3519
    3575
    3486
    3631
    3656
    3552
    3585
    3512
    3486
    3589
    3522
    3538
    3632
    3619
    3616
    3672
    3573
    3672
    3533
    3516
    3428
    3500
    3528
    3530
    3625
    3553
    3478
    3676
    3512
    3443
    3546
    3427
    3596
    3564
    3508
    3513
    3545
    3428
    3451
    3436
    3553
    3521
    3689
    3512
    3481
    3393
    3452
    3442
    3480
    3411
    3508
    3501
    3455
    3457
    3478
    3354
    3417
    3489
    3412
    3409
    3384
    3402
    3439
    3413
    3464
    3355
    3347
    3317
    3402
    3427
    3340
    3281
    3438
    3325
    3447
    3356
    3401
    3333
    3378
    3474
    3346
    3396
    3293
    3285
    3329
    3314
    3286
    3393
    3202
    3257
    3283
    3276
    3326
    3199
    3146
    3275
    3276
    3277
    3352
    3253
    3280
    3266
    3280
    3229
    3275
    3164
    3305
    3187
    3115
    3273
    3151
    3142
    3216
    3161
    3200
    3083
    3167
    3106
    3159
    3167
    3179
    3251
    3047
    3112
    3128
    3186
    3157
    3140
    3092
    3077
    3136
    3144
    3184
    3089
    3090
    3151
    2986
    3078
    3070
    3058
    3064
    2995
    3012
    2924
    3054
    3052
    3093
    3077
    3101
    3015
    2971
    2989
    2819
    2941
    2921
    2928
    2969
    3054
    2744
    2934
    2899
    2994
    2928
    2856
    2834
    2864
    2886
    2957
    2947
    2876
    2888
    2908
    2808
    2876
    2839
    2808
    2864
    2884
    2787
    2781
    2780
    2873
    2861
    2740
    2615
    2827
    2752
    2747
    2736
    2715
    2758
    2794
    2778
    2791
    2596
    2757
    2687
    2762
    2714
    2693
    2617
    2717
    2615
    2606
    2728
    2607
    2726
    2647
    2601
    2561
    2616
    2561
    2635
    2570
    2554
    2508
    2585
    2559
    2586
    2547
    2586
    2552
    2522
    2548
    2660
    2488
    2438
    2471
    2425
    2429
    2577
    2451
    2440
    2414
    2457
    2417
    2395
    2419
    2381
    2350
    2427
    2462
    2406
    2309
    2415
    2350
    2317
    2278
    2354
    2359
    2285
    2229
    2403
    2225
    2437
    2345
    2292
    2253
    2314
    2282
    2287
    2241
    2291
    2193
    2213
    2237
    2172
    2267
    2197
    2283
    2239
    2246
    2112
    2225
    2132
    2150
    2098
    2128
    2139
    2058
    2102
    2125
    2084
    2155
    2047
    2088
    2071
    2125
    2007
    2111
    2079
    2035
    2097
    2030
    1996
    2091
    1988
    2038
    2055
    1987
    1953
    1984
    1934
    1902
    1996
    1942
    1928
    1969
    1931
    1978
    1903
    1920
    1945
    1865
    1804
    1837
    1852
    1883
    1833
    1842
    1789
    1858
    1910
    1834
    1728
    1737
    1783
    1777
    1769
    1753
    1767
    1851
    1789
    1729
    1706
    1813
    1720
    1770
    1691
    1696
    1689
    1647
    1754
    1724
    1646
    1747
    1695
    1678
    1645
    1660
    1664
    1742
    1609
    1678
    1641
    1541
    1552
    1579
    1570
    1534
    1588
    1627
    1556
    1538
    1561
    1477
    1531
    1472
    1453
    1480
    1474
    1500
    1449
    1498
    1470
    1470
    1439
    1482
    1489
    1441
    1427
    1431
    1391
    1387
    1366
    1371
    1431
    1396
    1357
    1384
    1404
    1324
    1315
    1394
    1412
    1262
    1359
    1349
    1272
    1295
    1367
    1287
    1294
    1306
    1231
    1256
    1225
    1315
    1246
    1204
    1243
    1206
    1222
    1252
    1234
    1290
    1187
    1228
    1219
    1211
    1112
    1237
    1212
    1182
    1162
    1182
    1209
    1202
    1141
    1089
    1124
    1098
    1101
    1024
    1054
    1082
    1053
    1080
    1097
    1094
     992
    1049
    1101
    1066
    1048
    1099
    1038
    1006
    1037
     979
    1044
    1026
     977
    1041
    1031
     947
     929
     938
    1007
     967
    1028
     987
     982
     932
     970
     968
     890
     989
     909
     892
     889
     897
     889
     920
     896
     902
     874
     863
     826
     862
     891
     857
     841
     784
     863
     827
     876
     842
     833
     775
     850
     816
     764
     820
     768
     807
     775
     790
     778
     775
     759
     748
     811
     733
     753
     737
     771
     762
     708
     744
     701
     691
     698
     711
     775
     634
     707
     655
     720
     701
     669
     644
     647
     678
     670
     674
     656
     623
     631
     643
     586
     640
     594
     603
     601
     604
     601
     593
     588
     666
     592
     567
     602
     584
     527
     571
     593
     573
     601
     527
     519
     559
     554
     551
     547
     526
     540
     497
     490
     524
     518
     567
     518
     521
     528
     488
     481
     482
     561
     484
     480
     472
     462
     452
     444
     464
     459
     452
     446
     454
     445
     428
     419
     432
     421
     429
     448
     418
     428
     420
     450
     413
     386
     395
     421
     394
     407
     375
     387
     398
     370
     398
     370
     392
     381
     392
     375
     341
     362
     361
     329
     330
     356
     381
     336
     332
     334
     377
     287
     358
     313
     287
     341
     329
     319
     362
     322
     314
     316
     291
     300
     317
     288
     286
     319
     315
     286
     261
     284
     277
     271
     266
     307
     258
     265
     263
     278
     272
     233
     251
     247
     250
     252
     229
     239
     224
     245
     271
     220
     248
     222
     239
     234
     225
     217
     214
     231
     234
     201
     234
     225
     200
     216
     221
     198
     206
     213
     221
     199
     191
     174
     175
     207
     218
     188
     195
     196
     176
     177
     195
     184
     195
     178
     162
     201
     180
     168
     144
     171
     156
     184
     163
     164
     164
     160
     153
     172
     166
     172
     132
     138
     174
     141
     135
     152
     141
     133
     155
     129
     124
     156
     141
     145
     148
     156
     142
     120
     123
     117
     124
     132
     117
     132
     121
     105
     108
     135
     111
     119
     119
     123
     116
     128
     121
     116
     121
      95
      99
     100
      87
     116
      92
     112
     105
     102
     104
     105
     107
     102
      95
     109
     102
      84
     105
      89
      85
      83
      82
      90
      83
      75
      80
      83
      94
      93
      90
      63
      76
      76
      96
      85
      59
      73
      70
      71
      74
      76
      93
      70
      69
      86
      68
      69
      81
      56
      58
      56
      65
      53
      67
      63
      61
      61
      59
      67
      56
      52
      78
      59
      56
      66
      63
      61
      54
      48
      56
      50
      63
      52
      73
      64
      39
      52
      42
      48
      49
      46
      46
      46
      44
      41
      49
      36
      41
      39
      42
      45
      46
      48
      45
      39
      36
      41
      42
      41
      40
      41
      40
      44
      39
      35
      51
      31
      31
      32
      48
      26
      34
      31
      31
      40
      30
      44
      30
      32
      30
      34
      29
      43
      33
      24
      42
      25
      29
      26
      30
      27
      26
      23
      31
      35
      37
      35
      34
      29
      22
      27
      32
      29
      24
      21
      20
      28
      22
      25
      18
      29
      28
      35
      26
      21
      21
      27
      20
      22
      28
      22
      23
      19
      27
      12
      28
      18
      16
      10
      27
      16
      21
      20
      22
      27
      19
      23
      16
      16
      18
      22
      16
      21
      22
      20
      17
      18
      20
      19
      10
      14
      17
      15
      23
      17
      12
      14
      23
      24
      15
      17
      18
      11
      17
      13
       9
      14
      15
      17
       5
      11
      14
      14
      12
      12
      17
      16
      13
       7
      12
      14
      15
      16
       7
       8
      18
      15
      10
      13
       7
       9
      11
      13
      14
      11
       7
      13
      13
       6
       8
       8
      12
       7
      15
      11
      12
      11
       8
      10
      10
      11
      16
      11
      12
      10
       6
      13
      16
      10
      11
       8
      13
      11
      11
      12
      14
      11
       6
       6
      11
       9
       4
       9
       7
      10
      12
       7
       8
       6
       9
       6
       6
       6
      13
       6
       7
       4
       6
       6
       6
       4
       6
       7
       4
       8
       6
       4
      10
       5
      11
       5
       7
       9
       4
       4
       5
       5
       7
       7
       5
       5
       4
       7
       4
       1
       5
       5
       3
       7
       6
       3
      10
       4
       6
       7
       2
       6
       6
       6
       7
       8
       3
       3
       4
       9
       5
       0
       6
       9
       5
       7
       8
       3
       4
       5
       7
       6
       6
       3
       8
       8
       2
       7
       3
       6
       5
       5
       6
       5
       4
       6
       4
       4
       4
       3
       3
       4
       4
       5
       4
       5
       1
       3
       2
       6
       7
       1
       6
       6
       5
       5
       5
       4
       6
       6
       3
       4
       3
       7
       4
       5
       1
       3
       3
       2
       4
       4
       3
       8
       3
       2
       6
       7
       6
       1
       6
       4
       5
       4
       7
       9
       5
       4
       2
       5
       7
       5
       2
       2
       7
       3
       6
       4
       2
       0
       9
       6
       4
       2
       2
       3
       5
       5
       5
       5
       6
       3
       2
       3
       6
       2
       3
       6
       1
       3
       4
       1
       3
       2
       3
       3
       3
       1
       3
       1
       5
       2
       3
       3
       5
       5
       5
       7
       5
       1
       2
       2
       4
       5
       6
       0
       4
       2
       4
       5
       5
       2
       8
       2
       3
       3
       4
       4
       3
       3
       2
       5
       4
       3
       1
       2
       2
       1
       2
       1
       4
       1
       4
       2
       3
       6
       2
       4
       2
       1
       2
       6
       4
       2
       2
       1
       2
       3
       7
       3
       1
       3
       6
       2
       3
       2
       3
       4
       3
       4
       3
       4
       4
       3
       5
       2
       6
       3
       3
       2
       2
       0
       5
       3
       3
       6
       3
       2
       8
       6
       0
       7
       3
       3
       3
       2
       3
       3
       1
       1
       1
       5
       2
       2
       2
       5
       3
       5
       3
       3
       3
       2
       3
       5
       5
       3
       3
       0
       5
       4
       2
       6
       6
       5
       4
       7
       0
       4
       4
       2
       2
       4
       6
       2
       3
       1
       2
       1
       2
       4
       2
       3
       6
       7
       3
       2
       6
       6
       4
       6
       2
       3
       3
       4
       2
       4
       6
       4
       6
       3
       5
       3
       1
       5
       3
       3
       1
       2
       3
       4
       6
       1
       3
       0
       8
       0
       3
       4
       1
       7
       3
       6
       1
       6
       1
       4
       3
       3
       2
       9
       1
       4
       4
       6
       6
       6
       3
       4
       9
       4
       2
       2
       2
       6
       3
       1
       4
       7
       5
       4
       1
       5
       5
       4
       5
       3
       3
       4
       3
       4
       2
       4
       5
       2
       2
       7
       3
       3
       6
       7
       1
       1
       7
       4
       7
       5
       4
       5
       5
       3
       8
       4
       8
      10
       1
       3
       3
       6
       5
       0
       7
       9
       6
       2
       3
       5
       0
       3
       6
       3
       3
       6
       8
       4
       5
       8
       4
       4
       4
       3
       3
       1
       4
       5
       4
       4
       1
       6
       4
       6
       3
       3
       4
       5
       4
       5
       4
       3
       4
       6
       4
       4
       3
       2
       4
       6
       6
       3
       4
       3
       3
       3
       3
       2
       4
       6
       5
       3
       1
       1
       1
       7
       4
       0
       4
       5
       2
       7
       3
       2
       0
       2
       6
       3
       3
       4
       5
       0
       3
       2
       5
       2
       2
       3
       4
       1
       4
       6
       3
       2
       3
       2
       3
       3
       4
       0
       0
       0
       1
       3
       3
       1
       3
       3
       1
       2
       2
       0
       2
       3
       2
       0
       3
       1
       3
       3
       1
       4
       5
       3
       5
       0
       0
       2
       3
       3
       1
       1
       1
       3
       4
       6
       1
       1
       3
       0
       0
       2
       2
       0
       0
       2
       3
       2
       2
       3
       3
       0
       0
       1
       1
       3
       0
       2
       5
       1
       1
       0
       3
       1
       2
       2
       3
       2
       1
       4
       6
       1
       4
       1
       6
       1
       1
       3
       0
       1
       3
       3
       2
       0
       1
       2
       2
       5
       1
       2
       7
       2
       2
       2
       2
       2
       1
       2
       0
       2
       2
       4
       2
       2
       0
       3
       5
       3
       0
       2
       6
       2
       4
       2
       1
       4
       1
       2
       2
       6
       6
       3
       0
       1
       2
       2
       4
       5
       3
       2
       2
       1
       2
       0
       4
       6
       2
       2
       3
       3
       3
       1
       3
       2
       0
       4
       3
       2
       1
       2
       1
       1
       2
       0
       1
       0
       3
       2
       4
       3
       0
       1
       4
       6
       1
       0
       2
       1
       1
       2
       3
       0
       2
       2
       1
       2
       3
       0
       0
       1
       2
       1
       0
       3
       2
       2
       2
       1
       2
       2
       0
       3
       1
       2
       3
       3
       1
       4
       1
       4
       1
       0
       3
       5
       1
       1
       1
       2
       2
       3
       1
       2
       1
       2
       1
       2
       2
       2
       5
       4
       2
       2
       1
       2
       2
       2
       1
       3
       0
       0
       2
       5
       5
       1
       1
       3
       1
       4
       1
       0
       0
       4
       2
       3
       3
       2
       3
       2
       1
       1
       3
       3
       3
       2
       0
       0
       1
       0
       3
       0
       2
       1
       1
       4
       1
       2
       2
       1
       2
       4
       1
       4
       2
       2
       2
       3
       1
       2
       2
       3
       3
       0
       7
       1
       1
       1
       2
       2
       2
       1
       2
       1
       3
       5
       0
       2
       2
       1
       5
       1
       2
       2
       2
       0
       2
       0
       2
       4
       3
       2
       4
       2
       2
       2
       3
       2
       2
       2
       2
       1
       3
       4
       0
       2
       0
       2
       4
       5
       3
       5
       3
       3
       2
       1
       0
       0
       1
       2
       4
       1
       1
       1
       1
       2
       4
       3
       1
       0
       2
       0
       2
       0
       3
       2
       1
       0
       6
       4
       2
       1
       0
       1
       1
       2
       2
       2
       4
       4
       4
       1
       2
       6
       4
       3
       0
       2
       1
       5
       5
       2
       3
       2
       2
       4
       0
       5
       3
       2
       0
       2
       2
       5
       3
       3
       2
       0
       3
       1
       3
       2
       4
       4
       1
       0
       5
       1
       1
       3
       0
       3
       2
       3
       4
       3
       3
       4
       1
       3
       0
       4
       2
       1
       0
       0
       3
       2
       1
       4
       0
       2
       0
       1
       4
       2
       0
       0
       3
       0
       2
       1
       3
       0
       0
       4
       5
       2
       2
       1
       3
       5
       2
       3
       1
       3
       1
       1
       1
       4
       1
       2
       3
       5
       1
       4
       2
       3
       2
       0
       1
       0
       3
       3
       4
       2
       2
       2
       3
       2
       2
       2
       1
       4
       3
       2
       0
       1
       3
       1
       2
       1
       3
       4
       1
       6
       1
       1
       1
       2
       4
       1
       4
       2
       3
       0
       0
       3
       0
       0
       1
       1
       4
       1
       1
       1
       0
       0
       2
       4
       1
       1
       3
       2
       2
       2
       1
       6
       0
       1
       4
       2
       2
       1
       2
       4
       4
       3
       2
       3
       2
       4
       3
       4
       2
       3
       2
       1
       1
       6
       2
       3
       1
       3
       2
       3
       4
       2
       1
       0
       1
       4
       6
       2
       1
       3
       0
       1
       2
       3
       2
       1
       2
       2
       3
       4
       2
       4
       1
       3
       1
       1
       3
       1
       1
       1
       4
       2
       0
       1
       3
       0
       1
       2
       2
       1
       3
       2
       2
       3
       6
       2
       3
       1
       4
       4
       2
       4
       4
       3
       2
       4
       3
       3
       2
       1
       6
       4
       3
       1
       6
       2
       2
       1
       2
       3
       1
       3
       0
       1
       2
       2
       2
       2
       3
       1
       4
       2
       6
       1
       0
       2
       4
       3
       2
       3
       4
       1
       3
       0
       1
       3
       5
       2
       4
       1
       2
       3
       2
       2
       1
       2
       0
       3
       3
       1
       2
       3
       2
       3
       1
       4
       2
       4
       2
       1
       3
       1
       1
       2
       2
       3
       2
       6
       4
       3
       2
       1
       3
       2
       3
       1
       2
       1
       1
       2
       0
       5
       1
       2
       0
       2
       0
       2
       0
       4
       3
       1
       0
       0
       2
       5
       3
       2
       6
       1
       2
       3
       1
       3
       5
       1
       4
       3
       5
       2
       1
       2
       2
       2
       4
       1
       4
       1
       2
       4
       1
       2
       4
       2
       3
       1
       0
       1
       1
       2
       0
       2
       4
       2
       2
       1
       3
       3
       2
       3
       4
       2
       1
       0
       1
       2
       4
       3
       4
       2
       0
       5
       1
       5
       3
       1
       2
       4
       0
       1
       0
       2
       3
       3
       0
       2
       7
       2
       0
       1
       0
       1
       4
       1
       2
       0
       2
       0
       1
       2
       3
       2
       3
       0
       3
       0
       2
       3
       4
       2
       2
       2
       3
       4
       0
       3
       2
       3
       1
       1
       2
       2
       1
       1
       2
       1
       2
       1
       0
       3
       3
       1
       2
       3
       2
       0
       2
       4
       0
       2
       2
       1
       4
       2
       3
       2
       3
       4
       3
       3
       1
       1
       2
       7
       0
       1
       2
       2
       2
       3
       3
       0
       0
       2
       0
       1
       3
       4
       1
       2
       7
       1
       2
       1
       3
       1
       1
       3
       1
       2
       4
       2
       2
       1
       0
       2
       3
       3
       0
       3
       2
       1
       2
       0
       4
       4
       1
       0
       1
       3
       2
       1
       3
       4
       1
       3
       1
       2
       0
       3
       1
       4
       2
       4
       2
       2
       6
       2
       1
       1
       0
       1
       2
       1
       0
       2
       0
       5
       1
       2
       3
       1
       3
       3
       1
       2
       3
       1
       0
       5
       2
       1
       3
       1
       1
       3
       5
       1
       2
       3
       4
       1
       2
       6
       2
       5
       1
       0
       1
       2
       0
       2
       0
       2
       3
       2
       1
       2
       1
       0
       3
       1
       2
       2
       3
       1
       3
       2
       3
       3
       1
       1
       3
       3
       1
       3
       4
       4
       3
       3
       3
       3
       0
       6
       2
       5
       2
       1
       4
       1
       4
       2
       1
       1
       3
       1
       2
       0
       2
       1
       3
       3
       5
       4
       1
       3
       2
       2
       3
       2
       0
       2
       0
       4
       4
       0
       4
       2
       3
       2
       4
       0
       2
       2
       3
       1
       2
       3
       0
       3
       1
       0
       1
       1
       1
       3
       1
       4
       0
       1
       2
       1
       1
       1
       0
       1
       2
       2
       0
       0
       5
       1
       1
       1
       5
       3
       4
       0
       4
       3
       0
       1
       1
       1
       6
       3
       1
       4
       3
       5
       2
       2
       3
       3
       1
       2
       2
       3
       0
       5
       1
       0
       1
       0
       2
       1
       4
       2
       1
       3
       2
       2
       3
       3
       2
       5
       2
       2
       1
       1
       2
       1
       2
       1
       1
       1
       1
       5
       4
       3
       4
       0
       2
       3
       5
       1
       3
       3
       2
       2
       6
       2
       3
       2
       2
       2
       1
       1
       2
       3
       4
       2
       2
       4
       2
       2
       1
       4
       4
       3
       3
       0
       2
       3
       1
       1
       2
       3
       2
       0
       3
       1
       0
       4
       0
       2
       3
       0
       2
       5
       3
       2
       1
       2
       4
       2
       2
       2
       2
       2
       3
       2
       5
       2
       3
       2
       0
       1
       2
       1
       1
       1
       3
       5
       1
       1
       1
       1
       3
       2
       2
       4
       3
       1
       1
       1
       4
       4
       2
       1
       5
       1
       2
       3
       4
       4
       2
       4
       3
       2
       3
       1
       3
       2
       1
       3
       1
       2
       2
       1
       3
       3
       4
       2
       2
       3
       3
       1
       0
       3
       2
       2
       2
       2
       1
       2
       2
       1
       2
       1
       1
       4
       5
       1
       5
       1
       4
       1
       2
       1
       2
       4
       3
       2
       1
       2
       3
       3
       2
       2
       1
       1
       4
       2
       3
       3
       4
       0
       1
       1
       3
       3
       1
       4
       0
       1
       4
       1
       3
       2
       2
       1
       1
       4
       3
       2
       2
       3
       2
       3
       4
       2
       3
       2
       1
       2
       5
       2
       1
       2
       3
       2
       5
       0
       2
       3
       3
       1
       1
       1
       2
       2
       1
       3
       3
       1
       2
       1
       0
       2
       1
       1
       2
       3
       4
       2
       2
       2
       1
       1
       2
       2
       4
       5
       2
       5
       0
       3
       1
       0
       1
       3
       4
       2
       2
       3
       0
       0
       2
       2
       2
       0
       2
       1
       3
       0
       0
       0
       1
       3
       1
       3
       3
       3
       5
       2
       6
       4
       1
       2
       3
       2
       5
       4
       2
       5
       0
       0
       0
       0
       0
       0
       0
       0
       0
       0
       0
       0
       0
       0
       0
       0
       0
       0
       0
       0
       0
       0
       0
       0
       0
       0
       0
       0
       0
       0
       0
       0
       0
       0
       0
       0
       0
       0
       0
       0
       0
       0
       0
       0
       0
       0
       0
       0
       0
       0
       0
       0
       0
       0
       0
       0
       0
       0
       0
       0
       0
       0
       0
       0
       0
       0
       0
       0
       0
       0
       0
       0
       0
       0
       0
       0
       0
       0
       0
       0
       0
       0
       0
       0
       0
       0
       0
       0
       0
       0
       0
       0
       0
       0
       0
       0
       0
       0
       0
       0
       0
       0
       0
       0
       0
       0
       0
       0
       0
       0
       0
       0
       0
       0
       0
       0
       0
       0
       0
       0
       0
       0
       0
       0
       0
       0
       0
       0
$ROI:
3
6725 6813
6948 7045
7244 7256
$PRESETS:
None
0
0
$ENER_FIT:
-0.000074 0.728814
$MCA_CAL:
3
-7.366740E-005 7.288145E-001 -2.624510E-006 keV
$SHAPE_CAL:
3
0.000000E+000 0.000000E+000 0.000000E+000
