$SPEC_ID:
No sample description was entered.
$SPEC_REM:
DET# 1
DETDESC# PPF18-07 Easy-MCA-8k SN 14274550
AP# Maestro Version 7.01
$DATE_MEA:
11/18/2022 17:35:59
$MEAS_TIM:
2384 4166
$DATA:
0 8191
       0
       0
       0
       0
       0
       0
       0
       0
       0
       0
       0
       0
       0
       0
       0
       0
       0
       0
       0
       0
       0
       0
       0
       0
      10
    3378
  136091
 1983523
   85994
   12552
   16333
   22313
   30284
   37073
   41302
   38238
   31074
   22586
   16897
   13132
   10711
    8898
    7277
    5539
    4366
    3468
    2653
    2040
    1527
    1138
     945
     805
     683
     632
     545
     502
     516
     477
     483
     502
     461
     434
     396
     405
     388
     355
     327
     295
     238
     218
     200
     156
     157
     127
      97
      75
      75
      86
      62
      46
      34
      42
      44
      46
      33
      38
      35
      33
      40
      34
      23
      34
      22
      27
      24
      27
      21
      14
      22
      21
      23
       9
       8
      15
      15
       9
       7
      11
      12
      12
      13
       9
      12
      12
       8
       6
      11
       8
       5
       6
       9
       9
       5
       7
       8
      13
       9
      13
       8
       7
       7
       5
       9
       9
       6
       4
       5
       6
       8
       7
       6
       5
       7
       9
       7
       5
       8
       6
       6
       2
       4
       8
       4
       4
       7
       6
       5
       6
       4
       5
       9
       2
       7
       3
       7
       6
       6
       7
       7
       5
       3
       5
       7
       5
       2
       7
       4
       8
       5
       8
       5
       6
       2
       6
       3
       8
       7
       5
      10
       6
       7
       5
       5
       6
       3
       9
       4
       3
       6
       5
       2
       5
       9
       1
       4
       6
       8
       1
       3
       5
       3
       4
       3
       5
       7
      12
       6
       5
       5
       5
       3
       5
       7
       4
      11
       7
       5
       8
       7
       6
       8
       9
       3
       7
       6
       3
       5
       6
       4
       0
       6
       5
       5
       5
       8
       6
       4
       3
       1
       5
       4
       4
       8
       5
       5
       4
       5
       6
       2
       9
       5
       3
       3
       4
       5
       1
       5
       2
       4
       8
       7
       3
       4
       4
       4
       2
       2
       8
       5
       9
       8
       6
       3
       7
       5
       3
       4
       5
       4
       5
       7
       4
       7
       2
       5
       8
       2
       2
       6
       5
       4
       6
       8
       3
       6
       5
       6
       4
       4
       3
       5
       0
       4
       2
       5
       6
       6
       2
       3
       5
       4
       4
       3
       5
       3
       1
       4
       4
       4
       2
       4
       3
       5
       4
       4
       5
       5
       2
       5
       4
       2
       6
       6
       2
       6
       4
       3
       1
       2
       6
       3
       3
       5
       5
       2
       3
       4
       1
       9
       4
       1
       0
       5
       3
       2
       9
       4
       0
       6
       5
       5
       2
       3
       2
       2
       7
       2
       4
       6
       5
       4
       5
       5
       7
       5
       5
       3
       5
       3
       4
       6
       5
       4
       2
       5
       2
       5
       6
       6
       4
       8
       6
       6
       8
       6
       5
       5
       3
       2
       4
       3
       2
       2
       4
       6
       3
       6
       5
       2
       2
       3
       1
       5
       2
       4
       4
       5
       2
       2
       3
       2
       4
       6
       5
       3
       2
       2
       4
       0
       4
       3
       3
       3
       2
       2
       2
       4
       5
       3
       3
       4
       5
       4
       2
       3
       6
       3
       2
       6
       7
       2
       4
       7
       3
       5
       2
       4
       4
       5
       4
       4
       2
       4
       2
       6
       5
       3
       5
       3
       4
       3
       5
       4
       3
       3
       3
       4
       2
       3
       4
       4
       7
       3
       4
       6
       1
       5
       2
       1
       4
       5
       6
       5
       7
       4
       3
       3
       7
      13
       8
       3
       1
       4
       4
       4
       3
       3
       3
       4
       5
       7
       1
       3
       5
       4
       3
       2
       2
       3
       4
       6
       3
       3
       3
       7
       1
       1
       2
       5
       2
       3
       4
       4
       5
       6
       5
       5
       1
       2
       7
       5
       4
       4
       4
       5
       5
       1
      10
       2
       4
       0
       3
       1
       4
       6
       3
       5
       3
       4
       4
       2
       7
       1
       4
       5
       2
       5
       1
       2
       3
       5
       6
       9
       1
       4
       5
       2
       5
       1
       3
       4
       8
       2
       5
       3
       8
       2
       2
       3
       3
       8
       4
       4
       1
       1
       5
       1
       3
       1
       2
       3
       3
       4
       4
       4
       5
       3
       3
       7
       5
       2
       5
       1
       6
       5
       7
       7
       4
       3
       5
       4
       2
       4
       0
       3
       1
       6
       2
       5
       2
       2
       7
       3
       3
       5
       2
       5
       3
       4
       7
       2
       5
       3
       6
       3
       0
       3
       3
       7
       3
       1
       3
       3
       6
       4
       1
       2
       3
       2
       5
       4
       1
       2
       5
       1
       3
       5
       2
       1
       3
       2
       5
       5
       9
       2
       4
       8
       4
       6
       6
       3
       5
       4
       4
       6
       2
       4
       7
       9
       1
       2
       3
       3
       5
       1
       3
       3
       3
       6
       5
       1
       2
       2
       2
       6
       5
       5
       4
       2
       2
       6
       4
       3
       6
       1
       5
       1
       4
       5
       7
       5
       1
       3
       3
       2
       8
       2
       1
       3
       5
       1
       5
       6
       4
       3
       1
       1
       4
       3
       8
       3
       1
       5
       4
       5
       1
       6
       4
       1
       4
       5
       4
       4
       5
       6
       3
       3
       5
       4
       4
       5
       1
       7
       3
       3
       2
       5
       4
       8
       6
       4
       0
       3
       6
       4
       0
       6
       1
       3
       5
       2
       6
       2
       5
       5
       6
       3
       0
       2
       3
       6
       5
      11
       4
       3
       1
       7
       3
       2
       4
       2
       4
       6
       4
      12
       2
       2
       2
       2
       9
       3
       1
       5
       3
       6
       3
       4
       2
       7
       8
       3
       2
       4
       5
       5
       2
       8
       3
       2
       3
       6
       4
       4
       2
       7
       5
       2
       0
       3
       3
       5
       3
       2
       9
       3
       4
       4
       3
       4
       3
       4
       4
       4
       1
       5
       2
       4
       3
      10
       2
       3
       8
       3
       3
       6
       5
       4
       4
       3
       4
       8
       5
       6
      11
       4
       6
       7
       1
       1
       2
       5
       5
       1
       4
       5
       5
       4
      10
       5
       5
       6
       2
       7
       4
       4
       6
       6
       2
       9
       2
       3
       2
       3
       4
       4
       3
       4
       3
       3
       5
       8
       3
       4
       5
       2
       1
       3
       4
       3
       6
       6
       4
       3
       3
       5
       6
       6
       2
       7
       3
       3
       5
       0
       5
       2
       6
       3
       4
       5
       4
       2
       4
       9
       3
       2
       2
       4
       9
       4
       4
       2
       6
       4
       6
       3
      10
       4
       8
       6
       4
       4
       8
       4
       2
       5
       2
       8
       6
       2
       3
       8
       8
       6
       7
       3
       5
       3
       3
       2
       4
       9
       7
       7
       7
       5
       4
       0
       7
       8
       5
       3
       6
       2
       5
       4
       3
       4
       6
       4
       9
       3
       0
       5
      11
       8
       5
       6
       4
       5
       6
       4
       3
       3
       4
       3
       6
       1
       6
       5
       6
       5
       4
       3
       3
       5
       1
       4
       3
       3
       2
       8
       1
       3
       5
       2
       5
       7
       6
       5
       1
       5
       5
       5
       6
       8
       5
       2
       6
       2
       3
       5
       6
       6
       4
       7
       5
       7
       5
       7
       8
       8
       3
       5
       3
       6
       2
       3
       6
       3
       1
       2
       7
       5
       3
       4
       2
       3
       4
       3
       5
       4
       2
       4
       4
       4
       7
       6
       6
       2
       4
       3
       4
       3
       6
       6
       6
       5
       5
       5
       3
       2
       1
       6
       3
       2
       4
       4
       7
       7
       3
       6
       7
       5
       3
       4
       6
       5
       5
       4
       3
       6
       8
       2
       6
       6
       3
      10
       3
       2
       4
       9
       2
      11
       5
       2
       4
       6
       3
       5
       4
       3
       4
       6
       1
       6
       3
       2
       6
       3
       4
       6
       2
       3
       3
       4
       7
       5
       3
       2
       5
       5
       5
       5
       7
       2
       6
       5
       3
       4
       4
       8
       3
       6
       4
       3
       2
       6
       4
       4
       8
       0
       7
       5
       7
       7
       3
       5
      10
       0
       2
       6
       4
       5
       4
       6
       7
       4
       5
       1
       6
       4
       5
       5
       4
       6
       3
       6
       5
       1
       7
       1
       6
       6
       2
       4
       1
       6
       1
       2
       3
      10
       4
       7
       3
       5
       5
       4
       5
       2
       7
       5
       6
      11
       5
       9
       7
       4
       4
      13
       3
       5
       5
       4
       7
      10
       8
       7
       6
       5
       5
       4
       9
       3
       7
       5
       5
       9
       7
       7
       7
       5
       7
       3
       3
       4
       3
       6
       6
       7
       2
       6
       4
       4
       3
       3
      12
       5
       8
       8
       2
       5
       5
       4
      10
       8
       6
       4
       6
       9
       9
      11
       7
       6
       5
       6
       7
       4
       3
       6
       6
       3
       9
       7
       5
       3
       6
       6
       3
       4
       4
       3
       6
       7
       5
       7
       4
       9
       6
       7
       4
       3
       8
       4
      10
       3
       8
       8
       2
       5
       7
       4
       7
       7
       3
       2
       5
       1
       5
       5
       8
       5
       5
      10
       3
       3
       3
       6
       7
       5
       3
       3
       6
       6
      10
       2
       8
       8
       3
       3
       5
       6
       9
       5
      10
       8
       6
       4
       8
       5
       5
       9
       5
      10
       7
      10
       5
       5
       5
       7
       8
       9
       3
       5
      12
       9
       8
       6
       7
       6
       7
       4
       4
       6
       7
       6
       5
       8
       7
       4
       3
       7
       9
       4
       1
      10
       4
       3
       6
       5
       4
       9
       8
       7
       8
       4
       7
       9
       6
       8
       8
       4
       9
       6
       5
       4
       7
       9
       5
       7
       2
       5
       5
       9
       9
       7
       7
       4
       6
       7
       7
      10
       4
      11
       7
       8
       8
       4
       9
       7
       5
       9
       7
       6
       6
       5
       6
      12
       6
       6
       5
      12
       7
       4
       5
       7
       3
       7
      10
       9
      14
       9
       6
      15
       5
       2
       6
       7
       6
       6
       8
       4
       2
       9
       5
      10
       5
       9
      10
       7
       5
       5
       7
       5
       7
       8
       9
       8
       7
       6
      11
       5
       7
      11
       6
       9
       7
       5
       7
       6
       6
       7
       8
       8
       4
       6
       9
       7
       7
       9
       6
       2
       6
       8
       7
       7
      12
       7
       7
       8
       9
      11
       8
       4
       7
       9
       7
       9
      10
       4
       8
       8
       4
       6
       9
       7
       9
       9
       7
       3
       3
       5
       8
       6
       8
       8
       5
       9
       8
       3
       7
       3
       3
       7
       7
       4
       7
       9
       6
       9
      11
      15
       7
       6
       6
       7
       7
       7
       9
       5
       8
      14
       6
       8
      15
      11
      13
       8
       6
      12
       9
      11
       8
      10
      12
       8
       7
       6
       8
       3
      11
      14
       7
       7
       8
      10
       8
       8
       5
      10
       7
      12
       9
       7
      12
      14
      10
      17
       9
       7
      12
      13
      10
       8
      11
      13
       9
       9
      12
       9
      11
       5
       7
       7
       5
      14
       8
      19
       8
       6
       7
       7
      16
       8
      10
       8
       6
       7
       9
       4
       8
      13
      12
       4
       8
       8
      15
      12
      12
       6
       8
      13
      11
      10
      13
       7
       6
       5
      14
      10
      10
      13
       9
       9
      10
      11
       9
       7
      10
      17
      11
       9
      12
      17
       9
       5
       7
       7
       9
       6
      14
      10
      10
       9
      12
       5
      14
       7
      15
      14
       7
      13
       3
       9
       8
       6
      12
       8
      13
       9
      11
       9
      10
       7
      11
      10
       9
      11
      10
      10
      12
       5
      11
      12
      10
      19
      12
       8
       5
       4
       7
      11
       8
       6
      10
       9
      11
      12
      12
       2
       8
       9
      11
      16
      14
      12
      13
       9
      16
      14
       9
       4
      12
      15
      15
      14
      12
      11
      13
       7
       4
      17
      12
      13
      16
      12
      12
      15
       9
       5
      17
      13
      11
      15
      10
       9
      11
       9
       7
       9
      10
       9
      13
      12
      10
      14
       7
       9
      11
       8
      13
      12
      13
      14
      12
      12
      12
       8
      13
      12
      11
       8
      15
      10
      11
      11
       7
      17
      10
      14
      16
       8
      10
       6
      10
      11
      12
      11
      14
      12
      11
       6
       7
      13
      16
      17
       9
      11
      14
      11
      13
      19
       6
      12
      13
      11
      11
      13
      15
      13
       9
       9
       9
      10
      14
      13
      17
      12
      14
      11
       7
      16
      14
      10
      16
      14
      14
      20
      13
      21
      14
      13
      16
      13
      13
       9
      21
      17
      10
      12
      19
      15
      12
      15
      13
      13
      14
      18
      14
      12
      13
      17
      23
       8
      14
      11
      13
      21
      19
      14
      12
       9
       9
      12
      15
      18
      16
      17
      13
      16
      14
      16
      17
      13
      11
      17
      16
      12
       8
      18
      18
      15
      14
       9
      22
       8
      18
      13
      17
      13
       8
      16
      19
      14
       9
      16
      17
      12
       9
      12
      19
       8
      14
      20
      13
      13
      21
      14
      16
      17
      20
      11
      12
      16
      14
      15
      11
      20
      17
      15
      13
      12
      13
      27
      14
      12
      14
      11
      19
      15
      18
      16
       8
      12
      16
      15
      16
      21
      30
      16
      13
      18
      16
      21
      19
      23
      19
      18
      11
      22
      11
      21
      13
      18
      14
      13
      18
      26
      15
      23
      16
      23
      25
      14
      18
      15
      21
      19
      19
      18
      13
      23
      17
      22
      19
      16
      21
      24
      21
      16
      22
      14
      24
      18
      19
      26
      23
      28
      17
      15
      13
      24
      17
      20
      18
      19
      25
      26
      22
      25
      23
      15
      15
      17
      26
      19
      17
      17
      18
      20
      20
      20
      18
      25
      15
      27
      18
      21
      13
      15
      22
      21
      20
      27
      19
      11
      20
      24
      19
      24
      18
      15
      34
      23
      19
      20
      29
      17
      24
      22
      21
      14
      27
      17
      28
      26
      24
      23
      26
      23
      25
      16
      19
      25
      22
      25
      21
      32
      27
      20
      14
      20
      27
      24
      22
      19
      19
      31
      21
      33
      25
      26
      26
      22
      18
      19
      24
      25
      22
      22
      25
      16
      15
      37
      20
      32
      15
      21
      37
      20
      24
      25
      24
      33
      33
      19
      23
      21
      28
      26
      36
      33
      24
      30
      25
      27
      36
      23
      22
      27
      33
      32
      27
      37
      32
      28
      22
      29
      33
      21
      20
      21
      33
      21
      21
      32
      26
      23
      32
      33
      26
      25
      21
      28
      26
      29
      27
      35
      21
      20
      31
      29
      30
      30
      35
      24
      34
      30
      30
      27
      27
      32
      23
      27
      31
      33
      47
      25
      26
      25
      34
      31
      35
      31
      26
      32
      30
      29
      22
      34
      38
      27
      25
      45
      34
      23
      26
      29
      24
      26
      23
      34
      37
      29
      39
      31
      26
      40
      22
      37
      28
      24
      26
      36
      33
      34
      38
      27
      46
      39
      32
      32
      31
      30
      40
      33
      30
      30
      36
      40
      26
      45
      30
      29
      33
      40
      30
      33
      32
      42
      39
      28
      36
      32
      36
      30
      34
      39
      36
      28
      26
      30
      38
      39
      35
      29
      35
      46
      48
      50
      36
      38
      43
      36
      40
      35
      44
      29
      33
      38
      49
      43
      44
      46
      31
      34
      53
      31
      27
      29
      36
      36
      50
      45
      43
      38
      48
      27
      46
      49
      49
      35
      42
      32
      37
      42
      49
      41
      30
      35
      42
      37
      37
      44
      49
      52
      50
      34
      41
      47
      46
      38
      48
      33
      41
      35
      42
      52
      61
      42
      45
      42
      39
      42
      49
      48
      42
      43
      56
      51
      55
      49
      42
      42
      48
      46
      53
      59
      56
      57
      43
      55
      50
      53
      51
      50
      45
      57
      55
      55
      52
      53
      46
      67
      41
      46
      52
      48
      53
      50
      70
      59
      47
      52
      55
      51
      52
      48
      54
      52
      56
      45
      62
      52
      59
      64
      64
      43
      65
      67
      65
      54
      54
      55
      51
      54
      55
      50
      54
      50
      50
      58
      67
      53
      58
      57
      56
      63
      37
      54
      55
      56
      52
      56
      61
      57
      64
      59
      68
      56
      65
      50
      69
      55
      50
      61
      61
      60
      58
      51
      65
      57
      53
      66
      61
      73
      51
      60
      51
      45
      66
      56
      60
      52
      73
      44
      75
      85
      69
      47
      60
      55
      63
      62
      83
      53
      58
      63
      59
      66
      68
      85
      54
      67
      57
      54
      71
      63
      69
      59
      60
      62
      70
      60
      62
      65
      64
      60
      79
      66
      67
      53
      81
      70
      84
      61
      72
      69
      80
      68
      62
      64
      86
      52
      67
      99
      80
      66
      54
      73
      80
      65
      88
      80
      77
      84
      57
      79
      64
      72
      92
      71
      66
      75
      75
      81
      62
      79
      80
      78
      76
      80
      73
      70
     100
      85
      90
      90
     103
      83
      92
      72
      73
      87
      90
      77
      85
      76
      77
      89
      88
      79
      73
      79
      92
      82
      81
      88
      86
      83
      79
      81
      70
      95
      68
      87
      81
      96
      98
      89
      98
      95
      76
      84
      96
      96
      94
      86
      96
      98
      83
     111
      83
     100
      92
      83
      90
      84
      94
      70
     109
      97
     102
      86
     103
      69
     111
     111
     108
      98
     122
     111
     107
     100
      99
     105
      98
     106
      99
      77
      92
      99
      89
     107
      87
     117
     105
      98
     111
      95
      97
     101
     108
      98
     101
     103
     117
      96
      96
      95
     110
     103
      92
     100
      94
     110
      96
     123
     123
     113
     110
     110
     121
     120
     115
     113
     103
     105
     102
     103
     110
     107
      87
     138
      98
     113
     132
     131
     125
     109
     130
     112
     130
     120
     109
     129
     114
     112
     103
     141
     118
     117
     118
     107
     128
      99
     144
     113
     127
     128
     109
     105
     128
     129
     136
     128
     127
     107
     126
     126
     122
     111
     128
     136
     120
      98
     136
     131
     136
     134
     130
     141
     130
     127
     129
     117
     127
     124
     138
     143
     123
     132
     153
     126
     128
     142
     130
     142
     124
     127
     134
     141
     124
     143
     140
     144
     115
     144
     145
     158
     129
     134
     123
     144
     155
     138
     154
     143
     146
     133
     142
     143
     175
     149
     151
     143
     141
     144
     163
     155
     142
     133
     137
     172
     149
     142
     132
     125
     166
     154
     172
     152
     134
     142
     169
     144
     162
     150
     167
     162
     144
     142
     167
     164
     140
     197
     198
     149
     165
     179
     162
     166
     183
     166
     191
     184
     168
     159
     178
     201
     154
     162
     178
     178
     172
     152
     174
     189
     196
     188
     179
     172
     186
     171
     174
     177
     178
     172
     171
     166
     204
     161
     188
     175
     150
     192
     155
     203
     198
     193
     183
     187
     198
     181
     179
     168
     210
     207
     199
     199
     187
     194
     208
     179
     196
     203
     194
     197
     218
     189
     199
     211
     217
     192
     206
     213
     193
     208
     225
     191
     205
     208
     216
     201
     220
     196
     187
     217
     208
     240
     187
     229
     205
     215
     202
     208
     223
     223
     204
     195
     218
     213
     208
     200
     211
     212
     230
     220
     224
     205
     222
     235
     224
     208
     239
     214
     223
     252
     200
     243
     222
     250
     244
     233
     221
     233
     252
     225
     244
     237
     259
     231
     260
     251
     239
     255
     240
     261
     240
     263
     244
     254
     237
     265
     243
     235
     218
     250
     260
     227
     229
     266
     252
     248
     268
     252
     254
     239
     258
     282
     251
     221
     232
     267
     242
     296
     255
     319
     259
     275
     254
     315
     290
     266
     238
     275
     253
     290
     259
     275
     271
     275
     277
     291
     275
     310
     288
     300
     275
     250
     297
     269
     275
     267
     261
     289
     314
     298
     304
     298
     270
     260
     295
     278
     288
     316
     277
     323
     326
     318
     321
     302
     313
     276
     291
     324
     316
     302
     268
     286
     288
     315
     295
     307
     283
     350
     317
     296
     313
     317
     314
     328
     340
     280
     341
     335
     321
     313
     293
     301
     323
     320
     299
     331
     320
     340
     335
     310
     320
     367
     321
     336
     306
     329
     312
     341
     315
     340
     312
     349
     354
     337
     318
     351
     364
     333
     319
     364
     342
     328
     352
     355
     373
     345
     343
     341
     369
     362
     343
     334
     352
     361
     391
     354
     348
     386
     428
     374
     373
     343
     359
     359
     377
     355
     372
     377
     371
     363
     392
     367
     396
     406
     390
     413
     390
     342
     359
     387
     375
     362
     377
     376
     406
     366
     390
     399
     402
     426
     403
     395
     373
     396
     392
     404
     388
     390
     395
     405
     405
     417
     415
     416
     379
     414
     448
     432
     380
     429
     417
     413
     437
     437
     406
     414
     383
     419
     457
     434
     430
     422
     440
     411
     425
     438
     444
     425
     440
     439
     423
     412
     451
     453
     452
     425
     473
     444
     413
     469
     443
     441
     467
     477
     475
     472
     446
     470
     498
     463
     457
     451
     434
     475
     464
     475
     467
     463
     520
     490
     459
     489
     464
     498
     444
     465
     474
     474
     488
     511
     498
     499
     470
     467
     476
     480
     478
     471
     504
     475
     525
     516
     485
     497
     478
     464
     506
     515
     475
     472
     509
     538
     524
     513
     529
     495
     472
     521
     524
     556
     478
     510
     554
     550
     545
     531
     490
     527
     548
     557
     502
     501
     521
     563
     519
     556
     488
     517
     526
     530
     548
     575
     513
     533
     499
     541
     565
     551
     532
     602
     521
     576
     512
     561
     607
     558
     601
     570
     573
     584
     569
     505
     581
     547
     540
     598
     592
     558
     547
     619
     554
     601
     587
     629
     587
     563
     601
     664
     602
     550
     572
     648
     579
     627
     556
     597
     618
     565
     568
     617
     642
     603
     596
     604
     661
     657
     616
     595
     593
     659
     609
     630
     611
     638
     619
     614
     618
     610
     659
     687
     617
     605
     643
     656
     645
     633
     640
     642
     628
     598
     636
     657
     592
     671
     638
     626
     674
     688
     683
     672
     704
     691
     695
     670
     663
     701
     634
     657
     680
     699
     686
     668
     643
     679
     646
     721
     659
     647
     725
     689
     702
     716
     684
     709
     704
     690
     688
     704
     736
     718
     685
     684
     738
     720
     751
     697
     734
     670
     699
     727
     667
     686
     692
     753
     731
     765
     725
     687
     746
     739
     735
     747
     720
     744
     760
     703
     743
     760
     741
     760
     784
     694
     745
     724
     746
     736
     699
     774
     730
     735
     749
     715
     747
     761
     773
     759
     665
     768
     723
     756
     786
     808
     733
     731
     703
     729
     790
     769
     741
     773
     804
     791
     766
     775
     776
     806
     805
     798
     837
     857
     748
     785
     830
     797
     817
     773
     845
     792
     831
     761
     805
     811
     777
     840
     852
     813
     835
     817
     740
     792
     818
     768
     854
     790
     803
     794
     799
     837
     813
     809
     830
     825
     873
     847
     849
     876
     877
     843
     836
     858
     839
     851
     814
     806
     817
     885
     863
     886
     847
     829
     868
     841
     829
     825
     887
     883
     866
     851
     825
     829
     869
     847
     849
     891
     879
     887
     821
     876
     860
     816
     869
     883
     875
     817
     903
     862
     864
     836
     841
     855
     883
     867
     923
     874
     879
     895
     872
     911
     945
     884
     886
     912
     891
     924
     902
     848
     883
     933
     917
     870
     942
     906
     915
     940
     934
     927
     925
     887
     868
     898
     857
     881
     935
     896
     889
     880
     930
     881
     905
     855
     909
     952
     901
     939
     929
     953
     912
     938
     935
     960
     961
     915
     907
     938
     945
     871
     946
     943
     887
     970
     942
     951
     911
    1000
     936
     987
     946
     918
     933
    1031
     989
     929
     941
     993
     964
    1009
     995
     967
     948
     951
     944
     935
    1003
    1003
     911
     926
    1040
     958
     954
     905
     946
    1009
     975
     987
     914
    1001
     956
     971
     938
     951
     928
     991
     986
    1044
     973
    1022
    1001
     950
     974
     981
     968
     969
    1045
     952
    1031
     965
    1010
    1032
    1038
    1040
     970
    1005
     995
    1015
    1053
     992
    1002
     987
    1002
    1040
    1047
     981
     982
     992
     999
    1019
    1029
    1021
    1064
     994
    1032
     995
    1058
     980
    1054
     944
     994
    1036
     984
     997
    1042
    1037
     990
    1005
    1006
    1017
    1009
    1064
    1024
    1070
     956
    1013
     957
    1064
    1012
    1027
     947
     982
     989
     992
    1020
    1054
    1053
    1062
    1028
    1024
    1008
    1015
     984
    1072
    1004
     970
    1024
    1102
    1005
    1064
    1049
    1031
     991
    1006
    1020
    1000
     992
    1023
    1030
    1013
    1100
    1096
     965
    1026
    1054
    1091
    1061
    1035
    1022
    1018
    1028
    1016
    1022
    1044
     990
    1058
    1044
    1097
    1021
    1073
    1082
    1047
    1036
    1031
    1063
    1060
    1086
    1055
     995
    1032
    1011
    1140
    1030
    1026
    1001
    1074
    1049
    1064
    1076
    1071
    1056
    1066
    1053
    1042
    1086
     988
    1032
    1030
    1086
    1063
    1003
    1099
    1091
    1080
    1022
    1048
    1033
    1043
    1054
    1009
    1053
    1038
    1091
     989
    1065
    1007
    1020
    1010
    1119
    1066
    1045
    1045
    1132
    1058
    1089
    1036
    1022
    1024
    1075
    1040
    1090
     986
    1082
    1070
    1052
    1013
    1031
    1018
    1053
    1111
     999
    1052
    1009
    1065
    1044
     993
    1028
    1036
    1018
    1021
    1075
    1074
    1106
    1068
    1008
    1089
    1103
    1063
     989
    1013
    1066
    1055
    1011
    1009
    1045
     968
    1001
    1026
     972
    1025
    1056
     981
    1017
    1024
    1071
    1057
    1055
    1059
    1052
    1077
    1026
    1036
    1034
    1018
    1003
    1013
    1051
    1073
    1014
    1037
    1046
    1067
     978
    1001
    1022
    1009
     993
    1024
    1021
     991
    1043
     989
    1003
    1018
     992
    1029
    1058
    1002
    1032
    1064
     975
    1034
    1044
    1059
    1028
     999
    1046
    1049
     955
    1014
    1038
     981
    1013
    1050
    1011
    1014
     978
     982
     950
    1064
    1005
    1078
     984
    1013
     991
    1014
     976
     990
     986
     989
     982
     997
     961
     981
     946
    1024
    1015
     978
     960
     978
     977
     975
    1015
     967
     965
     990
     962
    1020
    1028
    1037
    1005
     973
     987
     989
     958
     954
     953
    1003
    1018
     954
     975
     940
     987
     993
    1016
    1011
    1013
     976
     943
     982
     911
     984
     920
    1000
     983
     971
     974
     931
     996
     950
     989
     997
     999
     909
     918
     927
     952
     945
     925
     928
    1007
     886
     908
     887
     910
     910
     909
     900
     962
     915
     918
     971
     922
     929
     912
     955
     885
     897
     903
     958
     924
     917
     885
     953
     962
     893
     920
     868
     893
     896
     856
     910
     936
     856
     897
     904
     886
     916
     942
     904
     818
     897
     848
     929
     875
     878
     849
     886
     868
     903
     922
     863
     843
     883
     888
     892
     887
     873
     869
     847
     798
     896
     857
     865
     862
     845
     865
     819
     822
     811
     854
     812
     830
     876
     843
     878
     867
     861
     859
     893
     833
     862
     825
     831
     829
     831
     794
     817
     848
     843
     783
     807
     820
     832
     856
     841
     792
     763
     784
     767
     803
     748
     768
     765
     791
     756
     833
     798
     754
     813
     795
     800
     803
     814
     781
     794
     754
     807
     787
     724
     767
     787
     748
     809
     747
     779
     715
     730
     761
     738
     763
     758
     722
     737
     798
     771
     733
     743
     773
     770
     710
     694
     742
     754
     742
     775
     644
     744
     782
     699
     694
     752
     718
     719
     717
     726
     737
     714
     681
     667
     727
     729
     711
     706
     661
     700
     709
     680
     671
     688
     710
     695
     682
     671
     642
     652
     693
     672
     714
     650
     602
     662
     692
     716
     625
     678
     711
     659
     627
     670
     644
     643
     627
     662
     628
     705
     666
     683
     650
     676
     637
     638
     599
     626
     615
     648
     624
     643
     655
     645
     562
     657
     581
     611
     563
     606
     629
     569
     618
     642
     627
     561
     560
     625
     596
     592
     580
     592
     574
     658
     579
     586
     598
     590
     596
     570
     576
     547
     567
     559
     542
     529
     561
     570
     569
     570
     589
     566
     540
     522
     574
     561
     540
     556
     562
     484
     545
     529
     516
     523
     522
     552
     513
     509
     546
     519
     520
     515
     548
     515
     513
     579
     484
     478
     515
     511
     512
     547
     494
     487
     483
     497
     511
     494
     497
     504
     511
     475
     457
     499
     452
     474
     508
     486
     444
     476
     459
     469
     462
     438
     444
     491
     496
     440
     448
     478
     443
     446
     454
     425
     423
     430
     481
     453
     437
     450
     446
     416
     426
     449
     449
     441
     434
     420
     421
     403
     457
     430
     418
     413
     440
     395
     431
     443
     431
     415
     415
     352
     412
     409
     381
     375
     385
     353
     407
     383
     395
     375
     405
     384
     388
     359
     391
     388
     369
     388
     367
     384
     381
     378
     380
     410
     368
     347
     337
     344
     363
     330
     346
     343
     342
     396
     370
     333
     349
     312
     344
     371
     367
     341
     308
     338
     351
     314
     353
     301
     332
     301
     329
     321
     346
     328
     326
     314
     341
     322
     317
     288
     303
     304
     309
     294
     330
     311
     314
     264
     281
     287
     308
     300
     315
     298
     293
     290
     295
     282
     292
     267
     268
     317
     278
     273
     331
     281
     302
     285
     296
     276
     300
     244
     254
     262
     261
     263
     275
     284
     260
     259
     256
     266
     252
     246
     250
     250
     241
     229
     258
     247
     256
     255
     244
     252
     236
     245
     265
     256
     243
     248
     222
     224
     201
     237
     218
     237
     231
     228
     237
     234
     206
     235
     211
     212
     220
     213
     230
     203
     223
     199
     199
     209
     214
     215
     198
     196
     219
     200
     182
     191
     192
     192
     170
     186
     192
     190
     214
     186
     195
     194
     175
     197
     193
     204
     164
     196
     198
     206
     164
     175
     173
     196
     198
     171
     188
     203
     158
     152
     177
     166
     162
     164
     152
     155
     160
     184
     157
     152
     160
     159
     143
     168
     163
     156
     151
     146
     139
     166
     158
     164
     131
     138
     143
     168
     159
     167
     153
     161
     131
     130
     149
     135
     139
     117
     160
     134
     136
     138
     127
     150
     122
     118
     136
     134
     104
     132
     126
     149
     116
     115
     127
     107
     113
     130
     115
     113
     131
     139
     106
     117
     123
     110
     106
     116
     120
     110
     105
     100
      96
     137
     114
     105
     110
     111
     108
      99
     107
     102
      97
      84
     112
     120
     105
      97
     122
      98
     106
     108
      96
      89
      85
      95
      81
      81
      98
      99
      91
      76
      79
      93
      97
      83
      78
      95
      90
     114
      87
      83
      83
      83
      84
      87
      69
      76
      77
      66
      59
      76
      83
      87
      75
      78
     100
      72
      79
      84
      67
      81
      72
      79
      68
      72
      66
      67
      67
      65
      72
      62
      64
      47
      65
      79
      49
      60
      69
      77
      65
      57
      65
      49
      67
      55
      78
      63
      53
      55
      50
      55
      71
      47
      55
      63
      63
      60
      51
      51
      69
      53
      54
      63
      65
      57
      54
      57
      50
      46
      56
      48
      44
      55
      56
      59
      36
      46
      56
      42
      47
      47
      50
      40
      40
      40
      51
      43
      47
      37
      41
      47
      50
      40
      49
      38
      38
      43
      44
      54
      27
      34
      44
      45
      51
      39
      35
      39
      30
      47
      37
      42
      30
      35
      37
      35
      41
      28
      26
      33
      38
      31
      40
      36
      26
      31
      37
      32
      35
      28
      24
      27
      32
      33
      39
      50
      19
      36
      31
      39
      17
      27
      36
      22
      36
      36
      34
      37
      31
      33
      27
      28
      27
      22
      31
      29
      21
      27
      24
      22
      33
      16
      29
      25
      20
      28
      23
      27
      24
      32
      25
      20
      22
      19
      21
      35
      18
      33
      21
      21
      23
      22
      16
      24
      19
      20
      20
      16
      11
      21
      21
      24
      19
      20
      19
      27
      15
      21
      24
      13
      12
      18
      21
      20
      24
      21
      18
      10
      18
      16
      10
      17
      22
      15
      10
      19
      17
      16
      17
      16
       7
      13
      16
      16
      14
      17
      16
       9
       9
      13
      13
      11
      12
      11
      11
      14
      11
      10
       8
      11
      17
       9
      13
      13
      12
      11
      11
       4
       5
      17
      11
       8
       8
      18
       9
      12
      11
       9
      10
      15
       6
       7
      10
       6
       7
      12
       2
      11
      14
      15
      13
       6
      14
       8
       7
       5
       9
      11
       4
      13
       8
      13
       9
       8
       8
      11
       8
      10
       6
      12
       9
       7
       7
       9
      11
       6
       5
      11
       9
       6
       4
       6
       2
       7
       5
       5
       4
       7
       7
       6
       7
       8
       7
       4
       6
       7
       4
       6
       5
       6
       8
      14
       8
       6
       9
      10
       6
       7
       7
       4
       5
       2
       8
      10
       4
       8
       6
       5
       8
       4
       5
       3
       4
       2
       7
       6
       8
       5
       5
       7
       6
       9
       4
       4
       5
       6
       0
       4
       4
       9
       2
       6
       2
       4
       8
       2
       7
       5
       3
       6
       8
       6
       3
       5
       2
       0
       2
       1
       4
       3
       2
       4
       2
      15
       2
       2
       1
       4
       5
       8
       1
       3
       7
       2
       6
       2
       3
       1
       4
       6
       1
       4
       2
       3
       2
       1
       5
       4
       5
       3
       2
       2
       5
       3
       3
       4
       5
       3
       4
       7
       5
       0
       3
       4
       2
       5
       3
       1
       3
       2
       1
       3
       3
       1
       2
       6
       6
       2
       4
       2
       6
       4
       1
       3
       1
       5
       3
       6
       4
       4
       0
       2
       1
       3
       1
       0
       4
       2
       3
       5
       3
       3
       5
       4
       2
       3
       3
       5
       3
       1
       3
       2
       2
       1
       1
       0
       2
       2
       2
       0
       0
       3
       3
       7
       1
       4
       0
       4
       1
       2
       2
       3
       6
       1
       3
       2
       4
       3
       4
       3
       5
       2
       3
       2
       1
       3
       0
       1
       1
       4
       3
       3
       1
       5
       2
       6
       1
       3
       2
       2
       3
       2
       0
       1
       2
       1
       1
       0
       3
       1
       1
       1
       0
       1
       3
       3
       3
       1
       2
       1
       6
       2
       2
       3
       2
       1
       1
       3
       0
       3
       1
       4
       3
       0
       1
       1
       4
       3
       2
       2
       0
       2
       0
       4
       1
       3
       1
       1
       0
       4
       7
       3
       1
       0
       0
       0
       0
       1
       0
       3
       3
       1
       1
       2
       0
       4
       4
       3
       4
       2
       1
       2
       4
       2
       3
       1
       2
       0
       2
       0
       1
       3
       1
       1
       2
       3
       3
       4
       0
       2
       2
       1
       3
       2
       0
       0
       3
       1
       0
       5
       2
       2
       0
       2
       2
       1
       1
       1
       1
       3
       1
       2
       2
       2
       1
       0
       4
       2
       2
       3
       2
       2
       0
       1
       1
       1
       3
       0
       1
       0
       1
       3
       1
       2
       1
       0
       2
       5
       1
       2
       0
       2
       2
       2
       2
       0
       4
       1
       1
       0
       0
       3
       5
       4
       0
       2
       1
       5
       1
       3
       1
       2
       3
       1
       1
       1
       1
       1
       1
       4
       3
       1
       0
       0
       1
       1
       1
       0
       0
       2
       2
       4
       1
       1
       1
       3
       2
       1
       2
       1
       2
       1
       0
       4
       0
       1
       0
       1
       1
       1
       2
       3
       2
       4
       0
       2
       4
       0
       1
       2
       3
       1
       1
       1
       2
       0
       2
       1
       0
       1
       2
       1
       1
       0
       2
       2
       0
       4
       0
       2
       3
       1
       3
       0
       2
       3
       3
       1
       0
       2
       2
       4
       2
       2
       0
       0
       1
       0
       0
       2
       4
       2
       3
       4
       2
       1
       0
       2
       2
       3
       3
       2
       1
       3
       1
       2
       3
       2
       1
       0
       2
       1
       0
       2
       2
       0
       3
       1
       0
       0
       2
       2
       0
       3
       2
       0
       2
       1
       2
       7
       4
       2
       0
       3
       1
       1
       4
       2
       2
       3
       6
       3
       2
       1
       4
       2
       3
       2
       1
       2
       5
       1
       1
       1
       2
       3
       2
       3
       1
       1
       2
       1
       1
       1
       1
       4
       3
       0
       2
       2
       2
       3
       0
       2
       2
       0
       3
       2
       1
       1
       3
       3
       4
       1
       5
       1
       0
       2
       3
       3
       1
       1
       3
       1
       2
       1
       4
       2
       0
       2
       1
       0
       2
       3
       1
       0
       0
       2
       3
       2
       2
       2
       4
       2
       2
       1
       1
       1
       3
       2
       3
       3
       3
       1
       4
       0
       1
       3
       6
       2
       0
       1
       0
       0
       3
       1
       3
       1
       4
       2
       2
       0
       4
       3
       2
       1
       3
       0
       2
       1
       0
       3
       2
       2
       0
       4
       3
       3
       0
       2
       0
       1
       1
       2
       2
       2
       2
       0
       2
       0
       2
       1
       2
       2
       1
       1
       2
       3
       0
       0
       1
       1
       3
       5
       3
       2
       3
       0
       5
       0
       3
       0
       2
       2
       1
       5
       0
       4
       1
       1
       0
       1
       1
       1
       0
       1
       3
       1
       3
       0
       1
       1
       1
       0
       2
       2
       1
       2
       1
       1
       2
       1
       4
       2
       1
       1
       3
       3
       1
       3
       1
       0
       2
       3
       1
       2
       2
       0
       1
       0
       1
       2
       1
       0
       1
       1
       2
       1
       2
       1
       1
       1
       2
       0
       3
       1
       0
       0
       1
       1
       2
       2
       2
       0
       1
       1
       2
       2
       1
       0
       0
       2
       1
       0
       1
       0
       3
       1
       0
       1
       1
       1
       1
       1
       0
       2
       0
       2
       2
       1
       1
       0
       0
       0
       0
       0
       4
       1
       2
       0
       0
       0
       2
       1
       0
       0
       1
       1
       0
       2
       0
       1
       1
       1
       3
       2
       1
       1
       2
       2
       1
       1
       2
       0
       1
       2
       1
       3
       0
       0
       1
       4
       1
       2
       1
       1
       0
       2
       0
       1
       0
       0
       2
       0
       2
       2
       0
       0
       1
       0
       2
       1
       1
       0
       1
       0
       1
       3
       1
       1
       3
       0
       2
       0
       3
       0
       1
       0
       2
       0
       0
       3
       0
       1
       0
       0
       1
       2
       2
       0
       2
       1
       0
       0
       0
       0
       0
       1
       1
       0
       1
       0
       2
       1
       1
       0
       4
       1
       0
       0
       0
       2
       2
       3
       0
       2
       1
       0
       1
       2
       1
       0
       1
       0
       0
       3
       3
       1
       1
       3
       0
       1
       2
       1
       1
       2
       1
       0
       4
       0
       2
       2
       0
       2
       1
       3
       3
       0
       1
       0
       1
       1
       0
       1
       1
       1
       1
       2
       4
       1
       1
       1
       1
       1
       1
       2
       1
       4
       1
       1
       0
       1
       1
       1
       2
       3
       0
       3
       1
       2
       2
       1
       1
       1
       0
       0
       1
       1
       0
       0
       1
       1
       0
       0
       0
       0
       1
       1
       2
       2
       1
       1
       1
       1
       0
       1
       0
       1
       1
       0
       0
       1
       1
       0
       1
       0
       0
       1
       0
       2
       0
       2
       4
       4
       1
       1
       2
       0
       1
       3
       0
       2
       0
       1
       1
       2
       1
       1
       1
       1
       0
       4
       0
       2
       0
       1
       0
       3
       0
       1
       0
       1
       0
       0
       3
       3
       1
       4
       0
       0
       0
       1
       1
       1
       0
       1
       0
       3
       0
       3
       2
       2
       2
       2
       2
       1
       1
       2
       1
       0
       0
       2
       0
       1
       2
       2
       2
       0
       1
       0
       1
       1
       0
       0
       1
       1
       1
       0
       3
       2
       1
       0
       1
       1
       1
       0
       1
       0
       0
       0
       3
       2
       3
       0
       0
       0
       2
       1
       1
       1
       1
       0
       0
       2
       1
       0
       1
       3
       1
       2
       2
       4
       2
       3
       2
       3
       0
       0
       1
       0
       1
       3
       1
       0
       1
       0
       3
       4
       3
       3
       0
       2
       1
       3
       4
       2
       4
       0
       1
       1
       1
       0
       3
       1
       1
       1
       1
       1
       1
       1
       1
       0
       2
       1
       0
       0
       1
       0
       1
       1
       2
       0
       2
       0
       1
       1
       2
       1
       1
       2
       0
       2
       1
       1
       2
       0
       0
       0
       0
       2
       2
       0
       0
       3
       1
       2
       5
       2
       1
       1
       2
       2
       0
       3
       0
       0
       0
       0
       1
       2
       1
       1
       1
       1
       0
       0
       4
       1
       2
       0
       0
       0
       0
       1
       1
       1
       1
       2
       0
       2
       0
       2
       0
       2
       1
       1
       3
       2
       1
       2
       1
       3
       2
       2
       0
       0
       0
       2
       0
       0
       0
       2
       1
       1
       3
       0
       3
       1
       0
       2
       2
       2
       0
       0
       2
       0
       1
       0
       1
       0
       0
       1
       1
       1
       0
       0
       2
       0
       0
       0
       3
       1
       0
       0
       0
       0
       0
       1
       2
       1
       3
       0
       1
       0
       2
       0
       0
       0
       2
       2
       1
       1
       1
       0
       0
       1
       2
       2
       1
       1
       4
       1
       0
       1
       1
       2
       1
       1
       2
       1
       0
       2
       3
       1
       3
       1
       1
       0
       0
       2
       0
       4
       0
       0
       1
       2
       1
       0
       1
       3
       2
       1
       0
       2
       1
       0
       0
       1
       2
       0
       1
       1
       1
       2
       0
       0
       2
       1
       1
       2
       2
       1
       0
       2
       0
       1
       1
       2
       2
       3
       2
       0
       1
       0
       5
       2
       3
       1
       1
       0
       0
       2
       0
       1
       2
       1
       2
       1
       2
       2
       2
       3
       0
       2
       2
       0
       1
       1
       0
       2
       0
       0
       1
       1
       1
       0
       0
       1
       0
       0
       2
       2
       0
       1
       1
       0
       1
       1
       2
       0
       2
       1
       3
       1
       1
       0
       0
       1
       0
       3
       1
       5
       1
       1
       1
       0
       0
       1
       1
       1
       1
       1
       1
       1
       2
       5
       2
       0
       1
       2
       0
       1
       2
       2
       0
       1
       0
       2
       1
       1
       1
       1
       2
       0
       3
       2
       0
       2
       1
       0
       3
       0
       1
       2
       0
       0
       0
       1
       1
       2
       0
       2
       2
       3
       2
       0
       1
       0
       2
       2
       0
       2
       1
       1
       2
       2
       0
       2
       3
       0
       0
       0
       1
       1
       1
       0
       3
       0
       0
       2
       2
       0
       0
       2
       0
       1
       3
       2
       1
       1
       2
       2
       1
       1
       1
       1
       2
       2
       0
       1
       0
       2
       2
       2
       1
       2
       2
       0
       2
       0
       3
       4
       1
       1
       1
       1
       1
       0
       0
       1
       1
       1
       2
       0
       1
       0
       2
       0
       1
       2
       0
       1
       1
       0
       2
       1
       2
       2
       1
       0
       3
       0
       1
       0
       2
       1
       0
       2
       2
       1
       0
       0
       2
       3
       2
       1
       1
       1
       1
       0
       0
       0
       3
       2
       1
       1
       0
       2
       0
       1
       1
       2
       0
       2
       2
       4
       0
       0
       0
       0
       1
       0
       2
       1
       1
       0
       2
       0
       1
       1
       1
       0
       0
       2
       1
       1
       3
       1
       3
       2
       0
       1
       3
       4
       2
       0
       1
       0
       1
       2
       3
       1
       0
       1
       1
       0
       1
       2
       1
       1
       0
       0
       3
       1
       0
       0
       2
       1
       2
       1
       0
       1
       1
       2
       1
       1
       0
       0
       3
       4
       0
       0
       0
       2
       3
       2
       0
       1
       2
       2
       1
       0
       1
       1
       0
       2
       2
       2
       1
       0
       4
       1
       1
       0
       0
       0
       2
       0
       1
       0
       2
       2
       0
       0
       1
       1
       1
       1
       1
       1
       2
       0
       2
       2
       1
       3
       0
       2
       3
       0
       1
       1
       1
       0
       0
       0
       1
       0
       1
       4
       3
       0
       2
       0
       1
       1
       3
       0
       2
       1
       3
       1
       1
       1
       5
       0
       0
       2
       1
       1
       0
       1
       1
       0
       1
       2
       0
       2
       1
       0
       1
       2
       2
       1
       2
       1
       0
       0
       1
       1
       2
       1
       1
       1
       1
       2
       2
       2
       1
       4
       1
       1
       3
       0
       2
       1
       0
       1
       1
       1
       2
       1
       3
       1
       0
       0
       0
       0
       4
       1
       2
       2
       4
       3
       1
       3
       0
       4
       0
       1
       1
       1
       1
       1
       2
       3
       1
       3
       2
       1
       1
       4
       3
       4
       0
       0
       1
       1
       0
       1
       0
       2
       2
       1
       0
       0
       0
       1
       2
       1
       3
       1
       0
       0
       2
       0
       0
       0
       2
       0
       2
       1
       2
       2
       0
       0
       3
       1
       0
       0
       0
       0
       0
       1
       1
       1
       1
       1
       1
       2
       1
       0
       1
       2
       0
       1
       0
       1
       2
       2
       0
       0
       0
       0
       2
       0
       0
       2
       1
       2
       1
       0
       1
       0
       0
       0
       4
       2
       0
       4
       2
       2
       0
       0
       0
       4
       0
       0
       0
       0
       2
       1
       0
       1
       2
       0
       1
       1
       0
       1
       2
       0
       1
       1
       1
       1
       2
       0
       1
       3
       0
       0
       1
       1
       0
       0
       0
       3
       3
       0
       2
       2
       1
       0
       2
       0
       5
       0
       0
       2
       0
       0
       0
       2
       2
       1
       2
       0
       1
       1
       3
       3
       2
       2
       0
       0
       2
       2
       2
       0
       2
       1
       1
       0
       1
       1
       2
       0
       0
       0
       3
       2
       2
       2
       2
       1
       1
       1
       0
       3
       1
       2
       2
       0
       0
       1
       0
       1
       2
       0
       0
       0
       3
       0
       0
       0
       0
       0
       0
       0
       0
       3
       1
       0
       0
       0
       2
       1
       0
       0
       1
       2
       3
       0
       2
       3
       0
       1
       0
       4
       0
       1
       2
       1
       0
       0
       6
       4
       5
       0
       0
       1
       1
       1
       0
       2
       3
       2
       0
       0
       1
       0
       0
       2
       1
       3
       0
       0
       0
       4
       1
       1
       1
       0
       0
       1
       2
       2
       1
       0
       0
       1
       2
       0
       2
       1
       1
       0
       1
       1
       0
       1
       0
       1
       1
       0
       4
       1
       2
       0
       0
       3
       3
       0
       1
       1
       1
       1
       1
       2
       5
       1
       1
       1
       1
       0
       0
       2
       1
       4
       0
       1
       2
       1
       2
       1
       0
       2
       1
       2
       0
       1
       0
       1
       0
       1
       3
       1
       2
       1
       0
       4
       0
       1
       1
       1
       0
       3
       1
       1
       1
       1
       0
       2
       1
       2
       2
       1
       2
       2
       1
       1
       1
       1
       0
       3
       3
       1
       0
       0
       2
       1
       0
       3
       2
       2
       2
       0
       2
       0
       2
       0
       1
       0
       0
       0
       2
       1
       0
       1
       1
       0
       0
       0
       2
       1
       0
       1
       2
       1
       0
       1
       0
       1
       1
       1
       1
       2
       2
       2
       1
       1
       1
       1
       1
       3
       3
       2
       0
       3
       1
       0
       5
       2
       0
       0
       1
       0
       0
       1
       2
       1
       2
       3
       0
       1
       1
       2
       0
       1
       2
       1
       0
       3
       1
       0
       1
       0
       1
       2
       0
       1
       0
       1
       0
       0
       0
       1
       1
       1
       0
       1
       1
       1
       2
       1
       0
       3
       3
       3
       3
       1
       1
       1
       1
       3
       3
       0
       2
       2
       3
       1
       2
       3
       1
       0
       0
       1
       2
       0
       0
       1
       1
       1
       3
       1
       1
       2
       2
       2
       2
       1
       1
       2
       1
       3
       0
       2
       1
       0
       0
       0
       0
       0
       0
       2
       1
       3
       0
       1
       0
       1
       0
       1
       0
       0
       0
       1
       1
       4
       1
       1
       1
       0
       2
       1
       3
       0
       0
       1
       2
       0
       0
       2
       0
       0
       2
       2
       3
       0
       0
       2
       1
       3
       0
       1
       2
       0
       0
       1
       1
       0
       1
       0
       2
       2
       0
       1
       2
       0
       0
       0
       0
       1
       0
       2
       2
       0
       1
       0
       0
       0
       1
       0
       2
       1
       0
       2
       1
       1
       0
       2
       1
       0
       0
       1
       1
       1
       1
       0
       2
       4
       2
       2
       0
       2
       0
       0
       0
       0
       1
       0
       1
       1
       2
       0
       3
       0
       1
       1
       1
       1
       2
       0
       1
       1
       0
       0
       0
       0
       3
       1
       1
       1
       1
       0
       1
       0
       1
       1
       1
       0
       1
       1
       2
       1
       2
       0
       3
       0
       3
       0
       0
       0
       1
       1
       0
       2
       0
       0
       0
       1
       0
       1
       1
       0
       2
       0
       0
       0
       1
       1
       0
       0
       1
       2
       1
       2
       1
       0
       0
       1
       0
       1
       0
       0
       2
       2
       1
       1
       0
       3
       1
       1
       2
       0
       0
       3
       0
       2
       3
       3
       3
       1
       1
       1
       0
       1
       0
       1
       1
       0
       0
       1
       0
       2
       0
       1
       3
       2
       2
       1
       0
       0
       1
       0
       1
       1
       1
       1
       0
       1
       0
       3
       0
       1
       0
       0
       1
       3
       0
       0
       2
       1
       1
       2
       0
       1
       1
       2
       0
       2
       1
       2
       1
       1
       0
       0
       1
       1
       0
       2
       1
       0
       3
       0
       0
       5
       1
       0
       2
       1
       1
       0
       2
       0
       1
       1
       2
       2
       0
       1
       0
       0
       0
       1
       0
       0
       1
       3
       0
       1
       0
       1
       2
       3
       0
       2
       1
       0
       2
       1
       0
       1
       2
       0
       2
       1
       0
       0
       1
       2
       0
       0
       0
       1
       0
       1
       0
       1
       0
       0
       1
       2
       2
       2
       0
       1
       0
       0
       1
       0
       0
       1
       0
       0
       1
       1
       0
       2
       1
       0
       0
       0
       0
       0
       3
       2
       0
       2
       0
       1
       0
       0
       0
       0
       0
       1
       3
       0
       1
       0
       2
       1
       0
       0
       2
       2
       1
       1
       2
       1
       2
       0
       0
       1
       2
       1
       1
       2
       0
       1
       1
       1
       2
       0
       0
       3
       2
       0
       0
       1
       0
       0
       0
       1
       0
       0
       1
       2
       3
       2
       1
       2
       1
       2
       0
       0
       0
       2
       3
       0
       1
       2
       0
       0
       1
       0
       1
       0
       0
       0
       1
       0
       0
       2
       0
       2
       0
       0
       3
       1
       4
       0
       2
       1
       1
       2
       2
       1
       3
       0
       1
       1
       0
       0
       1
       0
       0
       2
       0
       1
       0
       1
       1
       0
       1
       2
       0
       1
       0
       1
       0
       2
       4
       0
       0
       0
       0
       0
       2
       3
       1
       1
       4
       0
       2
       1
       0
       0
       2
       1
       0
       2
       2
       0
       0
       1
       1
       0
       0
       2
       1
       0
       1
       1
       0
       2
       0
       1
       0
       1
       0
       1
       0
       1
       2
       0
       2
       0
       0
       2
       1
       0
       1
       2
       0
       1
       0
       1
       0
       1
       2
       2
       1
       0
       0
       0
       0
       0
       0
       4
       2
       1
       1
       2
       2
       3
       0
       0
       1
       0
       2
       2
       2
       1
       0
       0
       1
       1
       1
       0
       1
       0
       1
       2
       0
       0
       1
       0
       0
       2
       0
       1
       1
       1
       0
       0
       1
       0
       0
       0
       2
       0
       2
       0
       1
       1
       1
       0
       1
       0
       0
       0
       0
       0
       1
       0
       1
       1
       2
       1
       0
       4
       1
       1
       1
       0
       0
       0
       0
       0
       1
       0
       0
       1
       1
       3
       1
       0
       0
       0
       0
       0
       1
       1
       0
       0
       2
       0
       1
       1
       0
       1
       0
       0
       2
       0
       0
       1
       1
       1
       0
       0
       1
       0
       0
       0
       1
       0
       2
       0
       0
       2
       0
       1
       2
       0
       0
       1
       1
       1
       1
       0
       0
       2
       1
       0
       1
       1
       0
       0
       0
       0
       1
       2
       1
       1
       1
       1
       0
       0
       1
       0
       0
       1
       0
       0
       1
       2
       1
       0
       0
       0
       0
       1
       0
       0
       2
       2
       1
       1
       0
       0
       0
       0
       0
       1
       2
       0
       0
       0
       1
       2
       1
       0
       0
       0
       0
       2
       1
       0
       0
       2
       1
       0
       1
       1
       1
       0
       0
       0
       1
       0
       1
       0
       0
       1
       0
       0
       2
       2
       0
       0
       1
       0
       0
       1
       0
       1
       1
       0
       1
       1
       0
       2
       0
       2
       0
       2
       1
       0
       1
       0
       0
       1
       1
       0
       0
       2
       0
       1
       0
       0
       0
       1
       0
       1
       0
       0
       0
       2
       0
       1
       0
       0
       0
       1
       0
       0
       0
       0
       0
       0
       1
       1
       0
       0
       1
       0
       1
       1
       0
       1
       0
       0
       0
       0
       0
       2
       0
       1
       1
       1
       0
       3
       2
       1
       0
       0
       0
       1
       0
       1
       0
       0
       0
       0
       0
       1
       0
       0
       0
       0
       0
       0
       0
       1
       0
       0
       2
       0
       0
       1
       0
       2
       0
       0
       0
       0
       0
       1
       0
       1
       0
       0
       1
       0
       0
       0
       1
       0
       0
       0
       0
       0
       0
       0
       0
       0
       1
       0
       0
       1
       0
       0
       1
       0
       0
       1
       0
       0
       0
       0
       0
       1
       1
       1
       1
       0
       0
       0
       1
       0
       0
       0
       0
       0
       1
       0
       0
       2
       0
       0
       1
       1
       0
       1
       0
       0
       0
       0
       0
       0
       0
       1
       0
       0
       0
       0
       0
       1
       0
       0
       0
       0
       0
       0
       0
       1
       0
       0
       1
       1
       0
       0
       1
       0
       0
       1
       0
       0
       0
       0
       0
       1
       0
       0
       0
       0
       0
       0
       0
       0
       0
       0
       0
       0
       0
       0
       0
       0
       0
       0
       0
       0
       0
       0
       0
       0
       0
       0
       0
       0
       0
       0
       0
       0
       0
       0
       0
       0
       0
       0
       0
       0
       0
       0
       0
       0
       0
       0
       0
       0
       0
       0
       0
       0
       0
       0
       0
       0
       0
       0
       0
       0
       0
       0
       0
       0
       0
       0
       0
       0
       0
       0
       0
       0
       0
       0
       0
       0
       0
       0
       0
       0
       0
       0
       0
       0
       0
       0
       0
       0
       0
       0
       0
       0
       0
       0
       0
       0
       0
       0
       0
       0
       0
       0
       0
       0
       0
       0
       0
       0
       0
       0
       0
       0
       0
       0
       0
       0
       0
       0
       0
       0
       0
       0
       0
       0
       0
       0
       0
       0
       0
$ROI:
3
6725 6813
6948 7045
7244 7256
$PRESETS:
None
0
0
$ENER_FIT:
-0.000074 0.728814
$MCA_CAL:
3
-7.366740E-005 7.288145E-001 -2.624510E-006 keV
$SHAPE_CAL:
3
0.000000E+000 0.000000E+000 0.000000E+000
