$SPEC_ID:
No sample description was entered.
$SPEC_REM:
DET# 1
DETDESC# PPF18-07 Easy-MCA-8k SN 14274550
AP# Maestro Version 7.01
$DATE_MEA:
11/22/2022 12:07:16
$MEAS_TIM:
3738 6453
$DATA:
0 8191
       0
       0
       0
       0
       0
       0
       0
       0
       0
       0
       0
       0
       0
       0
       0
       0
       0
       0
       0
       0
       0
       0
       0
       0
       2
    2761
  189936
 3456206
  205230
   21966
   28426
   39212
   52565
   65203
   71003
   66706
   52897
   39568
   29107
   22696
   18360
   15085
   12068
    9622
    7558
    5746
    4409
    3396
    2604
    1945
    1579
    1268
    1049
     977
     870
     809
     794
     743
     750
     763
     718
     710
     666
     605
     611
     538
     512
     444
     418
     322
     306
     249
     198
     194
     171
     133
     115
      90
      83
      98
      88
      64
      74
      59
      55
      62
      53
      61
      64
      57
      40
      51
      46
      49
      44
      41
      35
      38
      46
      22
      27
      25
      20
      21
      17
      18
      20
      21
      21
      14
      22
      16
      20
      23
      20
       7
       9
       8
      13
      17
      13
      15
       8
      10
      10
      11
      13
      14
       9
      14
      14
       9
      14
      12
      12
      13
      16
      18
       6
       9
      11
       9
       8
       8
      13
      15
       8
      11
       5
      15
      13
      18
       5
       8
      14
      10
      12
      16
       8
       4
      20
       8
      14
      11
      16
       4
      12
      12
      10
       9
      12
       8
       8
       7
       4
      11
      14
       7
       7
      10
      16
       9
      12
      11
       7
      11
      13
      12
      11
       9
      10
      11
      12
      11
      10
       9
      15
      11
       7
      10
      13
       8
       8
      14
      11
      11
       7
      15
       4
       7
      11
       5
      10
      10
       8
       6
      11
      13
       9
      15
      11
       7
      12
      13
       5
      15
       4
       8
       8
       6
      11
      10
       9
       7
       6
      12
       7
      11
      10
      11
      12
      10
       9
       8
       5
       8
      15
      15
      11
       4
       4
      12
      15
      15
      11
       9
      12
       7
       8
       4
       7
       8
       5
      11
       9
      10
      11
       5
      10
       6
      13
       7
      12
       8
       7
      14
       8
       6
       4
       8
       8
      10
      11
      10
       4
       6
       5
       6
      10
      10
      10
       4
       5
      13
      10
      14
       9
       6
       8
       6
      11
       7
      13
      10
       8
       4
      10
      10
       8
      11
       7
       5
       5
       9
       6
      11
       7
       7
       8
       6
       6
      10
      13
       9
       7
       5
       6
       9
       9
      14
      11
       6
       4
      10
      12
      10
      15
       6
       0
       9
       7
      20
       7
      13
       9
      10
       4
      13
      10
       4
      14
       3
       7
       5
       6
      10
       3
      14
       9
       6
       6
       7
       5
      12
       7
      12
       5
       7
      11
       7
       6
       6
      12
       8
       3
       9
       6
       7
       8
       6
       8
       9
       5
       8
       8
       7
       6
       7
       9
       4
       7
      10
       5
       4
       9
       6
       8
      17
      11
       5
      10
       7
       8
       5
       9
       4
       8
      12
      10
      10
       6
       6
       9
       5
       7
       9
       7
       9
      10
       3
       9
       8
       8
       4
      10
      10
       6
       9
       4
      14
       6
       9
       4
       7
       7
       9
       9
       4
       5
       6
       3
       9
       8
       9
       4
      11
       9
      12
       9
       8
       6
       4
      11
       4
      12
       7
       7
       6
       8
      10
       7
       7
      10
       6
       5
       6
       9
       8
       5
       9
      12
      11
      11
       7
       6
      10
       8
       9
       6
       8
       7
      15
      14
      13
      13
       9
      10
       6
      11
       6
       2
       7
       3
       8
      10
       9
      10
      10
       9
       3
      13
       8
       7
       8
       7
       2
      11
       8
       7
       9
       4
       7
       8
       5
       8
       8
       9
      10
      11
       7
       8
       6
       4
       4
       6
       9
      11
       7
       7
       5
       7
       8
       3
       6
       9
      12
       2
      12
       7
       1
       5
       3
      11
       9
       7
      14
      10
       7
       3
       8
       9
       5
       5
       6
       6
       6
      10
       6
       8
       7
      10
       4
       9
       7
       4
       9
      10
       3
       9
       8
       9
       6
       7
       8
       7
      10
       5
       5
       6
       9
       4
       8
      10
       6
       9
      15
       7
      11
       7
       7
       5
       7
       7
       6
      13
       6
       6
      11
      11
       6
       3
       3
       6
       3
       4
       8
       9
      11
       7
       6
      10
       7
       9
      13
       7
      11
       3
       4
       9
       8
       5
      11
       5
       6
       5
      11
      10
      12
       6
      11
       9
      11
       9
       6
      11
      14
       8
      10
       9
       9
       4
       5
       9
      12
       6
       7
       9
       3
      13
       3
      11
      11
       8
       9
       3
      14
       9
       8
       5
       8
       5
       9
       5
       8
      13
      11
      10
       8
       7
       8
      10
       9
       4
       7
      13
       8
      10
      13
       5
       9
       3
       6
       6
       4
       7
      10
       8
       7
      10
      10
      12
       6
       5
      13
       8
       6
       7
       7
       6
      13
       5
       9
       7
       6
      12
       3
       8
      17
      12
       9
       5
       8
      14
      10
       4
       9
       9
       8
       4
       9
       3
      11
      10
      12
      10
       4
       6
       6
      10
       7
      10
      12
       7
       6
       5
       8
      13
       6
      12
       9
       7
       5
       8
       8
       9
       5
       9
       8
      11
      10
       3
      12
       4
       5
      10
      10
       7
       8
       8
       9
       8
       8
      14
      10
       4
       4
      10
       8
       7
       8
      10
       7
       8
      13
       6
       6
      10
       3
       7
       7
       9
       7
       9
       7
       4
       8
      11
       8
       7
       8
       5
       4
       6
       6
       7
       9
      11
       8
       6
      12
       7
      10
       7
       7
       8
       4
       5
       5
      14
       6
       9
       6
      10
      10
       8
      13
      11
      10
       4
       8
       6
       6
       8
       7
      11
       8
      12
       9
       9
       5
       4
       6
       7
       9
       7
       7
      11
      15
       9
       6
      10
       9
       4
      12
       7
      12
      10
      12
       8
       8
       6
       6
       9
       5
      11
       5
      12
       9
       6
       5
       9
       8
      10
       9
       9
       9
      12
       4
       7
       9
      10
      11
       9
       9
      10
       9
       9
      10
      12
       8
      10
      12
       4
       8
      12
       6
      16
      12
      14
       9
      13
       6
       7
      11
       7
       8
      11
      13
       5
      13
      12
       9
      12
      13
       6
       4
      10
       9
       9
      10
       9
       9
      10
      13
       7
      11
       4
       4
       3
       8
       7
      11
       7
      10
       4
       8
       4
       7
       8
      14
      10
       5
      14
       7
       6
      13
       5
       5
       7
       7
      12
       9
       5
      10
       9
       5
      11
       9
       8
      10
      12
      10
      14
       9
       9
      20
       6
       6
      10
       9
      15
      10
       9
      10
      17
      14
      11
       7
       8
       9
      10
       6
      11
       9
      10
       6
      13
      10
      12
      14
       9
      10
      16
      11
       8
      10
      11
      14
      10
       6
       6
       8
      10
      12
      13
      12
      13
       7
      17
      10
       7
       5
       7
       7
       9
      12
      19
       8
      11
       7
      15
      12
      10
       9
       9
      12
      10
       7
      10
       8
      10
      12
       8
      11
       9
      12
       9
      16
      13
       7
      11
      15
      12
       7
      10
      10
       6
      10
       7
      10
       8
       7
       9
      13
      10
      12
       7
      17
      11
       8
       8
       5
      11
      10
      10
      12
       8
      13
       9
      18
      13
      11
       8
      11
      12
      11
      17
      12
       8
       5
      19
      15
      11
       9
      12
      10
      13
      10
      10
      19
       7
       8
      12
      11
      11
       8
      13
      11
       8
      10
      12
      12
      15
      14
       9
      11
      14
      13
      14
      12
       8
      13
      11
      15
      11
      12
       7
      17
      15
       9
      10
      11
       7
      10
       6
      14
      10
       4
      15
       9
      13
      12
      16
      15
       8
      16
       6
      16
      16
      13
      10
      11
      18
       8
       8
      13
      11
      11
      13
      13
      13
      12
      11
      14
      11
      14
      13
       6
       8
      13
      10
      13
      12
      10
      11
       8
       9
      16
      11
      18
      10
      11
      12
       5
       8
       8
      10
      10
      11
      13
      15
      11
      12
      13
      12
      10
      12
      11
      12
      12
      19
      15
      13
      18
      12
      13
      13
      14
      12
      15
      10
      11
      17
      15
      14
      16
      20
      15
      16
      13
      12
      12
      10
      18
       6
      15
      15
      10
       7
      16
      12
      11
      13
      18
      12
      16
      18
      14
      18
      11
       8
       8
      10
      13
      16
      13
      11
      14
      11
      14
      18
      10
      21
       9
      10
       8
      12
      19
      17
      16
      22
      14
      18
      14
      16
      11
      13
      15
      14
      10
      12
      16
       8
      19
      12
      20
       9
      10
      15
      11
      18
      20
      16
      14
      14
      14
      20
      14
      13
      19
      11
      18
      12
      15
      18
      19
      12
      18
      15
      15
      19
      15
      20
      17
      13
      14
      24
      12
      12
      12
      10
      24
      12
      15
      17
      13
      13
      10
      21
      17
      22
      21
      12
      19
      17
      15
      19
      20
      11
      13
      20
      18
      12
      14
      12
      17
      14
       9
      25
      16
      19
      18
      20
      14
      18
      15
      20
      12
      19
      13
      17
      18
      13
      13
      17
      18
      13
      20
      16
      18
      18
      18
      19
      15
      10
      17
      16
      18
      15
      25
      13
      14
      21
      14
      19
      22
      13
      18
      13
      16
      20
      19
      11
      17
      15
      21
      18
      23
       9
      15
      28
      11
      16
      21
      21
      14
      25
      15
      13
      15
      19
      13
      28
      16
      23
      17
      16
      19
      17
      24
      12
      19
      12
      12
      25
      25
      19
      19
      18
      15
      14
      27
      21
      17
      20
      21
      20
      19
      22
      36
      21
      18
      20
      19
      18
      16
      10
      18
      16
      20
      19
      28
      21
      24
      23
      26
      27
      17
      15
      25
      17
      19
      12
      20
      19
      14
      17
      18
      13
      25
      20
      20
      16
      16
      10
      24
      17
      26
      19
      23
      27
      19
      17
      20
      19
      17
      20
      22
      24
      24
      23
      17
      21
      20
      22
      23
      22
      17
      20
      23
      25
      26
      18
      20
      26
      23
      21
      17
      19
      23
      20
      14
      24
      21
      22
      24
      16
      18
      20
      19
      22
      20
      21
      19
      17
      19
      21
      18
      29
      27
      21
      30
      21
      25
      27
      22
      17
      26
      25
      14
      25
      24
      21
      23
      17
      33
      21
      16
      24
      20
      32
      23
      26
      25
      23
      22
      24
      18
      22
      29
      19
      28
      18
      25
      18
      26
      15
      18
      29
      28
      21
      20
      27
      22
      22
      28
      24
      32
      29
      26
      31
      33
      27
      29
      33
      27
      25
      29
      31
      30
      17
      22
      18
      26
      18
      40
      35
      25
      19
      40
      24
      28
      32
      21
      21
      33
      28
      35
      16
      28
      18
      30
      31
      24
      25
      24
      27
      24
      33
      35
      18
      24
      27
      23
      28
      27
      36
      23
      30
      28
      42
      36
      25
      29
      16
      27
      33
      32
      29
      30
      37
      25
      30
      24
      29
      33
      30
      23
      25
      27
      32
      35
      27
      33
      31
      42
      34
      29
      33
      28
      30
      23
      27
      35
      30
      28
      26
      25
      33
      33
      33
      35
      28
      33
      42
      35
      24
      41
      36
      28
      39
      25
      32
      29
      36
      41
      34
      27
      43
      25
      37
      38
      34
      37
      39
      34
      35
      36
      25
      34
      27
      26
      24
      37
      43
      33
      34
      36
      31
      33
      28
      35
      37
      33
      36
      33
      32
      31
      40
      38
      29
      43
      31
      40
      42
      35
      36
      29
      31
      48
      33
      39
      28
      32
      35
      25
      29
      34
      39
      44
      34
      33
      35
      37
      32
      32
      30
      38
      44
      39
      46
      35
      36
      32
      41
      42
      44
      38
      43
      38
      37
      41
      39
      30
      42
      44
      38
      35
      36
      40
      41
      37
      42
      31
      31
      47
      35
      50
      37
      34
      40
      34
      39
      39
      40
      36
      51
      32
      44
      43
      26
      59
      42
      49
      46
      41
      43
      40
      33
      52
      34
      33
      50
      36
      45
      38
      36
      48
      45
      44
      36
      50
      52
      54
      33
      42
      35
      56
      33
      58
      41
      42
      42
      52
      40
      40
      39
      48
      51
      45
      42
      47
      48
      45
      51
      48
      44
      45
      39
      51
      49
      37
      49
      52
      38
      48
      47
      44
      47
      52
      50
      39
      63
      47
      35
      42
      45
      46
      37
      47
      43
      44
      50
      43
      51
      45
      49
      57
      57
      41
      54
      58
      54
      46
      36
      54
      50
      47
      63
      62
      57
      38
      54
      58
      52
      50
      43
      52
      54
      59
      46
      48
      58
      50
      56
      45
      60
      58
      42
      60
      55
      63
      44
      44
      53
      60
      48
      55
      51
      67
      62
      64
      55
      71
      53
      56
      48
      53
      62
      53
      56
      43
      52
      58
      76
      65
      54
      48
      65
      55
      67
      58
      65
      74
      42
      49
      59
      54
      66
      55
      61
      53
      72
      51
      58
      71
      62
      59
      70
      56
      71
      59
      75
      68
      52
      67
      64
      64
      58
      70
      85
      55
      60
      59
      49
      58
      54
      56
      73
      64
      69
      64
      58
      57
      59
      78
      63
      81
      77
      68
      69
      76
      71
      62
      58
      57
      69
      71
      69
      57
      68
      70
      73
      74
      76
      60
      80
      64
      55
      71
      81
      73
      71
      71
      79
      74
      73
      87
      68
      76
      74
      64
      71
      75
      66
      86
      82
      69
      86
      71
      65
      88
      71
      82
      72
      79
      72
      78
      83
      74
      60
      69
      70
      79
      87
      77
      77
      79
      75
      78
      78
      84
      81
      78
      78
      67
      84
      74
      86
      67
      84
      74
      84
      73
      83
      96
      87
      89
      77
      90
      96
      71
      91
      80
      71
      70
      89
      95
      77
      83
      76
      87
      80
     103
      93
      89
      94
      89
      89
      87
      85
      83
      95
      87
      85
      77
      77
      78
      92
      98
      79
     109
      83
      83
      84
      77
     104
      87
      93
      93
      83
     113
     107
      89
      93
      91
      77
      95
      96
      99
      89
      97
      76
      79
      98
     110
      94
      92
      84
      84
      83
      99
     104
     106
     108
      87
     107
      96
     105
     113
     104
     101
     110
     102
      81
     111
     114
     101
      93
     112
     110
     103
     107
     101
      93
     119
      96
     117
     117
     102
     108
     113
     109
     104
     117
      94
     107
     107
      97
     117
     101
     107
     109
     107
     113
     114
     112
      97
     102
     122
     109
     126
     104
     111
     122
     106
     110
     118
     120
     123
     128
     116
     118
     113
     142
     115
     123
     124
     140
     134
     127
     129
     109
     126
     119
     128
     100
     118
     134
     115
     119
     132
     142
     127
     118
     128
     132
     120
     129
     127
     141
     121
      88
     131
     124
     123
     136
     144
     132
     128
     117
     135
     126
     125
     128
     124
     144
     144
     134
     146
     127
     144
     135
     117
     126
     150
     119
     116
     136
     117
     119
     135
     119
     125
     143
     119
     141
     130
     131
     134
     141
     125
     139
     144
     140
     143
     161
     147
     132
     143
     164
     146
     147
     158
     132
     149
     130
     148
     154
     145
     142
     149
     152
     148
     166
     166
     155
     154
     154
     143
     156
     145
     169
     128
     144
     152
     160
     164
     167
     185
     159
     156
     156
     149
     170
     156
     171
     155
     151
     146
     158
     168
     144
     166
     166
     182
     176
     175
     176
     180
     165
     174
     184
     153
     159
     163
     170
     179
     197
     159
     149
     172
     204
     174
     168
     185
     184
     187
     170
     150
     152
     187
     193
     183
     173
     163
     160
     177
     191
     181
     173
     207
     176
     190
     190
     195
     172
     157
     200
     216
     189
     181
     168
     180
     193
     165
     188
     175
     185
     186
     202
     180
     168
     204
     184
     213
     187
     193
     200
     191
     193
     202
     193
     181
     216
     200
     224
     179
     203
     208
     196
     173
     208
     220
     190
     197
     227
     215
     184
     224
     213
     218
     208
     232
     204
     218
     223
     220
     229
     222
     212
     206
     237
     242
     216
     202
     239
     214
     216
     226
     217
     212
     212
     201
     235
     204
     244
     229
     223
     220
     247
     240
     258
     258
     234
     236
     243
     233
     245
     218
     224
     230
     230
     244
     215
     244
     227
     250
     251
     215
     240
     226
     249
     227
     255
     240
     251
     247
     256
     242
     244
     222
     272
     242
     250
     264
     260
     258
     263
     255
     274
     245
     237
     259
     244
     266
     270
     257
     270
     227
     235
     267
     257
     226
     253
     274
     280
     260
     285
     254
     268
     293
     257
     276
     288
     273
     286
     248
     248
     278
     287
     252
     262
     262
     261
     280
     276
     292
     291
     273
     296
     268
     286
     275
     308
     269
     313
     272
     299
     297
     316
     287
     301
     296
     317
     321
     314
     267
     312
     306
     289
     281
     271
     298
     290
     347
     303
     296
     334
     284
     278
     317
     290
     329
     311
     312
     307
     326
     325
     331
     331
     320
     348
     310
     316
     316
     317
     333
     312
     312
     365
     281
     328
     307
     341
     344
     311
     355
     320
     340
     360
     316
     351
     320
     350
     328
     338
     351
     357
     355
     307
     328
     342
     315
     327
     350
     349
     350
     311
     349
     355
     386
     344
     354
     360
     352
     365
     323
     371
     351
     383
     378
     375
     360
     358
     403
     382
     390
     356
     369
     362
     378
     346
     360
     352
     413
     393
     346
     371
     359
     368
     382
     356
     434
     381
     390
     390
     379
     403
     413
     393
     362
     384
     426
     394
     412
     423
     417
     397
     397
     402
     380
     399
     414
     387
     429
     418
     411
     421
     460
     404
     419
     431
     405
     458
     420
     413
     424
     415
     416
     450
     448
     413
     420
     436
     420
     427
     451
     468
     452
     419
     429
     437
     456
     471
     455
     466
     427
     426
     437
     448
     422
     471
     441
     447
     442
     458
     443
     464
     435
     436
     479
     467
     430
     522
     419
     479
     449
     497
     453
     431
     478
     486
     513
     478
     485
     444
     527
     473
     447
     500
     478
     485
     500
     523
     490
     500
     475
     501
     525
     459
     513
     487
     494
     467
     464
     506
     467
     508
     514
     515
     508
     477
     556
     463
     528
     499
     552
     461
     475
     551
     505
     541
     508
     537
     500
     514
     554
     530
     542
     520
     524
     534
     548
     544
     506
     568
     582
     492
     538
     525
     552
     541
     548
     576
     576
     556
     545
     518
     514
     550
     560
     585
     606
     568
     604
     525
     604
     571
     590
     572
     518
     557
     607
     588
     568
     602
     577
     578
     560
     586
     563
     615
     589
     637
     558
     626
     603
     582
     579
     579
     616
     614
     619
     662
     559
     602
     614
     602
     601
     618
     647
     657
     591
     610
     602
     635
     617
     637
     629
     633
     599
     604
     620
     674
     654
     634
     620
     634
     634
     633
     633
     651
     623
     655
     605
     634
     642
     641
     673
     656
     625
     694
     657
     712
     706
     648
     664
     649
     691
     726
     664
     721
     679
     675
     637
     670
     697
     699
     672
     737
     645
     725
     718
     664
     717
     704
     700
     709
     701
     705
     695
     732
     691
     717
     722
     716
     729
     733
     715
     768
     731
     722
     794
     688
     710
     685
     712
     718
     736
     780
     735
     748
     756
     747
     735
     779
     774
     695
     723
     729
     739
     734
     746
     748
     789
     821
     754
     771
     780
     755
     777
     745
     800
     766
     821
     781
     746
     820
     782
     784
     825
     806
     804
     707
     814
     794
     755
     836
     832
     827
     842
     782
     755
     795
     828
     844
     817
     771
     807
     856
     843
     889
     769
     865
     898
     804
     836
     865
     859
     856
     833
     835
     848
     847
     841
     849
     846
     816
     881
     911
     865
     886
     873
     876
     877
     860
     835
     917
     878
     893
     907
     885
     915
     838
     957
     898
     878
     929
     895
     931
     889
     918
     906
     915
     924
     891
     898
     937
     888
     967
     907
     972
     881
     897
     977
     880
     900
     902
     918
     918
     933
     956
     938
     939
     936
     928
     965
     947
     899
     984
     957
     962
     955
     921
     948
     909
    1002
     965
     914
     908
     961
     978
     953
     943
     976
     968
     944
    1017
    1005
     992
     991
    1006
    1008
     971
     973
    1014
     964
     994
    1006
    1046
     939
     976
    1068
    1056
    1023
    1061
    1011
    1013
    1030
    1002
    1075
    1033
    1025
    1032
     990
    1031
    1045
    1056
    1037
    1004
     986
    1075
    1024
    1101
     999
    1062
    1069
    1031
    1050
    1021
    1013
    1069
    1035
    1077
    1074
    1133
    1038
     994
    1115
     967
    1040
    1076
    1040
    1049
    1067
    1059
    1092
    1058
    1114
    1110
    1065
    1109
    1038
    1085
    1052
    1043
    1076
    1105
    1119
    1006
    1098
    1124
    1136
    1125
    1171
    1130
    1063
    1138
    1184
    1162
    1204
    1084
    1130
    1180
    1219
    1204
    1151
    1115
    1108
    1165
    1169
    1141
    1120
    1160
    1217
    1147
    1155
    1136
    1210
    1151
    1098
    1159
    1198
    1177
    1149
    1148
    1168
    1193
    1185
    1226
    1149
    1204
    1277
    1227
    1180
    1141
    1184
    1123
    1178
    1219
    1193
    1171
    1286
    1175
    1197
    1213
    1200
    1248
    1218
    1202
    1136
    1195
    1222
    1247
    1218
    1228
    1197
    1236
    1258
    1270
    1267
    1256
    1216
    1218
    1286
    1249
    1232
    1248
    1285
    1194
    1241
    1309
    1231
    1302
    1290
    1280
    1224
    1341
    1313
    1279
    1271
    1306
    1295
    1273
    1258
    1276
    1251
    1301
    1279
    1326
    1278
    1299
    1329
    1367
    1324
    1289
    1260
    1292
    1302
    1277
    1311
    1275
    1296
    1285
    1323
    1391
    1305
    1343
    1334
    1323
    1352
    1323
    1277
    1305
    1354
    1262
    1295
    1306
    1316
    1341
    1357
    1352
    1304
    1342
    1415
    1300
    1349
    1365
    1298
    1360
    1373
    1345
    1375
    1354
    1334
    1392
    1382
    1324
    1302
    1313
    1316
    1349
    1358
    1385
    1374
    1395
    1292
    1351
    1442
    1341
    1405
    1312
    1359
    1464
    1336
    1383
    1397
    1317
    1397
    1332
    1402
    1471
    1362
    1397
    1379
    1411
    1396
    1396
    1410
    1385
    1357
    1448
    1391
    1372
    1369
    1423
    1398
    1387
    1380
    1425
    1463
    1415
    1448
    1459
    1463
    1457
    1330
    1481
    1501
    1461
    1476
    1461
    1423
    1494
    1443
    1477
    1470
    1473
    1403
    1393
    1480
    1456
    1482
    1431
    1435
    1451
    1434
    1388
    1459
    1385
    1513
    1489
    1436
    1450
    1457
    1478
    1435
    1479
    1493
    1449
    1544
    1442
    1483
    1453
    1474
    1525
    1465
    1533
    1480
    1518
    1443
    1487
    1461
    1457
    1423
    1533
    1505
    1470
    1479
    1496
    1432
    1473
    1461
    1472
    1458
    1525
    1563
    1480
    1464
    1475
    1464
    1494
    1541
    1535
    1498
    1523
    1553
    1553
    1615
    1532
    1543
    1459
    1528
    1536
    1575
    1426
    1446
    1456
    1551
    1527
    1587
    1563
    1503
    1510
    1596
    1501
    1510
    1474
    1565
    1550
    1456
    1550
    1489
    1501
    1532
    1580
    1585
    1449
    1581
    1536
    1491
    1585
    1594
    1511
    1546
    1490
    1567
    1524
    1556
    1528
    1545
    1652
    1496
    1536
    1531
    1507
    1570
    1520
    1433
    1510
    1537
    1491
    1512
    1509
    1568
    1562
    1575
    1533
    1444
    1519
    1575
    1459
    1573
    1557
    1506
    1556
    1497
    1531
    1614
    1554
    1482
    1558
    1495
    1533
    1496
    1488
    1526
    1577
    1540
    1550
    1568
    1534
    1596
    1528
    1561
    1527
    1583
    1504
    1555
    1546
    1547
    1544
    1562
    1536
    1649
    1573
    1536
    1544
    1592
    1530
    1569
    1537
    1567
    1468
    1536
    1559
    1529
    1513
    1542
    1511
    1559
    1570
    1536
    1537
    1531
    1565
    1629
    1594
    1503
    1567
    1536
    1533
    1579
    1515
    1553
    1487
    1519
    1596
    1512
    1585
    1563
    1566
    1518
    1592
    1566
    1582
    1493
    1575
    1570
    1557
    1545
    1513
    1604
    1544
    1576
    1503
    1590
    1538
    1539
    1527
    1488
    1521
    1516
    1512
    1548
    1535
    1545
    1599
    1515
    1612
    1549
    1519
    1512
    1541
    1576
    1576
    1531
    1442
    1530
    1513
    1503
    1555
    1491
    1520
    1462
    1547
    1536
    1547
    1565
    1501
    1519
    1536
    1464
    1578
    1531
    1528
    1533
    1459
    1641
    1538
    1539
    1479
    1559
    1569
    1527
    1461
    1464
    1495
    1504
    1510
    1506
    1525
    1547
    1429
    1520
    1513
    1501
    1466
    1445
    1514
    1497
    1509
    1541
    1556
    1477
    1489
    1466
    1513
    1513
    1485
    1481
    1584
    1430
    1508
    1560
    1507
    1500
    1533
    1464
    1491
    1530
    1414
    1472
    1460
    1445
    1500
    1458
    1524
    1543
    1496
    1536
    1448
    1474
    1505
    1549
    1472
    1575
    1464
    1491
    1480
    1467
    1441
    1513
    1492
    1488
    1425
    1418
    1423
    1463
    1486
    1479
    1419
    1460
    1449
    1389
    1448
    1446
    1505
    1499
    1548
    1434
    1466
    1439
    1505
    1477
    1416
    1531
    1488
    1425
    1455
    1452
    1432
    1433
    1426
    1476
    1375
    1351
    1392
    1468
    1417
    1384
    1438
    1395
    1441
    1400
    1421
    1415
    1431
    1464
    1404
    1462
    1418
    1366
    1357
    1458
    1350
    1437
    1412
    1455
    1412
    1410
    1400
    1366
    1380
    1430
    1462
    1368
    1394
    1337
    1389
    1385
    1318
    1367
    1368
    1368
    1387
    1355
    1321
    1360
    1301
    1362
    1351
    1302
    1366
    1319
    1358
    1364
    1344
    1385
    1288
    1328
    1388
    1393
    1310
    1323
    1278
    1362
    1367
    1371
    1289
    1269
    1342
    1265
    1304
    1325
    1310
    1316
    1276
    1324
    1308
    1315
    1201
    1348
    1310
    1304
    1302
    1219
    1242
    1349
    1301
    1356
    1309
    1329
    1277
    1296
    1213
    1293
    1362
    1196
    1278
    1223
    1204
    1295
    1272
    1270
    1292
    1282
    1247
    1234
    1244
    1229
    1216
    1193
    1227
    1239
    1247
    1319
    1222
    1241
    1233
    1230
    1223
    1247
    1210
    1216
    1165
    1222
    1165
    1248
    1249
    1281
    1187
    1204
    1236
    1234
    1175
    1148
    1121
    1246
    1226
    1156
    1202
    1218
    1157
    1205
    1133
    1173
    1175
    1143
    1140
    1185
    1232
    1188
    1176
    1140
    1093
    1159
    1112
    1154
    1127
    1171
    1194
    1120
    1116
    1144
    1121
    1109
    1159
    1183
    1154
    1140
    1060
    1142
    1112
    1122
    1151
    1086
    1062
    1102
    1082
    1087
    1089
    1087
    1165
    1079
    1131
    1123
    1084
    1034
    1147
    1057
    1138
    1097
    1040
    1061
    1087
    1137
    1107
    1007
    1041
    1032
    1077
    1077
    1028
    1020
    1098
    1000
    1071
    1034
     997
    1011
    1033
    1006
    1017
     982
     966
    1033
    1043
    1073
    1029
    1037
    1015
     950
    1015
    1020
     960
     991
     972
     991
     989
     980
    1008
     997
     980
    1005
    1013
     931
     983
     962
     969
     985
     936
     954
     941
     963
     923
     994
     929
     903
     935
     966
     934
     913
     954
     884
     917
     884
     924
     907
     929
     888
     887
     862
     921
     888
     866
     889
     894
     854
     919
     846
     886
     887
     888
     843
     851
     809
     890
     817
     871
     866
     857
     845
     847
     850
     795
     868
     807
     842
     861
     876
     805
     864
     818
     823
     759
     780
     814
     817
     861
     768
     841
     758
     794
     819
     815
     750
     825
     805
     787
     808
     794
     771
     770
     790
     779
     742
     766
     757
     756
     782
     735
     769
     762
     763
     749
     746
     721
     731
     771
     703
     756
     738
     792
     708
     775
     734
     740
     744
     732
     705
     692
     697
     687
     681
     722
     685
     668
     683
     692
     668
     716
     702
     710
     715
     666
     663
     679
     626
     667
     668
     656
     704
     655
     658
     690
     669
     577
     667
     631
     606
     618
     648
     649
     608
     671
     604
     632
     665
     596
     566
     588
     624
     601
     614
     610
     643
     562
     620
     622
     603
     593
     564
     588
     590
     589
     578
     581
     556
     582
     587
     530
     523
     568
     617
     545
     551
     578
     561
     548
     574
     554
     499
     556
     558
     504
     566
     554
     543
     524
     522
     485
     546
     524
     529
     519
     510
     470
     542
     509
     506
     563
     486
     495
     482
     503
     528
     481
     526
     465
     480
     482
     473
     484
     483
     487
     502
     479
     477
     491
     445
     456
     452
     437
     516
     464
     460
     478
     460
     448
     478
     435
     460
     437
     423
     438
     421
     439
     451
     435
     420
     420
     428
     419
     420
     406
     395
     405
     435
     425
     396
     403
     423
     372
     391
     388
     386
     378
     392
     411
     411
     406
     408
     394
     350
     426
     380
     379
     386
     377
     389
     371
     375
     428
     385
     393
     336
     339
     379
     349
     408
     356
     369
     383
     354
     355
     340
     336
     326
     317
     352
     295
     355
     336
     327
     323
     350
     369
     328
     304
     297
     331
     363
     301
     326
     303
     326
     331
     334
     336
     301
     309
     299
     278
     324
     287
     325
     326
     279
     261
     292
     281
     293
     286
     265
     294
     271
     278
     300
     282
     269
     285
     286
     278
     264
     246
     267
     253
     274
     269
     248
     243
     260
     253
     255
     249
     246
     263
     241
     258
     227
     225
     213
     260
     226
     208
     232
     241
     225
     229
     244
     202
     235
     253
     223
     229
     226
     231
     224
     240
     213
     246
     231
     233
     208
     212
     193
     178
     227
     204
     210
     213
     175
     229
     203
     220
     201
     166
     202
     199
     208
     190
     200
     191
     185
     200
     187
     183
     179
     161
     185
     180
     181
     162
     195
     167
     168
     170
     178
     186
     170
     179
     175
     183
     147
     163
     169
     166
     157
     167
     157
     177
     152
     158
     146
     147
     144
     146
     172
     155
     154
     158
     134
     168
     167
     131
     144
     136
     153
     152
     152
     144
     134
     157
     136
     137
     168
     128
     119
     119
     134
     141
     138
     137
     129
     135
     123
     119
     126
     142
     136
     136
     117
     108
     114
     125
     137
     111
     106
     147
     109
     114
     130
     112
     110
     114
     117
      97
     119
     115
     119
     113
     100
     111
      95
     107
     106
     115
     123
      96
     118
     117
      87
      94
     104
      89
     103
     118
     104
      93
      83
      87
      85
     110
      90
      71
      82
      91
      90
      73
      85
      81
      91
      83
      77
      78
     102
      86
      84
      76
      79
      80
      75
      82
      77
      90
      82
      73
      75
      84
      81
      83
      58
      73
      82
      83
      63
      55
      72
      64
      73
      65
      72
      78
      80
      74
      71
      63
      73
      75
      62
      58
      64
      78
      60
      64
      57
      56
      61
      56
      67
      59
      67
      71
      55
      55
      60
      50
      47
      51
      46
      72
      44
      52
      44
      64
      43
      72
      43
      55
      54
      42
      57
      65
      48
      44
      46
      43
      47
      55
      54
      46
      48
      42
      53
      35
      49
      48
      44
      54
      37
      44
      38
      33
      43
      47
      42
      40
      30
      41
      52
      32
      50
      48
      46
      35
      42
      42
      24
      45
      37
      26
      31
      36
      40
      32
      35
      35
      33
      32
      34
      35
      37
      31
      37
      36
      30
      31
      30
      29
      33
      39
      35
      28
      23
      27
      34
      30
      32
      30
      25
      40
      47
      36
      22
      32
      33
      43
      17
      22
      23
      27
      33
      31
      31
      19
      27
      26
      22
      28
      26
      31
      28
      26
      23
      26
      26
      18
      32
      21
      22
      18
      17
      23
      19
      17
      16
      21
      21
      29
      28
      21
      25
      24
      31
      17
      21
      17
      15
      33
      20
      16
      24
      10
      21
      23
      15
      18
      20
      17
      21
      22
      25
      12
      19
      23
       8
      18
      24
       5
      17
      24
      11
      13
      19
      28
      14
      16
      16
      12
      15
      16
      22
      21
       9
       9
      18
      19
      18
      11
      16
      11
      13
       5
      15
       9
      17
      10
      16
       7
      19
      11
      15
      15
      13
       7
       9
      11
       8
      13
      16
      15
      15
       7
      11
      14
      16
       9
      10
      14
      18
       9
      13
       9
      10
      14
      13
       6
      16
      11
       9
       7
       5
       8
      12
      15
       9
      11
      13
       6
       6
      11
      12
      11
      12
      10
      17
       8
      10
       7
       6
      10
      10
       9
       8
       6
       6
       8
       6
       8
      10
       9
      12
       9
       6
       8
      13
       6
       7
       4
      11
       9
      11
       9
       7
       9
      10
       7
       5
       1
       3
       3
       2
      14
      14
       5
       4
       2
       8
       4
       6
       6
       7
       2
       9
       9
       9
       5
       4
       9
       9
       3
       5
       3
       5
       5
       6
       7
       6
       5
       4
       2
       8
       5
       9
       8
       6
       6
       8
       7
       6
       7
       8
       7
       6
      10
       6
       8
       4
       5
       5
       8
       3
       4
       7
       7
       5
       5
       5
       2
       3
       4
       3
       7
       6
       5
       6
       2
       6
       4
       1
       4
       6
      11
       2
       3
       2
       6
      10
       5
       8
       6
       5
       9
       3
       9
       7
       5
       4
       7
       5
       1
       3
       2
       5
       4
       8
       2
       7
       4
       3
       3
       7
       4
       7
       3
       7
       3
       5
       3
       5
       1
       6
       2
       9
       5
       3
       2
       2
       5
       3
       2
       5
       7
       6
       6
       1
       5
       6
       4
       3
       7
       3
       4
       4
       5
       2
       4
       5
       7
       2
       7
       5
       3
       3
       2
       5
       2
       2
       6
       2
       5
       3
       5
       2
       6
       9
       4
       6
       7
       3
       4
       1
       4
       1
       0
       5
       4
       0
       1
       3
       3
       2
       4
       5
       1
       5
       4
       4
       4
       2
       2
       5
       5
       5
       3
       2
       4
       4
       3
       4
       3
       2
       2
       0
       3
       0
       2
       3
       8
       6
       3
       1
       4
       3
       5
       2
       2
       0
       4
       2
       5
       6
       1
       3
       1
       1
       0
       1
       2
       6
       1
       5
       7
       4
       4
       2
       2
       1
       2
       2
       6
       2
       4
       1
       1
       2
       1
       2
       6
       3
       2
       5
       3
       4
       1
       5
       1
       2
       1
       1
       1
       4
       4
       2
       2
       3
       4
       2
       3
       3
       2
       6
       6
       1
       3
       3
       5
       5
       3
       4
       1
       3
       4
       3
       3
       2
       3
       5
       3
       3
       3
       2
       3
       5
       0
       5
       4
       3
       0
       0
       6
       2
       5
       2
       4
       4
       3
       9
       1
       2
       0
       3
       3
       4
       4
       1
       3
       4
       3
       3
       3
       1
       0
       1
       4
       1
       3
       6
       1
       5
       2
       4
       3
       3
       2
       3
       5
       1
       3
       3
       1
       0
       4
       3
       2
       4
       5
       5
       1
       2
       3
       2
       2
       4
       4
       5
       4
       1
       3
       2
       2
       3
       2
       1
       3
       2
       2
       3
       1
       1
       2
       4
       3
       1
       2
       3
       3
       2
       6
       1
       4
       7
       2
       2
       4
       2
       3
       2
       2
       5
       2
       0
       2
       2
       4
       4
       1
       4
       3
       5
       1
       3
       2
       0
       1
       3
       3
       4
       3
       4
       2
       7
       3
       6
       4
       1
       3
       2
       4
       1
       8
       5
       4
       2
       1
       1
       3
       4
       4
       5
       2
       3
       3
       5
       5
       1
       2
       4
       2
       4
       2
       2
       3
       4
       5
       2
       2
       3
       3
       3
       3
       1
       1
       1
       1
       2
       3
       5
       1
       3
       2
       1
       3
       5
       2
       4
       4
       1
       3
       2
       2
       2
       4
       4
       3
       4
       5
       2
       4
       2
       2
       5
       4
       0
       3
       3
       3
       5
       0
       3
       1
       6
       2
       2
       2
       3
       2
       2
       2
       3
       1
       3
       4
       7
       4
       2
       4
       3
       1
       3
       3
       2
       2
       2
       3
       1
       0
       5
       4
       3
       3
       0
       3
       0
       1
       3
       4
       1
       9
       1
       4
       6
       7
       2
       3
       3
       2
       1
       5
       3
       6
       1
       4
       3
       3
       3
       5
       2
       2
       0
       3
       2
       1
       3
       2
       5
       3
       5
       1
       1
       3
       4
       4
       2
       1
       2
       6
       0
       6
       1
       5
       5
       4
       3
       1
       2
       3
       2
       2
       4
       6
       3
       6
       2
       1
       3
       1
       2
       1
       5
       1
       3
       2
       4
       3
       2
       6
       2
       3
       3
       5
       4
       3
       1
       3
       2
       2
       4
       2
       1
       3
       3
       3
       4
       3
       4
       1
       6
       2
       5
       3
       5
       4
       4
       0
       3
       1
       3
       5
       4
       1
       5
       2
       2
       2
       2
       1
       2
       3
       4
       4
       2
       0
       1
       5
       3
       1
       6
       3
       4
       2
       4
       1
       1
       4
       1
       1
       5
       1
       2
       5
       0
       2
       2
       3
       3
       1
       5
       2
       3
       0
       4
       1
       3
       1
       1
       3
       1
       6
       2
       3
       2
       2
       1
       1
       3
       2
       5
       0
       6
       5
       4
       4
       8
       1
       2
       0
       5
       4
       0
       2
       3
       6
       3
       2
       3
       3
       2
       2
       1
       3
       0
       0
       3
       1
       2
       0
       1
       2
       1
       3
       2
       0
       3
       1
       3
       1
       3
       3
       1
       2
       1
       3
       5
       2
       2
       1
       1
       2
       4
       1
       1
       2
       2
       4
       0
       5
       2
       2
       4
       2
       2
       3
       0
       1
       1
       2
       2
       0
       3
       2
       5
       0
       2
       3
       3
       1
       0
       2
       2
       0
       1
       2
       2
       0
       3
       2
       1
       0
       1
       1
       1
       1
       2
       1
       2
       3
       3
       1
       2
       0
       3
       2
       2
       2
       0
       1
       2
       0
       0
       3
       2
       1
       0
       3
       2
       3
       4
       3
       2
       1
       0
       1
       0
       1
       1
       0
       1
       2
       2
       3
       3
       1
       0
       2
       0
       1
       0
       0
       2
       3
       4
       1
       4
       4
       0
       1
       1
       2
       2
       2
       0
       1
       4
       1
       1
       1
       3
       3
       1
       3
       7
       3
       2
       3
       3
       2
       2
       2
       2
       2
       3
       2
       2
       3
       1
       1
       1
       5
       3
       4
       0
       3
       1
       1
       2
       3
       1
       1
       3
       3
       5
       3
       1
       1
       9
       1
       1
       0
       1
       2
       2
       2
       4
       2
       3
       2
       3
       2
       1
       1
       2
       1
       1
       3
       2
       0
       2
       0
       3
       2
       1
       3
       3
       6
       0
       4
       3
       1
       1
       2
       3
       3
       3
       3
       3
       1
       1
       0
       2
       2
       3
       1
       0
       1
       3
       2
       0
       0
       0
       0
       2
       3
       2
       2
       2
       4
       0
       1
       1
       5
       1
       2
       1
       1
       2
       1
       1
       3
       3
       4
       2
       2
       2
       2
       5
       1
       4
       1
       1
       0
       3
       2
       4
       3
       3
       4
       2
       3
       1
       1
       0
       2
       3
       2
       1
       1
       2
       1
       4
       0
       1
       3
       0
       1
       3
       4
       3
       1
       1
       3
       3
       1
       3
       3
       2
       3
       2
       3
       1
       2
       3
       3
       4
       1
       1
       2
       1
       1
       5
       1
       0
       2
       2
       1
       0
       2
       1
       3
       1
       1
       2
       2
       0
       3
       2
       4
       5
       2
       3
       2
       3
       1
       2
       2
       2
       0
       2
       6
       3
       0
       2
       5
       1
       1
       2
       2
       2
       1
       1
       1
       1
       1
       1
       1
       1
       2
       2
       2
       3
       0
       2
       3
       1
       4
       1
       2
       6
       3
       2
       1
       2
       4
       4
       4
       0
       4
       1
       3
       0
       0
       1
       1
       1
       3
       1
       2
       4
       7
       0
       3
       1
       0
       3
       1
       4
       1
       2
       1
       3
       1
       2
       1
       0
       1
       4
       3
       2
       1
       2
       4
       4
       1
       2
       0
       1
       1
       1
       3
       4
       0
       1
       2
       0
       4
       4
       0
       2
       2
       2
       1
       0
       3
       1
       1
       2
       0
       4
       0
       5
       1
       3
       0
       0
       0
       3
       0
       1
       1
       2
       0
       1
       1
       3
       2
       0
       0
       1
       0
       0
       1
       4
       1
       0
       3
       2
       1
       0
       5
       0
       1
       3
       3
       3
       3
       5
       2
       1
       1
       0
       4
       1
       1
       2
       2
       1
       2
       3
       1
       2
       1
       1
       4
       1
       2
       1
       4
       3
       2
       0
       2
       2
       1
       1
       3
       2
       3
       3
       2
       2
       1
       1
       2
       1
       1
       4
       3
       2
       2
       4
       5
       1
       0
       6
       0
       1
       2
       2
       3
       2
       2
       3
       4
       3
       2
       1
       1
       1
       0
       1
       2
       1
       3
       0
       0
       2
       0
       4
       0
       4
       2
       1
       3
       0
       2
       2
       1
       1
       0
       0
       2
       1
       1
       1
       1
       4
       5
       2
       2
       2
       1
       0
       3
       3
       4
       3
       4
       1
       4
       2
       2
       4
       3
       2
       4
       1
       5
       3
       3
       2
       3
       1
       2
       0
       0
       1
       1
       0
       1
       3
       1
       2
       4
       1
       1
       2
       0
       1
       3
       2
       1
       3
       3
       2
       4
       6
       2
       0
       1
       1
       4
       4
       4
       2
       4
       1
       2
       2
       1
       0
       3
       1
       2
       2
       3
       2
       4
       3
       1
       2
       0
       2
       1
       2
       3
       2
       1
       3
       2
       5
       0
       1
       4
       3
       3
       2
       0
       4
       2
       2
       4
       2
       0
       3
       5
       2
       4
       1
       0
       2
       2
       4
       0
       1
       3
       2
       2
       1
       3
       0
       1
       1
       0
       4
       1
       4
       2
       2
       3
       2
       6
       1
       1
       1
       0
       2
       1
       2
       4
       1
       0
       1
       0
       0
       3
       1
       6
       2
       4
       3
       0
       3
       1
       0
       3
       2
       0
       5
       1
       4
       1
       2
       5
       4
       1
       1
       2
       3
       3
       4
       1
       1
       0
       1
       2
       1
       3
       3
       3
       0
       1
       0
       3
       4
       4
       1
       0
       0
       2
       1
       4
       1
       2
       2
       2
       4
       1
       2
       0
       1
       1
       2
       0
       2
       2
       3
       2
       0
       1
       2
       1
       5
       2
       6
       0
       3
       1
       2
       4
       1
       3
       2
       2
       2
       1
       0
       2
       2
       1
       3
       1
       1
       2
       0
       2
       1
       4
       2
       3
       2
       2
       2
       1
       1
       5
       4
       0
       1
       0
       3
       2
       2
       4
       3
       4
       1
       1
       0
       4
       4
       2
       2
       1
       4
       0
       3
       1
       0
       3
       2
       2
       0
       4
       2
       1
       0
       2
       0
       2
       3
       4
       0
       1
       2
       3
       2
       1
       2
       6
       0
       0
       1
       0
       1
       3
       2
       3
       3
       0
       1
       1
       0
       1
       1
       2
       3
       3
       2
       2
       1
       2
       3
       3
       1
       2
       2
       2
       3
       0
       1
       1
       3
       0
       3
       0
       1
       1
       1
       1
       2
       2
       2
       5
       5
       4
       2
       1
       0
       3
       3
       4
       3
       1
       4
       3
       4
       3
       3
       5
       0
       3
       1
       0
       4
       1
       0
       3
       1
       4
       2
       4
       2
       1
       3
       1
       1
       4
       2
       2
       2
       1
       1
       0
       1
       2
       1
       2
       2
       3
       1
       2
       4
       3
       2
       3
       3
       1
       3
       0
       1
       2
       4
       0
       4
       4
       1
       2
       0
       3
       4
       6
       1
       1
       0
       3
       1
       1
       3
       2
       2
       3
       3
       3
       3
       5
       2
       4
       3
       2
       1
       3
       2
       1
       1
       5
       1
       3
       1
       0
       0
       2
       0
       2
       0
       1
       0
       2
       2
       2
       4
       1
       3
       2
       3
       3
       3
       2
       4
       1
       2
       0
       2
       1
       2
       4
       1
       1
       4
       1
       3
       3
       3
       1
       1
       2
       3
       1
       0
       3
       2
       2
       1
       1
       1
       1
       3
       2
       6
       2
       3
       2
       2
       1
       4
       1
       0
       4
       3
       1
       1
       1
       1
       3
       0
       2
       1
       1
       3
       1
       2
       0
       0
       3
       1
       3
       2
       3
       0
       2
       1
       2
       2
       0
       3
       5
       4
       4
       1
       2
       1
       0
       1
       1
       2
       0
       3
       0
       0
       1
       1
       1
       4
       1
       1
       1
       1
       2
       1
       2
       5
       1
       3
       1
       3
       0
       3
       1
       0
       1
       2
       2
       1
       3
       3
       1
       1
       3
       2
       1
       1
       2
       2
       0
       2
       0
       0
       3
       0
       1
       1
       4
       2
       1
       0
       3
       1
       2
       5
       4
       2
       1
       1
       6
       2
       1
       3
       0
       2
       0
       3
       3
       1
       2
       2
       1
       3
       1
       0
       1
       0
       1
       1
       3
       0
       1
       0
       3
       1
       2
       2
       0
       1
       2
       1
       3
       3
       2
       0
       0
       1
       0
       1
       3
       1
       2
       0
       6
       2
       0
       0
       3
       1
       0
       2
       1
       1
       2
       2
       0
       1
       2
       1
       1
       4
       5
       1
       2
       2
       3
       4
       2
       1
       3
       2
       1
       0
       0
       2
       1
       1
       5
       2
       1
       0
       4
       3
       2
       2
       2
       2
       3
       0
       3
       0
       2
       5
       1
       2
       4
       4
       8
       6
       0
       1
       3
       2
       1
       2
       1
       1
       3
       4
       3
       1
       3
       1
       2
       2
       2
       4
       2
       3
       0
       4
       0
       0
       1
       2
       3
       2
       2
       2
       1
       1
       1
       3
       0
       1
       1
       2
       0
       3
       3
       2
       1
       5
       0
       6
       2
       2
       3
       5
       3
       2
       2
       1
       0
       0
       2
       1
       4
       2
       0
       1
       2
       1
       0
       0
       3
       2
       1
       1
       1
       2
       3
       1
       1
       2
       3
       3
       0
       0
       0
       4
       2
       2
       2
       1
       1
       1
       2
       1
       4
       2
       1
       0
       2
       0
       1
       1
       1
       1
       1
       2
       0
       2
       3
       1
       2
       1
       3
       1
       4
       1
       2
       1
       1
       3
       2
       2
       4
       1
       5
       3
       2
       1
       2
       1
       0
       4
       1
       3
       3
       0
       0
       1
       3
       0
       1
       0
       1
       1
       1
       1
       2
       0
       1
       2
       0
       0
       0
       1
       3
       2
       1
       0
       0
       1
       0
       1
       1
       0
       2
       0
       2
       3
       4
       3
       1
       0
       4
       0
       0
       2
       1
       0
       1
       0
       2
       0
       2
       4
       4
       0
       3
       0
       1
       3
       1
       1
       0
       1
       3
       1
       2
       0
       3
       1
       2
       4
       0
       2
       2
       0
       0
       1
       3
       2
       2
       1
       1
       1
       2
       2
       2
       1
       2
       2
       4
       2
       0
       0
       0
       2
       3
       2
       2
       2
       1
       4
       0
       0
       4
       1
       1
       1
       2
       0
       2
       1
       0
       1
       1
       0
       1
       4
       1
       3
       2
       1
       3
       1
       1
       1
       3
       3
       1
       1
       1
       0
       0
       2
       2
       2
       0
       0
       1
       3
       4
       1
       2
       2
       1
       1
       0
       3
       2
       1
       0
       1
       4
       1
       1
       3
       0
       1
       1
       1
       3
       0
       3
       0
       2
       0
       2
       4
       4
       0
       0
       2
       3
       1
       1
       1
       0
       1
       1
       0
       2
       2
       2
       2
       0
       1
       1
       2
       2
       2
       2
       2
       0
       1
       1
       0
       5
       1
       1
       2
       2
       4
       0
       0
       1
       1
       0
       0
       1
       0
       1
       2
       2
       1
       1
       0
       2
       0
       1
       1
       2
       0
       1
       1
       0
       1
       1
       0
       1
       0
       1
       0
       2
       0
       0
       0
       1
       0
       1
       0
       3
       3
       0
       0
       3
       1
       0
       0
       1
       2
       1
       0
       0
       2
       2
       1
       1
       2
       0
       3
       0
       0
       0
       0
       2
       0
       2
       2
       2
       0
       1
       0
       0
       0
       1
       2
       4
       0
       1
       2
       1
       3
       2
       0
       0
       4
       2
       0
       1
       0
       1
       0
       0
       1
       2
       0
       0
       3
       1
       0
       3
       1
       0
       0
       0
       1
       0
       1
       2
       1
       2
       1
       2
       2
       0
       3
       0
       1
       1
       0
       2
       0
       1
       1
       0
       2
       1
       0
       1
       0
       0
       0
       0
       2
       0
       3
       0
       0
       2
       1
       2
       1
       2
       2
       0
       0
       2
       1
       2
       1
       1
       1
       0
       0
       1
       2
       1
       0
       2
       1
       1
       1
       1
       1
       1
       1
       1
       2
       2
       0
       0
       1
       4
       1
       2
       2
       0
       1
       0
       1
       0
       2
       1
       0
       1
       0
       2
       2
       1
       1
       1
       1
       0
       2
       0
       0
       3
       1
       2
       0
       1
       0
       2
       1
       4
       3
       1
       0
       3
       0
       1
       1
       0
       0
       1
       1
       0
       1
       0
       3
       0
       2
       1
       1
       0
       0
       0
       0
       0
       0
       1
       1
       3
       0
       1
       0
       1
       0
       1
       0
       0
       2
       0
       0
       1
       3
       0
       0
       1
       3
       0
       0
       0
       0
       1
       1
       0
       0
       0
       0
       1
       0
       1
       1
       2
       1
       0
       1
       0
       0
       0
       2
       0
       1
       1
       1
       0
       2
       0
       2
       2
       1
       1
       0
       0
       1
       1
       0
       0
       0
       0
       0
       0
       0
       4
       2
       1
       0
       0
       0
       1
       0
       1
       1
       1
       0
       2
       0
       0
       1
       3
       1
       1
       1
       4
       0
       0
       1
       0
       1
       1
       0
       0
       1
       1
       0
       1
       1
       1
       1
       0
       1
       1
       0
       0
       3
       2
       2
       0
       2
       1
       3
       0
       1
       1
       2
       0
       2
       2
       0
       0
       2
       0
       0
       1
       1
       0
       3
       0
       1
       1
       1
       1
       0
       1
       1
       0
       2
       2
       1
       0
       0
       0
       0
       1
       0
       0
       0
       0
       1
       1
       1
       1
       1
       0
       1
       0
       1
       1
       0
       1
       1
       1
       3
       0
       0
       0
       1
       1
       1
       1
       3
       0
       1
       0
       0
       0
       0
       0
       0
       0
       2
       0
       0
       0
       0
       0
       0
       1
       1
       1
       2
       1
       0
       0
       0
       2
       0
       0
       1
       1
       0
       0
       0
       0
       1
       0
       0
       3
       0
       2
       1
       1
       0
       2
       1
       1
       0
       1
       1
       2
       1
       0
       0
       0
       0
       0
       0
       1
       1
       1
       0
       0
       1
       1
       2
       0
       0
       1
       0
       1
       0
       0
       0
       1
       1
       1
       2
       1
       0
       1
       0
       1
       2
       0
       2
       0
       0
       1
       2
       0
       0
       0
       2
       1
       0
       0
       0
       1
       0
       0
       1
       1
       2
       0
       0
       0
       0
       1
       1
       0
       0
       0
       0
       0
       2
       0
       1
       1
       0
       0
       0
       0
       0
       1
       0
       1
       0
       0
       1
       0
       0
       0
       0
       1
       1
       1
       0
       0
       0
       0
       2
       1
       0
       0
       0
       1
       0
       1
       0
       1
       1
       1
       0
       1
       2
       0
       1
       0
       0
       1
       0
       0
       0
       0
       0
       0
       1
       0
       0
       0
       0
       1
       1
       2
       0
       0
       1
       0
       0
       0
       0
       0
       1
       0
       0
       1
       0
       1
       1
       0
       2
       1
       0
       0
       2
       0
       0
       0
       0
       0
       0
       0
       0
       1
       0
       1
       0
       1
       0
       0
       0
       0
       0
       0
       0
       1
       1
       1
       1
       1
       0
       0
       0
       2
       0
       0
       0
       0
       1
       1
       0
       0
       0
       1
       1
       0
       0
       1
       0
       0
       0
       1
       0
       0
       0
       0
       2
       0
       0
       1
       1
       0
       2
       1
       0
       0
       0
       0
       0
       2
       0
       0
       0
       0
       0
       0
       0
       2
       1
       0
       0
       0
       2
       0
       0
       0
       0
       0
       0
       1
       0
       0
       0
       0
       1
       0
       1
       0
       0
       0
       2
       0
       0
       1
       1
       0
       0
       0
       0
       2
       0
       0
       0
       0
       2
       0
       0
       0
       0
       0
       0
       0
       0
       0
       0
       0
       2
       0
       0
       0
       1
       0
       0
       0
       0
       0
       1
       0
       0
       0
       0
       0
       0
       0
       0
       1
       0
       0
       0
       0
       1
       1
       0
       0
       0
       0
       1
       0
       0
       0
       0
       0
       2
       0
       0
       0
       0
       0
       0
       0
       2
       0
       2
       0
       0
       0
       0
       0
       0
       0
       0
       1
       0
       0
       1
       0
       0
       0
       0
       0
       1
       0
       0
       0
       1
       0
       0
       0
       1
       1
       0
       0
       0
       1
       0
       1
       0
       0
       1
       0
       0
       0
       0
       0
       0
       0
       0
       0
       0
       0
       0
       0
       0
       1
       0
       0
       1
       0
       0
       1
       0
       0
       0
       0
       0
       0
       0
       0
       0
       0
       1
       1
       0
       0
       0
       1
       0
       0
       0
       0
       0
       0
       0
       0
       0
       0
       0
       0
       0
       0
       1
       0
       1
       0
       0
       0
       0
       1
       0
       0
       0
       0
       0
       0
       0
       0
       0
       0
       0
       0
       1
       0
       0
       0
       0
       0
       0
       0
       0
       1
       0
       0
       0
       0
       0
       0
       0
       0
       0
       1
       0
       0
       0
       0
       1
       0
       0
       0
       0
       0
       1
       0
       0
       0
       0
       0
       1
       0
       0
       0
       0
       0
       0
       0
       1
       0
       0
       0
       0
       0
       0
       0
       0
       1
       0
       0
       0
       0
       0
       0
       0
       2
       0
       0
       1
       0
       0
       0
       0
       0
       0
       0
       0
       2
       1
       0
       0
       0
       0
       0
       0
       0
       0
       0
       0
       1
       0
       0
       0
       0
       1
       0
       0
       0
       0
       0
       0
       0
       0
       0
       0
       0
       0
       0
       0
       0
       0
       0
       0
       0
       0
       0
       0
       0
       0
       0
       0
       0
       1
       0
       0
       1
       0
       0
       0
       0
       0
       0
       0
       0
       1
       0
       0
       0
       1
       0
       0
       0
       0
       0
       0
       0
       0
       0
       0
       0
       0
       0
       0
       0
       0
       0
       0
       0
       0
       0
       0
       0
       0
       1
       0
       0
       0
       0
       0
       0
       1
       0
       1
       0
       0
       0
       2
       0
       2
       0
       0
       0
       0
       0
       0
       0
       0
       1
       0
       0
       0
       1
       0
       0
       0
       0
       0
       0
       0
       0
       1
       0
       0
       1
       0
       1
       0
       0
       0
       0
       0
       0
       0
       1
       0
       0
       0
       0
       0
       1
       0
       0
       0
       0
       0
       0
       0
       0
       0
       0
       0
       0
       0
       0
       0
       0
       0
       0
       0
       0
       0
       0
       0
       0
       0
       0
       0
       0
       0
       0
       0
       0
       0
       0
       0
       0
       0
       0
       0
       0
       0
       0
       0
       0
       0
       0
       0
       0
       0
       0
       0
       0
       0
       0
       0
       0
       0
       0
       0
       0
       0
       0
       0
       0
       0
       0
       0
       0
       0
       0
       0
       0
       0
       0
       0
       0
       0
       0
       0
       0
       0
       0
       0
       0
       0
       0
       0
       0
       0
       0
       0
       0
       0
       0
       0
       0
       0
       0
       0
       0
       0
       0
       0
       0
       0
       0
       0
       0
       0
       0
       0
       0
       0
       0
       0
       0
       0
       0
       0
       0
       0
       0
       0
       0
       0
       0
       0
       0
       0
       0
       0
       0
       0
       0
       0
       0
       0
       0
       0
       0
       0
       0
       0
       0
       0
       0
       0
       0
       0
       0
       0
       0
       0
       0
       0
       0
       0
       0
       0
       0
       0
       0
       0
       0
       0
$ROI:
3
6725 6813
6948 7045
7244 7256
$PRESETS:
None
0
0
$ENER_FIT:
-0.000074 0.728814
$MCA_CAL:
3
-7.366740E-005 7.288145E-001 -2.624510E-006 keV
$SHAPE_CAL:
3
0.000000E+000 0.000000E+000 0.000000E+000
