$SPEC_ID:
No sample description was entered.
$SPEC_REM:
DET# 1
DETDESC# PPF18-07 Easy-MCA-8k SN 14274550
AP# Maestro Version 7.01
$DATE_MEA:
11/18/2022 12:13:39
$MEAS_TIM:
6814 12028
$DATA:
0 8191
       0
       0
       0
       0
       0
       0
       0
       0
       0
       0
       0
       0
       0
       0
       0
       0
       0
       0
       0
       0
       0
       0
       0
       0
      16
    7977
  340746
 4943237
  210427
   31260
   40323
   55621
   74804
   93502
  102168
   94836
   76191
   56852
   42543
   33418
   26811
   22228
   17839
   14436
   11236
    8776
    6804
    5236
    4023
    3176
    2600
    2159
    1901
    1716
    1532
    1435
    1461
    1402
    1373
    1330
    1271
    1231
    1214
    1100
    1098
    1012
     912
     820
     683
     597
     554
     460
     422
     332
     286
     279
     241
     177
     157
     141
     135
     130
     115
     116
     124
     111
      99
     115
      80
      83
      87
     106
      75
      71
      82
      67
      54
      50
      54
      47
      50
      42
      43
      44
      29
      29
      34
      27
      24
      27
      26
      29
      33
      21
      23
      31
      24
      20
      18
      19
      13
      13
      22
      24
      15
      12
      19
      18
      34
      21
      13
      16
      12
      15
      16
      22
       9
      24
      17
      10
      21
      16
      15
      18
      11
      10
      13
      16
      10
      15
      19
       7
      19
      21
      16
      17
      15
      18
      18
      12
      19
       8
      15
      17
      14
      18
      13
      12
      16
      14
      14
      10
      13
      11
      15
      17
      17
      12
      11
       8
      18
      15
      15
       8
      12
      15
      17
      10
      11
       9
      12
      13
      10
      21
      19
      21
      17
      13
      11
       8
      12
       8
      13
      22
      16
      14
      13
      11
      11
      13
      11
      17
       8
      21
       9
      16
      14
       7
      11
      17
      12
      11
      18
      12
      16
      11
      14
      13
       9
      12
      19
      14
      13
      14
      11
      14
      13
      14
       8
       9
      10
      13
      11
       7
      10
       7
      15
      13
      18
      17
      12
      12
       8
      10
       7
       9
      10
      17
      14
      10
      10
      10
       8
      12
      15
      17
      13
      11
      14
       8
       9
      15
       8
      15
       4
      14
       5
      16
      11
      12
      13
      11
      11
       8
      16
       7
      17
      18
      12
      12
       6
      13
      11
       4
      14
       9
       7
       5
       8
      14
       6
      11
       5
      10
      10
      11
      10
       9
       8
      10
      15
       8
      12
       6
      11
      10
       9
      10
       9
      10
       9
      10
       8
       6
      10
       8
      12
       6
       8
       8
      15
       9
      13
       5
       7
       6
       9
      11
       9
      12
       5
      10
       7
       6
       8
       6
       9
      15
       7
       7
      13
      12
      10
      15
      14
       6
      12
      12
      12
      10
      10
      10
      15
      10
      13
       8
      10
      11
      11
      11
      10
      13
      13
      13
       8
      10
      22
       9
      11
      11
      16
       7
      14
      12
       3
       7
      10
       9
      14
       8
      12
      11
       7
      10
       9
       6
       7
      11
      11
       9
       8
      14
       6
      12
      11
      12
      11
       6
      14
      19
      14
       6
      10
       8
       9
       6
      14
      13
      10
      10
      11
       9
      12
       9
       8
       9
       4
      13
       8
      11
      10
      13
       7
       6
      10
      11
       7
      13
      13
      12
       7
       7
       7
      12
       8
       9
       8
      11
       5
       8
      11
      11
       6
      13
       5
       4
      17
       7
       8
       8
      10
      15
       8
      14
      10
       7
       9
       7
      10
       7
       5
       9
      10
      12
      12
      10
      11
      11
       6
       7
      11
      10
       8
      10
       8
       7
      14
       7
       3
       9
      10
       9
      10
      15
       9
       8
       9
       9
      16
      14
       7
      15
       8
       8
      10
       5
      12
      11
       3
       6
       6
      12
       7
       6
       7
       5
      21
       2
      15
       5
       9
       9
       7
       8
       8
       5
       8
       8
       7
      11
       9
      10
       8
      12
       9
      10
      10
       9
      10
       8
      12
      13
       8
      11
      10
      10
      13
      11
      11
      12
       8
      11
       7
       9
      17
      13
      11
       8
       7
      13
       8
       8
      13
       8
       8
      12
       8
       7
       8
      14
       6
      12
      11
      12
       9
      13
       4
       6
      13
       8
      11
       7
      16
      10
      10
      14
      10
      13
      10
       6
       4
      10
       5
       6
       9
       5
       8
       1
       9
       7
       6
       9
      13
       9
       8
       8
      11
       8
      13
      10
       8
       9
       5
       9
      10
       7
       8
      13
      10
       7
       5
       9
       5
       7
      12
       8
       5
       9
       9
      10
       7
       7
      11
       4
      11
       7
      11
      11
      10
      12
       8
       8
       9
       3
       4
       5
       9
       8
       6
      11
       9
       3
      14
       7
       1
      11
      12
       6
      13
      12
       4
       8
       8
       6
       9
      11
      14
      10
       7
       6
      13
       8
       6
       8
      12
       6
       7
       6
       7
      11
      13
       6
      14
      13
      13
      11
      12
      13
       9
       5
      10
      11
      10
       9
       8
       7
       9
      12
       6
       8
       5
       5
       4
       3
       9
       6
       6
      14
       9
      12
      15
       9
      10
      13
       9
      10
       2
       8
       9
       9
      15
      11
       9
       9
       7
       6
       9
       9
       8
      10
       6
       4
      10
       1
       7
       7
      10
       8
       9
      12
       9
       9
      13
      12
      11
       8
       8
       8
       8
       8
       9
      10
       6
      10
       5
       6
      10
      10
      10
      10
       6
      12
      12
       6
      10
       6
       6
       9
      12
      10
       6
      15
      17
      10
       4
      11
      11
       3
       8
      10
      12
       7
       5
       6
      12
      12
       8
      13
      11
       8
       4
       7
      10
       5
      13
       5
       5
      10
      17
       8
       7
       9
       6
      13
      11
      13
       7
      10
       8
       4
       9
       5
      10
      12
      15
       6
       8
       9
       3
      10
      16
       9
      15
       6
       9
      10
       9
      11
       9
       5
       8
      17
      11
       8
       6
      10
      11
      13
      11
      11
      14
       7
      11
       9
      10
      10
      13
      10
       5
       9
      10
      13
       9
      12
       8
      10
       8
       8
      12
       4
      15
      12
       9
       6
       7
       9
       8
       9
      11
      10
       6
      12
      14
      13
       9
      12
       6
       6
       8
       4
      10
       7
       9
       7
      13
       9
      11
      12
       9
      12
      13
       9
       8
       7
      10
      12
       6
       8
      11
       8
       6
       9
       9
       6
      11
       9
      10
       9
      11
       9
      10
      10
       4
      10
       6
       6
       3
       7
      11
       7
       8
      10
       7
      16
      11
       9
      14
      13
      14
      10
       7
      12
      11
       7
      12
      15
       7
      10
       9
       7
      11
      11
      12
      16
       9
       7
      14
       7
      16
       4
       5
       8
      11
       5
       9
       7
       9
       9
      10
       8
      13
       7
      14
       7
       7
      13
       8
       9
       6
      10
      12
      13
       7
       5
       7
      15
      16
       6
       9
       8
      15
       6
      13
       8
       8
      12
       9
       7
      12
       9
       8
      12
       6
      10
       9
      11
       9
      12
       8
       9
      12
       5
       8
       9
      16
       6
      10
      12
       8
       6
      16
      11
       8
       9
       8
      10
       3
      12
      14
       9
      10
       8
      10
       6
       9
      11
      11
       8
       7
      13
       9
       9
       9
      10
      17
       7
       8
       9
      10
       9
      10
      11
       8
      11
      12
      16
       9
       4
      14
      13
      12
       3
       9
       9
       7
      12
      10
       9
      12
       9
      16
       7
       8
      12
       8
       8
      12
       7
      15
       7
       9
      15
       7
      15
       8
      13
       8
      12
       5
      12
       7
       7
      12
      12
       6
       9
       7
      12
      15
      17
      12
       5
      10
       9
       9
       9
      17
       8
      11
      12
      15
      12
       4
      14
      12
       5
      18
       9
       9
      12
       7
       7
      10
      14
      12
      11
       7
      10
      12
       9
       9
       9
       1
      14
       3
       5
       8
      11
       6
      14
       9
       9
      17
       7
       9
      14
       7
      12
      10
      11
       8
      12
      13
      17
      10
       6
      11
      11
      17
      16
      10
       8
      14
      10
      11
      10
       6
       7
       9
      13
      10
       9
      12
      14
       9
       8
       9
      12
      12
      14
       8
      16
       9
       8
       9
       8
       5
       7
       6
      16
      12
       8
       9
       8
       6
       8
      20
       6
      11
      17
      16
      11
       8
      13
       7
      12
       6
      16
       7
      10
      10
       5
       7
       9
       8
      10
       6
      14
      11
      16
       7
      11
      19
      10
      19
       8
       7
      11
      10
      14
      10
      20
      14
       4
      12
       5
       9
       8
       5
      13
       9
      11
      17
      11
       6
       7
      10
      10
      15
      12
       8
      15
      17
      13
       2
      19
      11
       8
      12
      10
       8
       8
      11
       7
      12
      10
       8
      20
      13
      10
      13
      13
      17
       6
      10
       7
      16
      12
      15
      10
      13
       4
      18
      10
       6
      10
      12
      14
      10
       7
       8
      11
      12
      19
      10
      13
       7
      16
       9
       8
      18
      17
      15
      12
      10
      15
      10
       7
      16
      10
      16
      19
       8
      10
       9
      16
      11
      12
      12
      16
      12
      13
      12
      10
       6
      15
      15
      15
      14
       7
      13
      10
      15
      10
      14
       8
      11
      13
      15
      10
      16
      11
      14
      14
      10
      14
      12
      15
       5
      11
      13
      11
       7
      10
      11
      13
      13
      11
      11
       8
      10
      13
       6
       8
       8
      14
      10
      15
      13
      14
      10
       8
      14
      14
      11
      13
      17
      13
      13
      17
       9
      12
       8
       9
      19
       5
      14
      17
      16
      11
       8
       8
       9
      14
      15
       9
       7
      11
      18
      14
      16
      20
       7
      11
      17
      13
      12
      10
      14
      12
       9
      13
      10
       6
      16
      17
      13
      15
      20
      16
       9
      11
      12
      20
       7
       9
      11
       9
      18
      17
      18
      13
      10
       5
      18
       9
      12
      10
      12
      16
      13
      12
      11
      17
      14
      14
      13
      14
      15
       8
      12
      14
      12
      15
      11
      16
      16
       9
      15
      12
       5
       9
      14
      11
      11
       8
       9
      12
       8
      15
      11
       8
       8
      16
      13
      16
      18
       9
       7
      10
      11
      13
       6
      11
       9
      13
       7
      13
      23
       8
       9
      10
      19
      14
      14
       9
       9
       8
       9
      10
      11
      14
      13
      11
       9
      13
      16
      15
       8
      11
       8
      20
      17
      14
      12
      19
      18
      13
      11
      23
       7
      12
      10
      11
      14
      14
      16
      14
       6
      12
      16
       7
      15
      13
      11
       9
      14
      15
      17
      18
      14
      13
       7
      17
      13
      11
      14
      18
      17
      19
      14
      18
      10
      16
      16
      10
      19
       8
      15
      14
       8
      18
      17
      15
       9
       9
      17
      22
      12
      17
      11
      15
      18
      15
      22
      13
      14
      17
      13
      19
      10
      10
      19
      18
      11
      16
      12
      18
      15
      12
      13
      12
      13
      15
      14
      17
      15
      11
      18
      16
      15
      19
      13
      10
      11
      16
      19
      17
      12
      18
      18
      18
      11
      18
      19
      17
      10
      15
      16
      15
      13
       8
      10
      13
      10
      12
       8
      14
      14
       9
      17
      15
      15
      12
      21
      14
       9
      17
       8
      15
      20
       8
      15
      16
      11
      17
      13
      13
      10
      15
      16
      17
       4
      16
      16
      15
      14
      18
      13
      17
      18
      16
      17
      18
      10
      15
      15
      18
      22
      14
      11
      22
      15
      23
      12
      12
      17
      15
      22
      15
      17
      20
      17
      11
      15
      14
      12
      17
      20
      15
      15
       9
      17
      23
      11
      15
      15
      15
      20
      12
      23
      13
      15
      20
      14
      18
      19
      22
       9
      12
      22
      12
      11
      16
      11
      14
      18
      12
      15
      11
      21
       8
      14
      12
      24
      16
      28
      18
      21
      18
      17
      16
      15
      11
      14
      14
      22
      17
      17
      14
      15
      15
      14
      25
      13
      15
      15
      16
       9
      17
      15
      13
      23
      17
      12
      16
      14
      13
      18
      23
      17
      17
      12
      17
      20
      10
      19
      20
      20
      13
      16
      19
       9
      14
      19
      17
      13
      15
      14
      23
      21
      15
      10
      17
      20
      18
      15
      20
      16
      19
      14
      21
      10
      15
      18
      25
      10
      12
      13
      13
      17
      15
      25
      12
      18
      23
      18
      22
      19
      23
      20
      18
      24
      11
      16
      11
      21
      19
      17
      16
      17
      16
      17
      20
      21
      23
      19
      18
      15
      16
      24
      27
      12
      20
      16
      20
      16
      12
      22
      21
      18
      14
      18
      13
      22
      21
      14
      29
      13
      17
      16
      16
      20
      24
      18
      21
      24
       9
      21
      17
      12
      34
      15
      11
      14
      20
      16
      20
      14
      15
      27
      21
      18
      23
      18
      21
      19
      20
      23
      26
      19
      18
      31
      19
      17
      19
      18
      27
      20
      20
      20
      23
      17
      12
      26
      26
      18
      19
      19
      17
      11
      21
      12
      19
      21
      16
      17
      22
      21
      20
      23
      15
      20
      22
      23
      14
      16
      20
      20
      19
      23
      18
      22
      17
      23
      21
      16
      19
      14
      18
      17
      22
      23
      18
      20
      20
      18
      25
      21
      20
      27
      17
      17
      16
      27
      19
      20
      17
      21
      16
      15
      16
      18
      19
      22
       9
      32
      26
      24
      15
      22
      30
      22
      32
      23
      21
      19
      19
      22
      22
      22
      27
      24
      16
      22
      28
      18
      18
      24
      17
      17
      25
      11
      14
      22
      25
      18
      33
      29
      19
      16
      27
      21
      20
      20
      21
      23
      23
      21
      18
      25
      24
      23
      17
      23
      13
      24
      30
      30
      20
      21
      21
      22
      25
      17
      24
      23
      26
      18
      31
      24
      14
      27
      29
      24
      16
      21
      28
      28
      33
      19
      25
      22
      26
      22
      23
      31
      22
      23
      23
      26
      13
      24
      24
      21
      17
      23
      26
      17
      16
      20
      23
      26
      26
      26
      32
      23
      15
      27
      22
      26
      19
      17
      24
      23
      26
      22
      20
      26
      33
      26
      29
      20
      29
      39
      29
      32
      15
      29
      26
      21
      25
      20
      24
      25
      29
      27
      29
      30
      16
      25
      23
      21
      18
      31
      28
      29
      23
      27
      29
      28
      18
      25
      20
      20
      30
      35
      25
      23
      33
      18
      27
      24
      25
      30
      24
      31
      28
      17
      23
      28
      22
      28
      29
      30
      31
      19
      29
      18
      29
      32
      30
      22
      19
      31
      29
      45
      29
      26
      30
      40
      22
      31
      30
      29
      23
      42
      30
      29
      24
      26
      21
      29
      32
      25
      24
      32
      34
      32
      32
      35
      28
      22
      35
      42
      27
      30
      32
      31
      22
      28
      34
      30
      30
      24
      44
      40
      27
      20
      24
      27
      34
      25
      31
      39
      34
      33
      33
      36
      29
      33
      27
      27
      32
      25
      50
      29
      31
      28
      38
      31
      40
      34
      44
      29
      31
      29
      41
      37
      36
      29
      31
      46
      35
      40
      38
      30
      32
      30
      33
      32
      26
      32
      32
      30
      32
      36
      37
      36
      32
      37
      30
      26
      36
      37
      32
      41
      30
      38
      35
      30
      47
      45
      35
      30
      52
      36
      38
      31
      23
      39
      36
      34
      31
      38
      39
      48
      39
      42
      36
      45
      39
      31
      45
      34
      44
      42
      29
      36
      25
      39
      43
      42
      40
      36
      42
      34
      42
      36
      38
      44
      35
      40
      32
      35
      33
      28
      40
      31
      33
      27
      45
      35
      35
      40
      32
      31
      35
      41
      39
      30
      35
      48
      46
      54
      39
      40
      44
      30
      42
      47
      39
      47
      42
      41
      47
      33
      38
      36
      41
      41
      30
      26
      32
      40
      43
      40
      40
      43
      38
      40
      48
      34
      46
      34
      44
      42
      34
      41
      45
      49
      37
      45
      43
      42
      51
      38
      36
      53
      53
      45
      44
      36
      44
      58
      37
      45
      42
      40
      37
      41
      39
      49
      53
      57
      29
      50
      46
      47
      53
      46
      42
      46
      51
      48
      42
      62
      39
      50
      50
      50
      45
      52
      44
      42
      59
      44
      55
      44
      48
      52
      38
      51
      49
      48
      45
      55
      58
      42
      54
      43
      43
      34
      54
      48
      50
      45
      48
      52
      54
      46
      56
      49
      56
      57
      54
      45
      54
      49
      48
      56
      55
      49
      47
      63
      46
      49
      54
      53
      52
      68
      51
      59
      51
      52
      57
      58
      64
      55
      67
      47
      48
      45
      53
      57
      55
      38
      58
      60
      58
      71
      60
      63
      52
      56
      38
      67
      67
      59
      75
      60
      70
      51
      67
      66
      63
      51
      48
      74
      56
      48
      66
      48
      62
      70
      37
      61
      66
      60
      51
      67
      68
      59
      59
      71
      66
      61
      60
      57
      57
      79
      64
      65
      51
      72
      81
      81
      74
      69
      68
      62
      61
      77
      62
      60
      60
      67
      54
      58
      66
      78
      71
      67
      72
      81
      59
      61
      86
      74
      66
      68
      53
      79
      66
      73
      65
      68
      80
      61
      83
      73
      53
      80
      54
      76
      75
      87
      66
      86
      73
      80
      70
      86
      73
      57
      67
      74
      71
      69
      68
      65
      83
      80
      80
      76
      70
      87
      89
      71
      74
      61
      72
      71
      77
      96
      81
      91
      69
      77
      84
      85
      68
      75
      85
      77
      85
      99
      82
      95
      71
      74
      92
      82
      83
      83
      92
      93
      77
      90
      85
      83
      91
      84
      84
      78
      72
      77
      78
      87
      84
      89
      67
      86
      76
      99
      86
      69
      85
      83
     100
      91
      91
      75
      84
      96
      94
      89
      90
      92
      81
      80
      83
     107
      94
      99
     104
     100
      94
     101
     103
      87
      74
     101
      92
      96
      87
     112
     109
      96
     106
     112
      91
      93
     101
     104
      95
     100
      97
      82
      98
      91
     102
     103
     124
     109
     109
      90
     100
      97
     110
     106
     108
      99
     120
      85
     104
     109
     119
     108
     111
      93
     115
      96
     107
     110
     125
      99
      96
      90
     109
     124
      95
     110
     113
     100
     104
     114
     108
      94
     110
     127
     104
     119
     114
     115
     114
     104
     124
     123
      98
     102
      96
     111
     114
     147
     103
     122
     122
     113
     130
     115
     131
     112
     116
     109
     116
     117
     126
     103
     129
     117
     134
     109
     120
     135
     124
     122
     126
     128
     110
     127
     126
     117
     134
     136
     132
     118
     129
     140
     118
     115
     125
     120
     122
     115
     125
     126
     133
     153
     130
     164
     116
     140
     116
     127
     120
     113
     144
     127
     151
     130
     139
     125
     141
     152
     132
     138
     144
     133
     160
     152
     135
     167
     140
     120
     139
     151
     157
     152
     171
     145
     151
     149
     140
     139
     171
     165
     153
     167
     136
     128
     154
     156
     156
     137
     164
     162
     151
     139
     175
     126
     158
     148
     151
     159
     158
     156
     164
     150
     169
     151
     163
     174
     155
     162
     174
     165
     167
     149
     152
     202
     180
     172
     167
     169
     171
     180
     163
     161
     170
     176
     181
     156
     167
     181
     182
     190
     174
     181
     171
     188
     186
     194
     167
     213
     189
     165
     180
     160
     181
     241
     183
     174
     198
     186
     201
     192
     212
     187
     183
     195
     185
     188
     170
     216
     213
     186
     204
     189
     223
     190
     201
     180
     199
     225
     189
     224
     197
     205
     179
     177
     214
     224
     177
     196
     243
     223
     199
     191
     191
     207
     243
     208
     219
     207
     212
     198
     198
     238
     215
     226
     206
     216
     238
     187
     248
     232
     226
     219
     233
     245
     237
     282
     201
     244
     240
     261
     250
     264
     222
     220
     246
     214
     203
     210
     240
     258
     229
     262
     249
     228
     222
     242
     258
     244
     250
     217
     256
     240
     234
     250
     233
     234
     253
     261
     232
     257
     284
     263
     277
     286
     256
     237
     235
     252
     271
     260
     246
     290
     260
     293
     258
     269
     264
     280
     234
     273
     269
     264
     280
     276
     285
     293
     266
     279
     258
     284
     272
     265
     297
     252
     298
     317
     294
     278
     306
     299
     294
     286
     303
     293
     260
     306
     306
     294
     326
     303
     284
     302
     305
     307
     313
     318
     298
     316
     299
     310
     319
     316
     310
     310
     292
     313
     320
     304
     323
     317
     336
     319
     302
     320
     324
     344
     322
     328
     325
     340
     363
     330
     365
     313
     332
     351
     362
     322
     318
     355
     328
     366
     325
     373
     329
     334
     373
     337
     352
     341
     372
     354
     350
     352
     364
     351
     352
     384
     334
     355
     337
     370
     366
     369
     350
     357
     378
     380
     385
     389
     380
     357
     412
     386
     382
     368
     389
     396
     406
     371
     377
     382
     405
     413
     381
     424
     405
     398
     397
     414
     418
     389
     392
     382
     393
     435
     400
     432
     394
     465
     371
     376
     412
     380
     433
     438
     472
     443
     381
     408
     447
     431
     445
     431
     415
     423
     482
     436
     412
     449
     422
     412
     432
     435
     438
     436
     485
     464
     506
     486
     483
     461
     427
     473
     409
     460
     480
     462
     502
     471
     488
     491
     465
     494
     470
     453
     491
     471
     505
     500
     496
     507
     475
     488
     478
     507
     456
     529
     510
     530
     523
     520
     492
     512
     533
     515
     507
     488
     530
     469
     518
     503
     518
     509
     535
     532
     518
     515
     560
     548
     530
     530
     538
     543
     506
     567
     587
     553
     606
     553
     562
     530
     603
     542
     547
     548
     576
     559
     581
     565
     561
     567
     596
     516
     575
     577
     609
     612
     596
     575
     594
     602
     608
     583
     595
     588
     652
     577
     543
     609
     615
     624
     616
     635
     582
     612
     667
     619
     661
     637
     649
     612
     677
     644
     668
     632
     608
     677
     642
     671
     646
     643
     634
     659
     670
     672
     713
     646
     699
     721
     689
     648
     705
     696
     694
     663
     664
     669
     661
     738
     682
     681
     703
     738
     717
     678
     709
     690
     731
     704
     716
     726
     647
     743
     733
     711
     720
     730
     708
     747
     708
     743
     745
     697
     689
     740
     721
     765
     791
     728
     734
     785
     747
     796
     784
     784
     743
     774
     801
     777
     727
     730
     797
     780
     770
     788
     786
     780
     821
     783
     830
     816
     832
     829
     740
     788
     827
     790
     786
     883
     848
     867
     821
     857
     859
     824
     871
     877
     836
     834
     866
     847
     896
     833
     879
     875
     873
     859
     927
     880
     914
     899
     847
     892
     865
     915
     828
     924
     940
     904
     917
     978
     946
     907
     886
     936
    1000
     921
     929
     942
     931
     953
     945
     992
     942
     954
     928
    1015
     926
     973
     967
     974
     989
     925
    1007
     988
    1020
    1004
    1020
     969
     986
     963
    1001
    1014
     979
    1044
     959
    1026
    1051
     979
     980
    1034
    1007
    1047
    1063
    1062
    1025
    1002
    1067
    1054
    1008
    1051
    1043
    1080
    1062
    1057
    1050
    1118
    1078
    1080
    1082
    1093
    1025
    1110
    1122
    1027
    1071
    1117
    1110
    1130
    1133
    1105
    1111
    1134
    1163
    1108
    1095
    1161
    1094
    1143
    1148
    1151
    1147
    1189
    1179
    1136
    1139
    1207
    1153
    1187
    1192
    1184
    1220
    1228
    1252
    1234
    1183
    1145
    1218
    1255
    1203
    1197
    1199
    1200
    1213
    1244
    1199
    1202
    1207
    1189
    1322
    1196
    1225
    1254
    1277
    1284
    1237
    1257
    1271
    1280
    1251
    1296
    1304
    1342
    1284
    1401
    1249
    1326
    1255
    1319
    1323
    1325
    1296
    1330
    1326
    1346
    1295
    1277
    1296
    1342
    1398
    1336
    1316
    1364
    1368
    1357
    1369
    1296
    1428
    1335
    1447
    1379
    1348
    1419
    1385
    1412
    1390
    1375
    1402
    1455
    1460
    1461
    1431
    1403
    1431
    1408
    1456
    1458
    1366
    1404
    1510
    1468
    1453
    1550
    1479
    1443
    1478
    1561
    1468
    1560
    1477
    1497
    1493
    1512
    1444
    1529
    1484
    1524
    1531
    1485
    1554
    1522
    1557
    1482
    1524
    1569
    1569
    1559
    1550
    1498
    1597
    1609
    1491
    1513
    1632
    1598
    1602
    1615
    1594
    1620
    1594
    1614
    1598
    1667
    1632
    1611
    1667
    1620
    1663
    1653
    1605
    1679
    1626
    1765
    1570
    1583
    1670
    1741
    1746
    1676
    1640
    1720
    1739
    1723
    1736
    1759
    1764
    1743
    1766
    1763
    1777
    1700
    1737
    1717
    1749
    1754
    1798
    1785
    1731
    1772
    1736
    1721
    1853
    1816
    1799
    1854
    1794
    1772
    1843
    1786
    1721
    1859
    1833
    1800
    1884
    1754
    1814
    1830
    1830
    1872
    1925
    1876
    1886
    1872
    1907
    1916
    1873
    1903
    1888
    1852
    1924
    1879
    1916
    1942
    1887
    1980
    1880
    1853
    1871
    1981
    1910
    1859
    1931
    1895
    1976
    1940
    2021
    2000
    1998
    1976
    1922
    2027
    2004
    1976
    2006
    2047
    1978
    2034
    2004
    1957
    2034
    1983
    1993
    2006
    2042
    2039
    2050
    1956
    2050
    2037
    2067
    2093
    2100
    2074
    2094
    1950
    2122
    1986
    2056
    2112
    2116
    2124
    2129
    2131
    2102
    2158
    2092
    2107
    2173
    2120
    2219
    2018
    2161
    2162
    2071
    2181
    2212
    2169
    2215
    2182
    2207
    2230
    2124
    2208
    2148
    2275
    2175
    2269
    2279
    2280
    2177
    2232
    2259
    2239
    2258
    2260
    2322
    2318
    2223
    2176
    2269
    2376
    2254
    2241
    2236
    2259
    2329
    2284
    2213
    2322
    2345
    2330
    2401
    2370
    2204
    2290
    2272
    2418
    2328
    2367
    2348
    2414
    2389
    2425
    2345
    2370
    2436
    2463
    2380
    2392
    2257
    2446
    2386
    2338
    2425
    2408
    2426
    2459
    2399
    2425
    2424
    2540
    2429
    2426
    2442
    2507
    2434
    2453
    2498
    2427
    2507
    2432
    2440
    2502
    2548
    2508
    2552
    2517
    2481
    2517
    2500
    2417
    2490
    2464
    2561
    2569
    2593
    2522
    2560
    2567
    2562
    2439
    2544
    2589
    2550
    2513
    2600
    2607
    2545
    2525
    2645
    2556
    2559
    2594
    2567
    2597
    2606
    2546
    2648
    2590
    2606
    2654
    2644
    2658
    2682
    2637
    2634
    2664
    2683
    2677
    2741
    2639
    2612
    2653
    2650
    2723
    2694
    2651
    2693
    2809
    2623
    2636
    2702
    2693
    2670
    2732
    2754
    2741
    2745
    2708
    2671
    2699
    2684
    2743
    2654
    2800
    2753
    2727
    2788
    2705
    2744
    2743
    2757
    2808
    2774
    2667
    2705
    2807
    2779
    2818
    2860
    2786
    2794
    2827
    2833
    2828
    2884
    2817
    2841
    2789
    2800
    2814
    2762
    2870
    2852
    2788
    2777
    2810
    2846
    2867
    2933
    2850
    2873
    2953
    2843
    2909
    2906
    2880
    2766
    2813
    2978
    2859
    2939
    2958
    2852
    2875
    2942
    2958
    2935
    2952
    2877
    2840
    2971
    2815
    2962
    2899
    2912
    2839
    2896
    3030
    3002
    2939
    3021
    3016
    2962
    2979
    2930
    3035
    2939
    2991
    2977
    2986
    3020
    2926
    3046
    2894
    2919
    2995
    3005
    3031
    3078
    2985
    2973
    2914
    3058
    3017
    3025
    3025
    3081
    3006
    3009
    3097
    3043
    3035
    2970
    3008
    3057
    3019
    2970
    2979
    3044
    3047
    3069
    2994
    2934
    3043
    3163
    3003
    3087
    3069
    2959
    3055
    3104
    2947
    3069
    3109
    3090
    3088
    3116
    3004
    2992
    3171
    2997
    3188
    3079
    3122
    2990
    3154
    3047
    3037
    3016
    3114
    3094
    3110
    3090
    3079
    2982
    3087
    3305
    3107
    3040
    3082
    3124
    3122
    3057
    3080
    3120
    3151
    3088
    3145
    3093
    3176
    3027
    3145
    3072
    3093
    3122
    3129
    3091
    3100
    3200
    3078
    3163
    3232
    3155
    3195
    3113
    3194
    3183
    3080
    3032
    3029
    3166
    3095
    3164
    3226
    3098
    3164
    3215
    3095
    3235
    3128
    3222
    3127
    3115
    3132
    3139
    3127
    3151
    3089
    3174
    3124
    3099
    3099
    3124
    3149
    3114
    3096
    3121
    3103
    3116
    3089
    3290
    3217
    3256
    3088
    3084
    3211
    3115
    3107
    3150
    3069
    3102
    3154
    3222
    3090
    3177
    3140
    3141
    3141
    3174
    3197
    3170
    3119
    3140
    3159
    3072
    3130
    3203
    3248
    3201
    3102
    3182
    3143
    3148
    3074
    3290
    3267
    3218
    3119
    3220
    3098
    3078
    3211
    3231
    3192
    3205
    3204
    3138
    3194
    3127
    3156
    3079
    3149
    3188
    3128
    3129
    3082
    3113
    3200
    3153
    3193
    3045
    3089
    3220
    3061
    3144
    3188
    3204
    3192
    3090
    3149
    3224
    3200
    3147
    3115
    3059
    3145
    3109
    3111
    3091
    3170
    3108
    3165
    3129
    3071
    3002
    3132
    3201
    3134
    3103
    3188
    3021
    3146
    3126
    3139
    2969
    3125
    3096
    3115
    3146
    3035
    3231
    3096
    3077
    3104
    3030
    3034
    3214
    3029
    2979
    3102
    3059
    3041
    3002
    2990
    3038
    3050
    3066
    3051
    3044
    3010
    3079
    3043
    3005
    3090
    3099
    2969
    3115
    3047
    2972
    3065
    3018
    3007
    3088
    3025
    3081
    3014
    2931
    2959
    2987
    3041
    2951
    3043
    3029
    3013
    2986
    3047
    3052
    2969
    2985
    3014
    3076
    2914
    3006
    2939
    2953
    2977
    2989
    2933
    2910
    2979
    3025
    2893
    2972
    2871
    2892
    2940
    2979
    2890
    2951
    2855
    2920
    3039
    2948
    2952
    2859
    2869
    2862
    2871
    2920
    2932
    2850
    2950
    2841
    2902
    2769
    2895
    2793
    2817
    2806
    2981
    2830
    2772
    2881
    2826
    2930
    2832
    2822
    2817
    2789
    2774
    2788
    2780
    2827
    2826
    2865
    2747
    2729
    2834
    2784
    2739
    2840
    2891
    2708
    2754
    2789
    2608
    2764
    2746
    2828
    2826
    2767
    2705
    2797
    2827
    2683
    2674
    2703
    2695
    2698
    2622
    2683
    2608
    2662
    2694
    2717
    2604
    2646
    2674
    2692
    2656
    2670
    2569
    2673
    2622
    2623
    2725
    2643
    2612
    2629
    2581
    2637
    2610
    2528
    2651
    2620
    2589
    2616
    2618
    2550
    2610
    2568
    2519
    2545
    2586
    2517
    2479
    2551
    2561
    2602
    2438
    2500
    2551
    2458
    2549
    2460
    2482
    2526
    2470
    2580
    2450
    2448
    2415
    2566
    2440
    2557
    2441
    2421
    2447
    2316
    2501
    2398
    2351
    2365
    2439
    2409
    2310
    2346
    2391
    2397
    2403
    2353
    2352
    2379
    2386
    2389
    2411
    2355
    2268
    2331
    2257
    2316
    2399
    2402
    2282
    2370
    2323
    2252
    2272
    2279
    2230
    2266
    2157
    2276
    2228
    2232
    2224
    2181
    2188
    2125
    2228
    2163
    2191
    2241
    2206
    2142
    2096
    2069
    2074
    2242
    2130
    2185
    2017
    2081
    2133
    2156
    2212
    2102
    2063
    2113
    2166
    2163
    2117
    2045
    2068
    2107
    2048
    2021
    2051
    2125
    2110
    2035
    2009
    2009
    1973
    2085
    1941
    1956
    2055
    2052
    2006
    1979
    2023
    1951
    2068
    1909
    1952
    2012
    1929
    1992
    1931
    1923
    1924
    1944
    1926
    1915
    1901
    1958
    1877
    1980
    1924
    1890
    1902
    1910
    1882
    1919
    1796
    1895
    1876
    1770
    1836
    1804
    1803
    1796
    1895
    1831
    1817
    1882
    1817
    1799
    1769
    1731
    1806
    1749
    1776
    1727
    1725
    1727
    1746
    1755
    1703
    1695
    1718
    1728
    1700
    1731
    1682
    1732
    1696
    1739
    1721
    1593
    1596
    1629
    1686
    1664
    1603
    1651
    1689
    1606
    1650
    1579
    1630
    1594
    1669
    1557
    1541
    1641
    1565
    1526
    1583
    1540
    1600
    1542
    1538
    1540
    1402
    1587
    1559
    1547
    1432
    1489
    1501
    1567
    1553
    1480
    1505
    1480
    1509
    1445
    1508
    1499
    1475
    1436
    1467
    1436
    1440
    1395
    1407
    1402
    1340
    1440
    1463
    1407
    1387
    1350
    1326
    1352
    1359
    1391
    1348
    1371
    1315
    1311
    1324
    1373
    1276
    1321
    1302
    1309
    1299
    1263
    1247
    1268
    1324
    1271
    1233
    1228
    1217
    1187
    1284
    1277
    1251
    1224
    1197
    1237
    1190
    1202
    1242
    1221
    1218
    1218
    1136
    1176
    1191
    1164
    1175
    1169
    1196
    1117
    1247
    1220
    1160
    1162
    1116
    1137
    1108
    1159
    1070
    1109
    1112
    1068
    1071
    1119
    1097
    1093
    1055
    1068
    1099
    1080
    1064
    1038
    1051
    1048
    1055
    1094
    1071
    1118
    1071
    1041
    1062
    1022
     967
     984
    1067
     965
    1025
     951
     959
     943
     993
     912
     934
     968
     962
     900
     919
     926
     882
     991
     954
     933
     885
     934
     893
     873
     850
     880
     834
     894
     880
     855
     808
     843
     876
     834
     818
     876
     774
     886
     826
     842
     878
     841
     802
     754
     817
     803
     831
     788
     802
     768
     767
     770
     763
     818
     774
     731
     741
     792
     798
     781
     715
     770
     750
     780
     739
     678
     714
     731
     742
     712
     699
     706
     694
     748
     693
     673
     706
     700
     671
     716
     665
     675
     645
     669
     648
     663
     651
     669
     635
     687
     603
     596
     599
     593
     616
     600
     629
     657
     602
     581
     600
     651
     622
     594
     613
     583
     620
     575
     595
     572
     563
     560
     543
     533
     610
     518
     585
     572
     515
     523
     586
     537
     474
     542
     505
     494
     498
     512
     467
     501
     502
     507
     455
     506
     496
     503
     487
     466
     514
     494
     461
     491
     474
     470
     487
     472
     399
     455
     458
     477
     459
     427
     444
     426
     422
     451
     427
     422
     428
     414
     404
     401
     419
     406
     425
     395
     393
     388
     370
     403
     382
     385
     370
     377
     360
     371
     379
     382
     359
     366
     391
     353
     307
     363
     373
     358
     351
     344
     342
     301
     347
     329
     319
     300
     321
     347
     339
     315
     314
     339
     331
     323
     330
     315
     346
     285
     313
     340
     288
     290
     289
     292
     299
     294
     270
     301
     286
     289
     287
     290
     286
     248
     284
     246
     286
     290
     267
     241
     250
     256
     276
     237
     254
     245
     289
     256
     257
     242
     227
     245
     246
     255
     202
     218
     253
     225
     227
     236
     172
     221
     249
     211
     250
     205
     200
     229
     232
     232
     205
     179
     197
     207
     194
     197
     194
     209
     202
     194
     198
     204
     184
     202
     169
     168
     201
     175
     159
     180
     168
     176
     164
     168
     157
     175
     175
     151
     156
     196
     169
     165
     152
     154
     160
     135
     148
     154
     167
     143
     143
     152
     154
     158
     140
     130
     165
     141
     143
     112
     135
     130
     129
     119
     147
     139
     109
     139
     143
     124
     140
     128
     121
     144
     126
     119
     123
     123
     101
     104
     120
      99
     108
     122
     124
     125
     117
     104
      93
     113
     116
     102
     102
     117
      93
      94
     103
     116
     107
      93
     110
     106
     106
     102
     102
     111
     102
     103
     106
      81
      95
      96
      76
      87
      90
      94
      99
      90
      94
     100
      76
      65
      74
      75
      92
      86
      79
      93
      66
      64
      86
      82
      80
      76
      70
      71
      76
      83
      87
      76
      70
      68
      75
      62
      60
      83
      81
      69
      49
      64
      55
      62
      69
      53
      62
      54
      58
      65
      58
      50
      55
      60
      61
      52
      64
      53
      67
      49
      62
      54
      58
      60
      41
      58
      66
      52
      61
      44
      53
      38
      53
      58
      43
      51
      73
      40
      53
      49
      59
      49
      31
      57
      48
      46
      49
      49
      57
      47
      36
      35
      45
      46
      49
      48
      49
      23
      50
      35
      40
      33
      33
      50
      42
      31
      39
      31
      37
      40
      37
      34
      46
      40
      45
      30
      31
      36
      27
      27
      37
      29
      30
      22
      35
      29
      22
      32
      47
      33
      27
      35
      30
      26
      39
      35
      24
      31
      32
      23
      17
      26
      37
      19
      21
      27
      36
      12
      34
      33
      26
      29
      23
      32
      22
      21
      18
      21
      24
      17
      23
      25
      20
      21
      20
      24
      27
      22
      21
      21
      23
      22
      28
      20
      16
      25
      17
      17
      23
      23
      22
      16
      16
      13
      17
      17
      11
      16
      13
      16
      20
      17
      20
      21
      21
      20
      23
      12
      18
      14
      10
      15
      21
      12
      15
      10
      15
      18
      18
      13
      11
      18
      12
      17
      14
      19
      18
      25
      18
      18
      13
      14
      10
      15
       9
      15
       9
       9
      15
      12
      14
      15
       7
       8
      12
      19
      11
      11
      18
       5
       8
      10
       9
      17
      15
       9
      11
      11
      10
      14
      10
      17
       9
       8
      13
       7
      17
       8
       8
       7
      13
       9
      13
       6
      12
       9
       7
       5
      13
      11
      13
       6
      10
      10
      17
       6
      15
      13
      19
       6
       5
       7
      10
       7
      15
       6
       9
       5
       9
      11
      12
       6
       8
      11
       9
       5
       9
       6
       5
       5
       6
       7
       7
      13
      11
       9
       6
       9
       9
      10
       7
       5
       5
       8
       6
       4
       5
       7
       6
      13
       6
       6
      10
       6
       5
       6
       9
       7
       7
      10
       5
       7
       9
       9
       9
       2
       6
       5
       7
       6
       8
       7
      10
       5
       6
      13
      13
       9
       7
       7
       6
       7
       9
      12
       6
       7
      12
      12
       3
       2
       9
       6
       5
       3
       3
       6
       5
       5
      10
       1
      10
       7
       9
       5
       6
       6
      10
       6
       8
       6
       8
       3
       3
       5
      13
       8
       5
       8
       5
       6
       7
       6
       4
       6
       4
       7
       1
       7
       7
       7
       5
       3
       2
       5
       7
       4
       8
       4
       8
       9
       5
       4
       9
       3
       4
       5
       1
       6
       2
      10
       4
       7
       2
       4
       8
       6
       5
       2
      11
       5
       1
       8
       5
       5
       7
       4
       4
       7
       6
       7
       4
       5
       6
       3
       4
       5
       4
       3
       7
       7
       6
       3
       3
       8
       5
       3
       4
       1
       1
       5
       2
       6
       4
       5
       3
       5
       5
       5
       7
       4
       5
       5
       5
       4
       1
       4
       6
       3
       3
       8
       4
       6
       1
       6
       9
       2
       1
       6
       5
      12
       5
       7
       3
       3
       4
       7
       3
       7
       3
       3
       5
       5
       3
       4
       5
       4
       3
       6
       3
       1
       7
       5
       6
       7
       8
       2
       2
       5
       5
       3
       3
       7
       6
       5
       3
      11
       6
       7
       4
       3
       5
       2
       3
       2
       4
       4
       8
       5
       0
       9
       5
       6
       8
       9
       2
       4
       3
       4
       4
       1
       1
       2
       4
       1
       6
       2
       5
       3
      10
       8
       3
       0
       2
       1
       7
       3
       6
       7
       4
       6
       5
       2
       8
       6
       2
       5
       5
       8
      10
       4
       2
       6
       2
       2
       7
       4
       4
       1
       2
       8
       4
       6
       6
       4
       2
       8
       5
       5
       9
       5
       5
       7
       1
       3
       8
       5
       5
       5
       8
       6
       3
       3
       3
       7
      10
       3
       9
       3
       0
       9
      10
       3
       2
       5
       5
       5
       4
       1
       4
       6
       8
       4
       9
       4
       4
       0
       2
       3
       2
      10
       5
       5
       8
       3
       6
       5
       8
       5
       5
       6
       7
       2
       2
       4
       3
       2
       6
       6
       5
       5
       6
       5
       5
       3
       3
       1
       4
       5
       3
       4
       7
       3
       0
       5
       1
       8
       2
       2
       8
       3
       8
       1
       3
       9
       6
       8
       6
       2
       3
       8
       5
       7
       3
       3
       2
       4
       3
       4
       0
       5
       4
       5
       6
       1
       3
       2
       8
       4
       8
       3
       4
       2
       4
       0
       7
       8
       6
       4
       4
       8
      12
       4
       5
       8
       4
       4
       6
       4
       5
       4
       3
       6
       7
       6
       8
       4
       3
       8
       5
       4
       4
       6
       1
       9
       5
       6
       8
       6
       9
       6
       6
       4
       4
       7
       3
       3
       5
       2
       2
       5
       5
       4
       5
       7
       5
       4
       4
       6
       7
       5
       4
       6
       6
       3
       9
       2
       5
       3
       3
       3
       2
       5
       8
       5
       5
       5
       5
       2
       8
       5
       3
       4
       5
       3
       4
       3
       3
      12
       2
       2
       3
       3
       2
       2
       6
       6
       3
       6
       6
       5
       5
       3
       8
       4
       4
       0
       2
       5
       4
       3
       4
       4
       2
       5
       7
      10
       1
       4
       2
       5
       4
       3
       3
       3
       7
       8
       5
       1
       2
       3
       4
       6
       3
       4
       4
       2
       7
       4
       1
       3
       2
       5
       1
       4
       0
       5
       3
       7
       4
       4
       4
       1
       4
       2
       3
       4
       5
       1
       7
       2
       5
       1
       3
       2
       2
       1
       4
       3
       2
       3
       0
       2
       2
       2
       6
       3
       5
       3
       3
       2
       1
       4
       2
       2
       3
       2
       2
       3
       4
       2
       3
       2
       2
       3
       8
       3
       0
       1
       6
       2
       2
       2
       3
       3
       3
       3
       7
       3
       2
       6
       2
       3
       2
       6
       4
       1
       5
       2
       2
       2
       1
       4
       3
       1
       0
       2
       1
       3
       2
       2
       1
       2
       6
       1
       2
       1
       7
       3
       5
       2
       3
       4
       3
       0
       2
       1
       3
       4
       3
       6
       1
       3
       4
       1
       4
       2
       0
       3
       1
       0
       5
       4
       2
       4
       5
       1
       4
       3
       3
       3
       2
       2
       6
       1
       1
       0
       1
       3
       2
       2
       4
       2
       1
       1
       5
       1
       1
       1
       4
       3
       3
       4
       2
       2
       2
       3
       1
       3
       3
       7
       1
       2
       4
       3
       2
       2
       3
       5
       7
       2
       4
       3
       1
       4
       2
       5
       6
       5
       0
       2
       1
       3
       3
       3
       3
       1
       0
       2
       4
       2
       1
       4
       2
       4
       3
       1
       3
       1
       4
       1
       1
       1
       2
       3
       2
       4
       4
       4
       4
       3
       5
       3
       3
       1
       4
       1
       1
       3
       2
       3
       5
       5
       3
       4
       3
       3
       2
       3
       4
       2
       3
       2
       3
       1
       2
       1
       4
       4
       3
       4
       2
       1
       3
       4
       5
       1
       2
       5
       2
       1
       8
       2
       0
       2
       7
       3
       6
       3
       2
       5
       3
       2
       4
       3
       0
       6
       2
       0
       2
       2
       1
       0
       2
       3
       3
       0
       3
       4
       5
       3
       3
       5
       5
       3
       4
       8
       2
       1
       6
       1
       1
       0
       4
       2
       5
       1
       3
       0
       2
       5
       0
       4
       5
       2
       4
       2
       8
       5
       3
       3
       4
       0
       2
       2
       2
       3
       3
       4
       2
       4
       2
       0
       3
       6
       0
       2
       5
       6
       3
       2
       2
       7
       0
       4
       2
       1
       1
       0
       2
       2
       2
       4
       7
       3
       5
       3
       4
       2
       6
       1
       1
       3
       3
       3
       2
       1
       4
       1
       1
       2
       0
       1
       3
       2
       3
       4
       4
       1
       5
       4
       4
       2
       2
       5
       1
       1
       2
       0
       2
       2
       3
       1
       5
       2
       0
       3
       1
       3
       3
       5
       0
       0
       0
       5
       4
       2
       3
       2
       3
       2
       5
       2
       0
       4
       2
       5
       3
       0
       1
       4
       1
       3
       3
       5
       2
       3
       1
       3
       3
       5
       2
       3
       5
       4
       4
       4
       2
       2
       5
       1
       4
       4
       2
       1
       5
       2
       3
       2
       1
       5
       2
       2
       3
       3
       4
       3
       5
       4
       2
       5
       4
       4
       4
       2
       2
       5
       1
       4
       6
       3
       2
       2
       2
       3
       2
       0
       4
       5
       1
       1
       3
       3
       5
       3
       4
       4
       2
       1
       4
       2
       1
       5
       4
       6
       4
       3
       3
       1
       4
       6
       3
       3
       3
       2
       2
       4
       2
       2
       4
       0
       2
       1
       4
       4
       2
       3
       3
       2
       2
       1
       2
       3
       2
       3
       4
       4
       1
       3
       3
       0
       1
       2
       6
       2
       1
       2
       4
       3
       2
       5
       5
       2
       4
       2
       3
       1
       3
       4
       0
       5
       1
       2
       5
       5
       2
       4
       2
       1
       2
       1
       1
       6
       4
       0
       1
       2
       6
       2
       7
       3
       2
       1
       3
       2
       2
       5
       1
       2
       1
       2
       1
       2
       8
       2
       0
       3
       7
       2
       3
       2
       5
       2
       2
       2
       1
       4
       3
       3
       2
       3
       5
       3
       3
       1
       4
       0
       0
       2
       2
       4
       3
       3
       4
       4
       2
       4
       3
       5
       4
       1
       3
       2
       3
       1
       2
       2
       2
       5
       4
       4
       2
       0
       5
       8
       1
       1
       0
       3
       2
       3
       4
       3
       5
       3
       7
       3
       1
       4
       4
       5
       1
       0
       1
       4
       2
       2
       4
       3
       4
       2
       4
       3
       2
       1
       8
       1
       7
       1
       3
       5
       3
       1
       2
       2
       1
       2
       2
       3
       4
       2
       2
       6
       7
       2
       4
       4
       3
       4
       0
       2
       4
       2
       4
       4
       0
       7
       3
       3
       4
       0
       4
       1
       3
       3
       2
       0
       6
       1
       2
       0
       3
       2
       5
       3
       1
       4
       2
       1
       2
       1
       3
       1
       2
       2
       1
       1
       3
       7
       0
       1
       5
       0
       3
       5
       4
       1
       1
       3
       2
       1
       5
       4
       1
       2
       2
       5
       4
       4
       1
       1
       1
       5
       2
       4
       0
       2
       0
       2
       1
       1
       3
       3
       5
       0
       2
       1
       2
       2
       2
       2
       1
       3
       2
       3
       4
       2
       2
       4
       1
       1
       4
       1
       2
       3
       3
       5
       2
       2
       5
       4
       4
       2
       1
       1
       1
       5
       4
       0
       3
       4
       4
       4
       7
       0
       1
       5
       2
       4
       3
       6
       2
       2
       2
       1
       5
       3
       5
       3
       4
       2
       3
       3
       5
       5
       5
       2
       1
       0
       1
       1
       3
       1
       3
       5
       5
       1
       4
       3
       1
       5
       1
       3
       3
       4
       0
       3
       4
       2
       4
       2
       2
       6
       2
       2
       6
       2
       5
       2
       1
       6
       2
       3
       5
       1
       6
       1
       4
       2
       1
       5
       5
       5
       3
       3
       3
       4
       3
       3
       5
       8
       2
       2
       1
       1
       5
       1
       3
       2
       2
       2
       2
       8
       1
       2
       3
       0
       1
       2
       3
       2
       3
       0
       4
       9
       5
       2
       3
       2
       1
       1
       3
       6
       1
       6
       1
       2
       4
       0
       5
       2
       0
       2
       1
       2
       1
       3
       5
       1
       4
       3
       3
       4
       4
       3
       4
       1
       2
       1
       6
       1
       4
       6
       3
       3
       9
       3
       1
       3
       4
       3
       5
       6
       3
       1
       3
       3
       7
       2
       3
       6
       3
       4
       3
       4
       2
       1
       4
       3
       0
       4
       2
       6
       2
       2
       1
       4
       7
       4
       6
       3
       2
       3
       6
       2
       5
       2
       5
       3
       2
       8
       5
       2
       0
       4
       1
       5
       1
       4
       1
       6
       5
       3
       4
       1
       4
       5
       1
       2
       3
       4
       4
       4
       3
       5
       1
       1
       1
       1
       1
       4
       6
       2
       4
       2
       2
       6
       0
       3
       4
       6
       4
       1
       2
       1
       3
       1
       4
       1
       2
       4
       3
       4
       5
       3
       3
       2
       5
       4
       2
       3
       1
       7
       3
       4
       3
       1
       6
       1
       5
       4
       1
       0
       1
       6
       1
       2
       5
       5
       4
       6
       1
       5
       1
       3
       5
       5
       3
       6
       5
       4
       0
       2
       1
       3
       3
       4
       6
       6
       1
       3
       2
       4
       3
       3
       2
       5
       3
       5
       2
       2
       3
       1
       4
       0
       1
       3
       5
       2
       4
       5
       2
       1
       3
       3
       3
       6
       2
       4
       3
       1
       1
       1
       5
       5
       4
       1
       2
       2
       1
       1
       4
       2
       2
       3
       6
       4
       3
       2
       1
       0
       2
       6
       4
       0
       3
       3
       6
       2
       0
       1
       0
       4
       2
       1
       4
       3
       4
       7
       4
       5
       2
       1
       1
       5
       4
       0
       2
       4
       2
       1
       3
       3
       4
       2
       5
       2
       7
       2
       4
       2
       3
       2
       3
       2
       4
       3
       1
       2
       3
       1
       2
       3
       0
       5
       3
       5
       3
       6
       4
       4
       4
       0
       2
       4
       3
       3
       3
       6
       3
       4
       2
       3
       5
       1
       4
       7
       0
       1
       5
       2
       5
       3
       3
       3
       5
       1
       4
       5
       1
       2
       4
       1
       4
       4
       2
       7
       3
       2
       1
       2
       2
       4
       3
       4
       1
       1
       2
       3
       2
       7
       2
       2
       0
       4
       0
       2
       3
       6
       5
       2
       3
       4
       2
       1
       2
       4
       3
       4
       3
       4
       7
       3
       4
       7
       5
       5
       4
       2
       2
       3
       5
       4
       2
       2
       3
       3
       5
       3
       5
       4
       1
       3
       4
       4
       5
       5
       1
       1
       2
       3
       3
       3
       3
       1
       2
       2
       4
       2
       2
       3
       2
       2
       0
       6
       0
       4
       2
       3
       5
       3
       3
       3
       3
       4
       1
       4
       6
       3
       3
       2
       4
       3
       5
       1
       4
       3
       2
       4
       5
       3
       2
       5
       3
       5
       6
       1
       9
       5
       2
       1
       4
       2
       3
       3
       1
       2
       0
       5
       6
       3
       1
       4
       2
       9
       2
       6
       3
       4
       8
       4
       3
       4
       4
       6
       3
       5
       2
       2
       2
       5
       3
       6
       2
       6
       4
       4
       0
       1
       4
       4
       4
       4
       1
       2
       4
       4
       0
       3
       4
       4
       3
       6
       4
       2
       5
       6
       2
       1
       1
       0
       2
       6
       5
       5
       3
       2
       4
       4
       2
       1
       0
       3
       5
       1
       1
       3
       4
       3
       4
       4
       1
       5
       2
       1
       2
       2
       3
       2
       3
       3
       3
       3
       5
       3
       6
       7
       5
       4
       1
       3
       5
       3
       1
       4
       3
       2
       1
       1
       4
       2
       3
       2
       3
       1
       3
       1
       3
       2
       1
       2
       3
       3
       1
       3
       1
       5
       3
       3
       2
       6
       3
       4
       3
       1
       4
       5
       4
       0
       1
       3
       4
       7
       1
       3
       1
       2
       5
       3
       3
       4
       3
       1
       3
       1
       3
       4
       9
       4
       2
       1
       2
       1
       6
       5
       6
       5
       3
       1
       3
       5
       4
       3
       2
       2
       3
       1
       4
       3
       3
       2
       8
       3
       3
       5
       1
       2
       4
       7
       4
       3
       5
       5
       3
      10
       5
       6
       4
       3
       4
       3
       1
       6
       0
       3
       2
       3
       5
       1
       2
       3
       6
       2
       5
       4
       2
       4
       3
       4
       4
       7
       3
       1
       2
       4
       3
       4
       2
       2
       1
       6
       5
       1
       1
       4
       3
       5
       4
       1
       5
       3
       1
       5
       6
       5
       2
       3
       3
       2
       0
       2
       5
       3
       4
       2
       7
       2
       5
       8
       4
       3
       3
       5
       3
       4
       3
       5
       2
       4
       4
       2
       5
       1
       4
       3
       3
       4
       5
       6
       3
       4
       2
       6
       2
       7
       2
       2
       5
       2
       0
       3
       1
       8
       5
       6
       3
       3
       1
       3
       4
       3
       3
       1
       5
       3
       4
       1
       5
       4
       2
       4
       5
       3
       6
       4
       8
       2
       2
       4
       5
       5
       3
       2
       3
       4
       5
       3
       4
       3
       6
       6
       6
       3
       2
       4
       2
       3
       4
       5
       4
       7
       4
       1
       2
       1
       3
       2
       4
       6
       3
       4
       5
       2
       6
       3
       4
       6
       3
       2
       4
       4
       1
       4
       4
       3
       1
       5
       4
       2
       2
       1
       2
       1
       3
       4
       5
       4
       2
       1
       4
       2
       4
       4
       3
       4
       3
       2
       2
       3
       1
       2
       4
       5
       4
       4
       3
       1
       1
       2
       3
       7
       5
       6
       5
       2
       3
       3
       1
       4
       4
       5
       3
       8
       3
       2
       3
       4
       3
       3
       4
       4
       2
       5
       4
       5
       1
       4
       6
       2
       4
       2
       3
       2
       8
       3
       4
       3
       1
       2
       5
       1
       4
       1
       5
       5
       4
       4
       6
       2
       2
       2
       1
       4
       3
       2
       4
       5
       5
       4
       1
       6
       7
       7
       1
       1
       3
       3
       4
       1
       1
       4
       2
       3
       4
       3
       4
       6
       4
       5
       5
       4
       4
       7
       0
       3
       5
       4
       1
       7
       2
       3
       4
       2
       1
       5
       1
       4
       7
       0
       4
       2
       1
       2
       2
       2
       3
       4
       2
       7
       5
       5
       7
       3
       4
       1
       4
       0
       3
       5
       4
       4
       2
       4
       4
       3
       2
       5
       5
       6
       6
       5
       5
       3
       1
       2
       5
       2
       4
       4
       0
       3
       5
       3
       5
       4
       5
       4
       5
       4
       0
       4
       5
       2
       4
       5
       3
       4
       5
       4
       3
       6
       4
       3
       7
       4
       3
       0
       4
       5
       4
       4
       3
       5
       5
       2
       4
       1
       2
       3
       2
       3
       2
       3
       5
       4
       4
       3
       1
       7
       1
       2
       3
       3
       6
       1
       2
       3
       2
       4
       2
       3
       2
       5
       6
       6
       4
       2
       3
       4
       1
       4
       7
       6
       2
       3
       3
       6
       6
       1
       3
       3
       1
       5
       0
       3
       3
       4
       2
       1
       6
       2
       1
       5
       4
       5
       5
       1
       5
       0
       4
       3
       7
       2
       6
       3
       3
       4
       5
       4
       0
       5
       4
       2
       6
       0
       1
       1
       1
       4
       3
       5
       2
       1
       6
       5
       1
       2
       2
       3
       7
       2
       3
       4
       2
       2
       0
       0
       5
       7
       3
       4
       3
       3
      12
       3
       2
       2
       6
       2
       2
       1
       4
       2
       2
       3
       2
       5
       3
       1
       1
       3
       5
       5
       2
       2
       4
       3
       3
       0
       1
       3
       1
       6
       5
       3
       6
       4
       4
       2
      10
       5
       3
       1
       4
       4
       4
       4
       2
       1
       5
       5
       3
       4
       2
       5
       2
       2
       2
       3
       3
       3
       5
       1
       3
       2
       0
       2
       1
       5
       4
       0
       2
       2
       4
       5
       4
       1
       4
       3
       0
       0
       3
       1
       5
       0
       5
       1
       3
       1
       0
       7
       1
       1
       3
       3
       2
       4
       2
       2
       2
       1
       4
       1
       3
       2
       0
       1
       1
       2
       2
       1
       3
       4
       5
       4
       4
       1
       1
       4
       6
       2
       2
       6
       5
       2
       5
       2
       1
       2
       0
       2
       4
       5
       3
       4
       1
       3
       4
       1
       3
       3
       2
       1
       2
       3
       4
       2
       2
       1
       2
       2
       1
       2
       2
       2
       5
       2
       0
       1
       3
       1
       2
       1
       3
       3
       2
       2
       0
       4
       2
       5
       7
       5
       4
       3
       6
       0
       4
       2
       0
       1
       2
       3
       4
       2
       1
       4
       1
       1
       1
       3
       1
       5
       1
       5
       1
       2
       5
       2
       1
       0
       3
       3
       4
       5
       1
       4
       3
       3
       2
       2
       5
       4
       1
       3
       2
       2
       1
       2
       5
       4
       4
       4
       1
       6
       4
       1
       5
       2
       1
       0
       2
       4
       1
       2
       6
       3
       4
       3
       0
       0
       0
       0
       0
       0
       0
       0
       0
       0
       0
       0
       0
       0
       0
       0
       0
       0
       0
       0
       0
       0
       0
       0
       0
       0
       0
       0
       0
       0
       0
       0
       0
       0
       0
       0
       0
       0
       0
       0
       0
       0
       0
       0
       0
       0
       0
       0
       0
       0
       0
       0
       0
       0
       0
       0
       0
       0
       0
       0
       0
       0
       0
       0
       0
       0
       0
       0
       0
       0
       0
       0
       0
       0
       0
       0
       0
       0
       0
       0
       0
       0
       0
       0
       0
       0
       0
       0
       0
       0
       0
       0
       0
       0
       0
       0
       0
       0
       0
       0
       0
       0
       0
       0
       0
       0
       0
       0
       0
       0
       0
       0
       0
       0
       0
       0
       0
       0
       0
       0
       0
       0
       0
       0
       0
       0
       0
       0
$ROI:
3
6725 6813
6948 7045
7244 7256
$PRESETS:
None
0
0
$ENER_FIT:
-0.000074 0.728814
$MCA_CAL:
3
-7.366740E-005 7.288145E-001 -2.624510E-006 keV
$SHAPE_CAL:
3
0.000000E+000 0.000000E+000 0.000000E+000
