$SPEC_ID:
No sample description was entered.
$SPEC_REM:
DET# 1
DETDESC# PPF18-07 Easy-MCA-8k SN 14274550
AP# Maestro Version 7.01
$DATE_MEA:
11/22/2022 16:09:03
$MEAS_TIM:
67540 68387
$DATA:
0 8191
       0
       0
       0
       0
       0
       0
       0
       0
       0
       0
       0
       1
       0
       0
       0
       1
       0
       1
       1
       0
       0
       0
       0
       1
       4
   10628
  672636
13421722
  956627
  108902
  130536
  166512
  211560
  249564
  261720
  238496
  190236
  143185
  110418
   89506
   75120
   64767
   55795
   49061
   43035
   39310
   35703
   33121
   31892
   30822
   30305
   30177
   30430
   30502
   30983
   31885
   31898
   32523
   32500
   32621
   32723
   32252
   31790
   31248
   30540
   29582
   28651
   27453
   26443
   25334
   24414
   23562
   22788
   21912
   21158
   20895
   20457
   19776
   19342
   18969
   18600
   18519
   18544
   18399
   18038
   17847
   17807
   17495
   17513
   17347
   17498
   16990
   16631
   17364
   17013
   16622
   16663
   16588
   16355
   16088
   15995
   15928
   16025
   15768
   15806
   15796
   15580
   15587
   15456
   15421
   15253
   15049
   15193
   15201
   14974
   14656
   14688
   14794
   14408
   14368
   14369
   14598
   14261
   14177
   14058
   14119
   13927
   14013
   13775
   13794
   13884
   13833
   13737
   13544
   13421
   13509
   13344
   13281
   13096
   13274
   13119
   13025
   12919
   12887
   12835
   12807
   12672
   12595
   12752
   12649
   12663
   12373
   12549
   12159
   12291
   12401
   11954
   11912
   11991
   12273
   11953
   11775
   11533
   11553
   11571
   11526
   11682
   11525
   11476
   11515
   11488
   11352
   11452
   11245
   11300
   11222
   11055
   11126
   11021
   10963
   11097
   10923
   10869
   10926
   10856
   10627
   10584
   10525
   10561
   10464
   10373
   10333
   10506
   10307
   10400
   10247
   10174
   10291
   10151
    9960
    9936
    9937
   10110
    9966
   10015
    9755
    9633
    9897
    9945
    9594
    9638
    9585
    9626
    9625
    9553
    9398
    9417
    9377
    9308
    9409
    9274
    9194
    9436
    9184
    8989
    8963
    9024
    9062
    9034
    8814
    8919
    8922
    8881
    8567
    8842
    8793
    8809
    8708
    8660
    8708
    8552
    8563
    8567
    8487
    8430
    8574
    8383
    8342
    8395
    8411
    8390
    8233
    8214
    8108
    8005
    8252
    8108
    8344
    7997
    8057
    8067
    8070
    7775
    7763
    7975
    7825
    7788
    7783
    7610
    7679
    7831
    7595
    7752
    7678
    7441
    7374
    7543
    7586
    7468
    7263
    7606
    7528
    7413
    7232
    7247
    7083
    7374
    7233
    7166
    7097
    7294
    7170
    7188
    7154
    7067
    6999
    7104
    6998
    7019
    6895
    6941
    6863
    6925
    6699
    6916
    6808
    6855
    6749
    6764
    6646
    6673
    6642
    6790
    6567
    6626
    6565
    6545
    6533
    6507
    6642
    6590
    6349
    6451
    6349
    6283
    6329
    6353
    6464
    6462
    6330
    6301
    6158
    6055
    6233
    6179
    6186
    6150
    6216
    6106
    6022
    6053
    6085
    6048
    5902
    5952
    5866
    5937
    5957
    6002
    5798
    5813
    5800
    5849
    5777
    5921
    5672
    5696
    5713
    5693
    5697
    5606
    5654
    5593
    5640
    5596
    5612
    5688
    5491
    5540
    5574
    5434
    5597
    5484
    5589
    5197
    5347
    5376
    5443
    5312
    5278
    5241
    5250
    5464
    5328
    5195
    5236
    5296
    5115
    5245
    5206
    5193
    5068
    5085
    5101
    5140
    5091
    5066
    5016
    5090
    5040
    4973
    4984
    5005
    4945
    4936
    4882
    4914
    4804
    4979
    4855
    4720
    4728
    4806
    4843
    4798
    4681
    4714
    4720
    4635
    4823
    4665
    4684
    4589
    4570
    4684
    4625
    4596
    4579
    4506
    4554
    4520
    4582
    4426
    4536
    4526
    4558
    4520
    4454
    4387
    4377
    4365
    4361
    4196
    4378
    4463
    4357
    4348
    4276
    4281
    4306
    4217
    4244
    4207
    4260
    4267
    4226
    4219
    4142
    4198
    4123
    4106
    4268
    4142
    4035
    4094
    4043
    4115
    3992
    4035
    4039
    4022
    4052
    4069
    3958
    3950
    3969
    4033
    3928
    3950
    3817
    3913
    3936
    3922
    3722
    3773
    3742
    3815
    3824
    3735
    3889
    3864
    3874
    3694
    3714
    3808
    3751
    3790
    3800
    3694
    3749
    3793
    3582
    3812
    3658
    3634
    3606
    3598
    3421
    3557
    3599
    3575
    3543
    3619
    3518
    3549
    3574
    3486
    3347
    3408
    3489
    3451
    3395
    3527
    3463
    3294
    3450
    3447
    3361
    3445
    3370
    3372
    3303
    3292
    3380
    3308
    3230
    3295
    3346
    3266
    3308
    3257
    3204
    3232
    3112
    3189
    3253
    3273
    3292
    3178
    3161
    3113
    3123
    3064
    3192
    3164
    3156
    3138
    3079
    3167
    3078
    2960
    3133
    3081
    2986
    3025
    3048
    2973
    3055
    3027
    2999
    2982
    3031
    2988
    2866
    3014
    2929
    2990
    2921
    2881
    2943
    2897
    2892
    2842
    2947
    2873
    2840
    2795
    2750
    2855
    2936
    2779
    2763
    2742
    2819
    2774
    2753
    2772
    2734
    2748
    2760
    2754
    2760
    2730
    2715
    2681
    2673
    2681
    2757
    2631
    2653
    2667
    2628
    2605
    2594
    2644
    2551
    2578
    2544
    2502
    2515
    2578
    2534
    2580
    2534
    2493
    2599
    2491
    2581
    2529
    2570
    2500
    2459
    2431
    2464
    2399
    2465
    2409
    2426
    2408
    2426
    2323
    2420
    2398
    2418
    2421
    2305
    2458
    2316
    2337
    2383
    2389
    2305
    2278
    2327
    2364
    2347
    2332
    2366
    2302
    2328
    2316
    2259
    2293
    2178
    2216
    2210
    2282
    2294
    2195
    2218
    2314
    2179
    2245
    2147
    2216
    2167
    2201
    2125
    2191
    2202
    2117
    2193
    2147
    2146
    2196
    2017
    2037
    2050
    2107
    2057
    2038
    2057
    1984
    2071
    2096
    2026
    2098
    2054
    2080
    2023
    2048
    2010
    2037
    2041
    2003
    1984
    2003
    1985
    1971
    2000
    2008
    1965
    1934
    1958
    1870
    1948
    1934
    1855
    1890
    1964
    1933
    1856
    1866
    1830
    1928
    1856
    1959
    1856
    1872
    1827
    1835
    1822
    1827
    1830
    1783
    1815
    1748
    1803
    1864
    1790
    1768
    1811
    1757
    1743
    1767
    1825
    1779
    1778
    1781
    1784
    1730
    1721
    1710
    1821
    1744
    1706
    1712
    1716
    1669
    1672
    1684
    1675
    1720
    1607
    1717
    1676
    1648
    1699
    1729
    1689
    1656
    1579
    1600
    1635
    1613
    1672
    1636
    1607
    1617
    1575
    1583
    1526
    1601
    1555
    1547
    1620
    1550
    1560
    1554
    1542
    1604
    1567
    1532
    1534
    1497
    1523
    1587
    1505
    1566
    1555
    1505
    1517
    1555
    1454
    1488
    1484
    1476
    1474
    1407
    1447
    1439
    1451
    1489
    1457
    1399
    1425
    1383
    1403
    1446
    1412
    1384
    1416
    1377
    1423
    1457
    1370
    1438
    1368
    1341
    1360
    1316
    1356
    1365
    1350
    1324
    1323
    1370
    1333
    1349
    1237
    1344
    1348
    1281
    1320
    1277
    1259
    1314
    1294
    1305
    1296
    1224
    1326
    1230
    1256
    1252
    1320
    1290
    1261
    1312
    1271
    1341
    1227
    1216
    1223
    1209
    1201
    1243
    1231
    1147
    1216
    1215
    1263
    1128
    1180
    1158
    1125
    1163
    1198
    1187
    1206
    1154
    1161
    1163
    1125
    1164
    1140
    1108
    1112
    1120
    1116
    1084
    1108
    1139
    1103
    1115
    1129
    1121
    1093
    1100
    1053
    1068
    1132
    1120
    1107
    1061
    1078
    1066
    1054
    1083
    1031
    1119
    1026
     989
    1081
    1035
    1045
    1019
    1008
    1012
     990
    1094
     967
    1035
     929
    1051
     975
    1029
    1012
    1002
    1016
    1015
     975
     930
     956
     951
    1023
     972
     951
     901
     906
     970
     915
     907
     909
     884
     924
     906
     966
     932
     894
     927
     887
     863
     889
     909
     909
     913
     908
     909
     854
     900
     919
     900
     850
     888
     872
     858
     907
     861
     875
     842
     930
     847
     821
     880
     863
     907
     853
     858
     839
     867
     831
     848
     814
     804
     851
     820
     829
     781
     795
     818
     775
     797
     819
     811
     816
     781
     724
     832
     751
     779
     724
     781
     813
     760
     751
     757
     710
     817
     800
     733
     710
     763
     735
     755
     705
     717
     749
     739
     758
     705
     710
     763
     751
     703
     738
     681
     715
     713
     684
     704
     687
     724
     670
     679
     637
     653
     722
     699
     683
     698
     637
     686
     686
     677
     653
     659
     660
     640
     665
     612
     727
     640
     683
     626
     667
     661
     638
     609
     673
     612
     650
     635
     604
     633
     648
     622
     641
     648
     562
     625
     592
     606
     502
     596
     616
     597
     570
     573
     597
     605
     559
     627
     582
     600
     568
     563
     603
     572
     561
     598
     564
     544
     543
     528
     502
     577
     536
     582
     546
     515
     543
     547
     567
     544
     529
     561
     526
     520
     542
     533
     566
     520
     509
     535
     545
     485
     505
     482
     501
     527
     512
     516
     486
     500
     503
     502
     502
     476
     492
     490
     504
     474
     521
     461
     512
     475
     487
     460
     491
     458
     450
     473
     480
     466
     461
     429
     494
     488
     470
     423
     452
     449
     443
     413
     489
     424
     449
     443
     413
     437
     462
     420
     407
     430
     412
     412
     404
     404
     450
     408
     427
     440
     421
     379
     424
     395
     388
     395
     390
     389
     391
     381
     407
     370
     395
     396
     386
     380
     399
     387
     403
     374
     366
     362
     357
     394
     378
     385
     377
     387
     387
     381
     375
     372
     399
     353
     326
     363
     360
     364
     346
     357
     330
     338
     355
     351
     333
     361
     370
     355
     371
     356
     344
     356
     333
     323
     334
     371
     314
     313
     336
     351
     328
     337
     364
     328
     315
     313
     327
     307
     335
     296
     352
     306
     347
     320
     313
     297
     325
     313
     313
     314
     290
     315
     291
     294
     320
     280
     305
     267
     318
     294
     288
     292
     276
     312
     272
     290
     275
     292
     298
     298
     289
     266
     282
     285
     308
     274
     305
     282
     265
     285
     253
     268
     272
     265
     279
     241
     226
     263
     294
     271
     261
     276
     238
     237
     263
     262
     275
     247
     231
     265
     239
     267
     240
     244
     249
     261
     255
     224
     249
     197
     238
     222
     228
     243
     238
     213
     252
     249
     233
     233
     227
     238
     224
     239
     233
     214
     230
     207
     219
     260
     219
     226
     209
     210
     215
     206
     228
     217
     210
     213
     192
     190
     203
     193
     208
     222
     220
     217
     207
     194
     211
     196
     221
     192
     187
     197
     206
     205
     185
     177
     206
     223
     175
     186
     194
     200
     195
     209
     211
     191
     212
     181
     205
     157
     181
     192
     179
     173
     191
     198
     163
     159
     166
     154
     167
     150
     174
     128
     179
     154
     189
     164
     168
     169
     172
     183
     163
     168
     202
     162
     154
     174
     185
     166
     157
     167
     172
     162
     144
     153
     159
     162
     155
     161
     161
     148
     136
     170
     152
     144
     147
     153
     161
     166
     140
     167
     155
     133
     125
     162
     146
     148
     140
     135
     137
     177
     144
     140
     135
     144
     109
     132
     135
     121
     138
     119
     103
     157
     136
     135
     147
     137
     125
     129
     134
     150
     149
     125
     124
     136
     127
     127
     116
     118
     125
     133
     132
     129
     141
     140
     107
     120
     112
     114
     111
     130
      95
     115
     136
     100
     107
     117
     118
     114
     119
     106
     125
      95
     116
     123
     128
     107
     113
     138
     105
     109
      98
     115
     122
     101
     108
      97
     131
     110
     103
      93
     100
     107
      86
     119
     101
     116
     115
     110
     104
      93
      99
     107
     100
      85
      94
     112
     112
     105
      97
     104
      83
     113
      87
     109
      93
     106
      82
      97
      99
      92
      91
      83
     103
      88
      87
      88
      89
      74
      86
     105
      88
      74
      86
      84
      71
      84
     104
      91
     106
      95
      80
      81
      84
      87
      76
      93
      59
      91
     100
      87
      76
      83
      87
      77
      69
      78
      83
      80
      88
      72
      66
      73
      86
      78
      66
      53
      75
      71
      65
      85
      87
      80
      73
      77
      70
      75
      76
      66
      72
      67
      63
      62
      64
      83
      77
      60
      62
      67
      64
      68
      67
      81
      65
      72
      68
      65
      76
      60
      53
      62
      74
      70
      67
      52
      68
      48
      73
      70
      64
      65
      62
      62
      68
      65
      70
      62
      56
      55
      82
      60
      51
      68
      54
      54
      61
      58
      65
      58
      51
      65
      62
      66
      52
      59
      52
      67
      47
      59
      60
      66
      58
      64
      52
      56
      47
      57
      54
      51
      40
      56
      45
      53
      48
      38
      56
      56
      48
      50
      50
      46
      41
      40
      57
      60
      50
      52
      64
      63
      49
      40
      41
      55
      54
      60
      55
      43
      38
      45
      45
      42
      35
      49
      46
      45
      47
      52
      57
      53
      49
      47
      39
      46
      38
      50
      45
      51
      37
      41
      37
      38
      57
      53
      42
      35
      39
      37
      40
      45
      41
      42
      38
      47
      42
      45
      34
      33
      35
      41
      43
      39
      37
      33
      35
      39
      50
      40
      27
      38
      39
      35
      43
      31
      35
      39
      27
      33
      45
      24
      38
      34
      34
      42
      51
      43
      36
      41
      39
      32
      32
      44
      35
      44
      43
      37
      43
      39
      23
      45
      35
      42
      30
      25
      31
      36
      29
      20
      27
      37
      38
      35
      22
      30
      23
      38
      27
      24
      31
      37
      31
      31
      30
      36
      28
      31
      29
      24
      32
      24
      37
      32
      21
      27
      31
      22
      29
      28
      30
      36
      32
      29
      25
      41
      35
      28
      29
      27
      20
      35
      32
      42
      19
      23
      31
      40
      16
      32
      29
      34
      27
      25
      25
      33
      22
      33
      24
      36
      21
      31
      20
      26
      24
      22
      21
      22
      18
      31
      20
      25
      22
      25
      30
      19
      24
      29
      30
      28
      23
      19
      18
      19
      18
      29
      31
      13
      16
      27
      29
      24
      27
      21
      17
      30
      24
      29
      20
      30
      22
      20
      23
      16
      16
      18
      24
      28
      36
      25
      22
      20
      21
      16
      21
      26
      19
      24
      28
      20
      18
      20
      19
      20
      28
      29
      23
      24
      28
      22
      22
      16
      22
      28
      19
      18
      10
      21
      26
      16
      28
      29
      21
      19
      31
      26
      16
      18
      19
      15
      19
      27
      22
      24
      16
      14
      17
      16
      20
      17
      18
      22
      12
      13
      14
      25
      19
      17
      17
      16
      24
      17
      23
      23
      19
      15
      15
      15
      20
      23
      13
      16
      19
      28
      20
      17
      12
      14
      17
      18
      18
      10
      19
      14
      11
      17
      17
      17
      18
      17
      17
      15
      11
      13
      17
      14
      14
      23
       9
       5
      13
      23
      20
      20
       3
      14
      18
      16
      17
      16
      16
      15
      10
      15
      20
      16
      15
      17
      17
      17
       9
      12
      16
      21
      11
      13
      11
      13
      18
      12
      17
      13
       9
      14
      11
      18
      12
      10
       8
      15
      13
      17
       8
      17
      11
      13
      10
      12
       9
      23
      17
      15
      11
      13
       8
      19
      18
      14
      13
      11
      12
      17
      13
      16
      15
       7
      10
      19
       7
      14
       9
       9
      20
      18
      16
      20
      18
      16
      15
      12
       9
      19
       4
      13
      12
      18
      13
      12
      23
      15
      20
      11
       9
      11
      16
       6
      14
       8
      22
      13
      11
      13
       6
      10
       9
      18
      14
      12
       6
      10
      15
       8
      21
      16
      14
      15
      10
      16
      17
      17
      13
      13
      12
      13
      17
       8
       9
      13
      20
      13
      14
      12
      10
      10
      15
      12
      13
       4
      16
      11
      12
      12
       8
      17
      15
      14
      13
      11
      18
       8
      12
      13
      20
      20
      18
      16
      11
       6
       8
      12
      14
      11
      19
       8
      14
       9
      10
       7
      16
      12
       9
      18
      10
      16
      12
      12
      17
       9
       9
      16
      21
      14
      17
      13
       7
      11
      13
      11
      11
      14
      10
      20
      12
      21
       7
      14
       5
      15
      13
      14
      11
      15
       5
      10
      10
      12
      13
      14
       6
      14
       8
       9
      17
      15
      20
      12
      15
      20
      10
      11
      10
      15
      15
       7
      14
      11
       7
       9
      12
       9
      12
       7
      11
      12
      10
      13
      17
      15
      10
      17
       8
      16
       6
       8
      12
       9
      11
      20
       6
      17
      12
      16
      10
       9
      13
       7
       5
      13
       8
       9
       6
       5
       9
      17
      17
      11
      11
      17
      13
      14
       9
      15
       8
       7
      10
      10
       9
       9
       8
      11
       7
       4
       8
      12
      12
      17
       9
      17
       6
      10
      15
      16
      16
      10
      11
      14
      11
      13
      13
       9
      14
      15
       9
      12
      13
      12
       8
       5
      13
      10
      17
      20
      10
      11
      13
      16
      10
      15
      12
       8
      17
       4
      10
      14
       9
      14
      11
       7
      11
      13
      18
      15
       5
       9
       4
      12
       8
      15
      10
      13
      14
      10
      15
       8
      11
      13
      14
       9
      15
       6
      17
      15
      13
      12
      10
      10
       6
       7
      14
      10
       6
      12
      19
      11
      16
      13
      17
      13
      13
       9
      13
      10
       6
      15
      16
      12
      13
      10
       9
       9
      14
      23
      12
       9
       8
      13
      13
       6
       8
      10
      16
       8
      14
       7
       9
      13
      12
      12
      11
      15
      18
      10
       7
      11
       5
      12
       5
      17
      11
      12
       8
      13
      12
       8
      16
      12
      14
       8
      10
      13
      12
      14
      11
      13
      13
      17
      10
      11
       8
      11
      14
       7
      13
      13
       9
       8
      12
      16
       9
      11
      13
      12
       6
      20
       8
      14
       9
      10
      13
      11
       9
      15
      11
      11
      11
      16
      19
      18
      10
      13
      10
      10
      12
      11
      16
       7
      13
      19
      16
      12
       7
      19
      11
      13
      17
      15
      10
      15
      13
      16
      11
      13
      17
      17
       9
      12
      12
      15
      13
      14
      13
      10
      18
      16
      18
      14
      14
       7
      10
      11
      10
      16
      15
      13
       5
      21
      17
      18
      14
      18
       6
      17
       9
      17
      15
      10
      15
      15
      12
      14
      13
      16
      11
      16
       8
      18
      21
      19
      17
      13
      16
      13
      16
      12
      11
      13
      17
      11
      13
      14
      16
      13
      19
      11
      10
      14
      17
      20
      14
      15
      24
      17
      16
      15
      12
      15
      14
      13
      23
      15
      16
      13
      10
      12
       9
      13
       9
      19
      23
      17
      14
      15
      10
      12
      12
      15
      18
      16
      16
      12
      17
      10
      18
      13
      13
      25
      11
      18
      17
      13
      16
      15
      16
      16
      13
      17
      18
      10
      16
      14
      19
      15
      17
      14
      13
       7
      13
      18
      15
       9
      18
      11
      12
      14
       7
      10
       8
       8
      14
      10
      11
      16
      15
       9
      13
      14
      16
      17
      15
       6
      13
      12
      23
      14
      20
      15
       9
      10
      10
      10
      14
      13
      16
      15
      16
      13
      22
      14
       7
      15
       8
      12
      16
      12
      15
       9
      11
      11
      16
      10
      13
      11
      13
      14
      10
       8
      17
      15
      14
      13
      17
       9
       9
       6
       9
      12
      12
       9
       9
       9
      14
       9
       7
      15
      10
       8
      12
       8
       9
      17
       7
      11
      10
       6
       9
      10
      16
      10
      14
       8
      10
       6
      10
      12
       9
      15
       8
       9
       9
      11
       6
      11
      13
       8
       5
       8
      10
       6
      12
       7
       4
      15
       4
      11
       7
       9
       5
      10
       5
       7
       6
       5
       8
       7
       5
      10
      14
       9
      11
       9
       5
       5
       8
       6
       6
       4
       6
       6
       7
       3
       7
       7
       5
      10
      10
       6
       3
       5
       4
       3
       5
       7
       6
       7
      10
       4
       6
       1
       5
       5
       6
       6
       3
       5
       3
       3
       3
       4
       4
       4
       2
       2
       1
       3
       5
       3
       3
       1
       0
       4
       2
       1
       2
       3
       4
       5
       3
       2
       2
       3
       5
       0
       3
       0
       5
       4
       4
       6
       1
       2
       3
       5
       2
       1
       6
       1
       3
       4
       1
       3
       0
       2
       1
       1
       0
       2
       1
       1
       3
       2
       0
       0
       7
       2
       1
       1
       3
       4
       2
       2
       3
       1
       1
       0
       0
       2
       1
       1
       1
       0
       0
       2
       0
       1
       1
       1
       1
       2
       1
       0
       1
       4
       0
       1
       0
       0
       0
       0
       2
       1
       1
       3
       2
       0
       0
       1
       0
       3
       2
       0
       4
       2
       0
       2
       1
       1
       1
       1
       0
       1
       1
       1
       0
       1
       0
       2
       0
       0
       1
       0
       0
       0
       0
       0
       1
       0
       0
       1
       0
       1
       1
       0
       0
       0
       2
       0
       0
       0
       0
       0
       0
       0
       1
       0
       1
       1
       1
       0
       0
       0
       0
       0
       1
       1
       1
       0
       0
       0
       0
       0
       0
       0
       0
       0
       0
       0
       0
       0
       0
       0
       0
       0
       0
       0
       0
       0
       1
       0
       0
       0
       0
       0
       0
       0
       0
       0
       0
       0
       0
       0
       0
       1
       0
       0
       0
       0
       0
       0
       1
       0
       0
       0
       0
       0
       0
       0
       0
       0
       0
       0
       0
       0
       0
       0
       0
       0
       0
       0
       0
       0
       0
       0
       0
       0
       0
       0
       0
       0
       0
       0
       0
       0
       0
       0
       0
       0
       0
       0
       0
       0
       0
       0
       0
       0
       0
       0
       0
       0
       0
       0
       0
       0
       0
       0
       0
       0
       0
       0
       0
       0
       0
       0
       0
       0
       0
       0
       0
       0
       0
       0
       0
       0
       0
       0
       0
       0
       0
       0
       0
       0
       0
       0
       0
       0
       0
       0
       0
       0
       1
       0
       0
       0
       0
       0
       0
       0
       0
       0
       0
       0
       0
       0
       0
       0
       0
       0
       0
       0
       0
       0
       0
       0
       0
       0
       0
       0
       0
       0
       0
       0
       0
       0
       0
       0
       0
       0
       0
       0
       0
       0
       0
       0
       0
       0
       0
       0
       0
       0
       0
       0
       0
       0
       0
       0
       0
       0
       0
       0
       0
       0
       0
       0
       0
       0
       0
       0
       0
       0
       0
       0
       0
       0
       0
       0
       0
       0
       0
       0
       0
       0
       0
       0
       0
       0
       0
       0
       0
       0
       0
       0
       0
       0
       0
       0
       0
       0
       0
       0
       0
       0
       0
       0
       0
       0
       0
       0
       0
       0
       0
       0
       0
       0
       0
       0
       0
       0
       0
       0
       0
       0
       0
       0
       0
       0
       0
       0
       0
       0
       0
       0
       0
       0
       0
       0
       0
       0
       0
       0
       0
       0
       0
       0
       0
       0
       0
       0
       0
       0
       0
       0
       0
       0
       0
       0
       0
       0
       0
       0
       0
       0
       0
       0
       0
       0
       0
       0
       0
       0
       0
       0
       0
       0
       0
       0
       0
       0
       0
       0
       0
       0
       0
       0
       0
       0
       0
       0
       0
       0
       0
       0
       0
       0
       0
       0
       0
       0
       0
       0
       0
       0
       0
       0
       0
       0
       0
       0
       0
       0
       0
       0
       0
       0
       0
       0
       0
       0
       0
       0
       0
       0
       0
       0
       0
       0
       0
       0
       0
       0
       0
       0
       0
       0
       0
       0
       0
       0
       0
       0
       0
       0
       0
       0
       0
       0
       0
       0
       0
       0
       0
       0
       0
       0
       0
       0
       0
       0
       0
       0
       0
       0
       0
       0
       0
       0
       0
       0
       0
       0
       0
       0
       0
       0
       0
       0
       0
       0
       0
       0
       0
       0
       0
       0
       0
       0
       0
       0
       0
       0
       0
       0
       0
       0
       0
       0
       0
       0
       0
       0
       0
       0
       0
       0
       0
       0
       0
       0
       0
       0
       0
       0
       0
       0
       0
       0
       0
       0
       0
       0
       0
       0
       0
       0
       0
       0
       0
       0
       0
       0
       0
       0
       0
       0
       0
       0
       0
       0
       0
       0
       0
       0
       0
       0
       0
       0
       0
       0
       0
       0
       0
       0
       0
       0
       0
       0
       0
       0
       0
       0
       0
       0
       0
       0
       0
       0
       0
       0
       0
       0
       0
       0
       0
       0
       0
       0
       0
       0
       0
       0
       0
       0
       0
       0
       0
       0
       0
       0
       0
       0
       0
       0
       0
       0
       0
       0
       0
       0
       0
       0
       0
       0
       0
       0
       0
       0
       0
       0
       0
       0
       0
       0
       0
       0
       0
       0
       0
       0
       0
       0
       0
       0
       0
       0
       0
       0
       0
       0
       0
       0
       0
       0
       0
       0
       0
       0
       0
       0
       0
       0
       0
       0
       0
       0
       0
       0
       0
       0
       0
       0
       0
       0
       0
       0
       0
       0
       0
       0
       0
       0
       0
       0
       0
       0
       0
       0
       0
       0
       0
       0
       0
       0
       0
       0
       0
       0
       0
       0
       0
       0
       0
       0
       0
       0
       0
       0
       0
       0
       0
       1
       0
       0
       0
       0
       0
       0
       0
       0
       0
       0
       0
       0
       0
       0
       0
       0
       0
       0
       0
       0
       0
       0
       0
       0
       0
       0
       0
       0
       0
       0
       0
       0
       0
       0
       0
       0
       0
       0
       0
       0
       0
       0
       0
       0
       0
       0
       0
       0
       0
       0
       0
       0
       0
       0
       0
       0
       0
       0
       0
       0
       0
       0
       0
       0
       0
       0
       0
       0
       0
       0
       0
       0
       0
       0
       0
       0
       0
       0
       0
       0
       0
       0
       0
       0
       0
       0
       0
       0
       0
       0
       0
       0
       0
       0
       0
       0
       0
       0
       0
       0
       0
       0
       0
       0
       0
       0
       0
       0
       0
       0
       0
       0
       0
       0
       0
       0
       0
       0
       0
       0
       0
       0
       0
       0
       0
       0
       0
       0
       0
       0
       0
       0
       0
       0
       0
       0
       0
       0
       0
       0
       0
       0
       0
       0
       0
       0
       0
       0
       0
       0
       0
       0
       0
       0
       0
       0
       0
       0
       0
       0
       0
       0
       0
       0
       0
       0
       0
       0
       0
       0
       0
       0
       0
       0
       0
       0
       0
       0
       0
       0
       0
       0
       0
       0
       0
       0
       0
       0
       0
       0
       0
       0
       0
       0
       0
       0
       0
       0
       0
       0
       0
       0
       0
       0
       0
       0
       0
       0
       0
       0
       0
       0
       0
       0
       0
       0
       0
       0
       0
       0
       0
       0
       0
       0
       0
       0
       0
       0
       0
       0
       0
       0
       0
       0
       0
       0
       0
       0
       0
       0
       0
       0
       0
       0
       0
       0
       0
       0
       0
       0
       0
       0
       0
       0
       0
       0
       0
       0
       0
       0
       0
       0
       0
       0
       0
       0
       0
       0
       0
       0
       0
       0
       0
       0
       0
       0
       0
       0
       0
       0
       0
       0
       0
       0
       0
       0
       0
       0
       0
       0
       0
       0
       0
       0
       0
       0
       0
       0
       0
       0
       0
       0
       0
       0
       0
       0
       0
       0
       0
       0
       0
       0
       0
       0
       0
       0
       0
       0
       0
       0
       0
       0
       0
       0
       0
       0
       0
       0
       0
       0
       0
       0
       0
       0
       0
       0
       0
       0
       0
       0
       0
       0
       0
       0
       0
       0
       0
       0
       0
       0
       0
       0
       0
       0
       0
       0
       0
       0
       0
       0
       0
       0
       0
       0
       0
       0
       0
       0
       0
       0
       0
       0
       0
       0
       0
       0
       0
       0
       0
       0
       0
       0
       0
       0
       0
       0
       0
       0
       0
       0
       0
       0
       0
       0
       0
       0
       0
       0
       0
       0
       0
       0
       0
       0
       0
       0
       0
       0
       0
       0
       0
       0
       0
       0
       0
       0
       0
       0
       0
       0
       0
       0
       0
       0
       0
       0
       0
       0
       0
       0
       0
       0
       0
       0
       0
       0
       0
       0
       0
       0
       0
       0
       0
       0
       0
       0
       0
       0
       0
       0
       0
       0
       0
       0
       0
       0
       0
       0
       0
       0
       0
       0
       0
       0
       0
       0
       0
       0
       0
       0
       0
       0
       0
       0
       0
       0
       0
       0
       0
       0
       0
       0
       0
       0
       0
       0
       0
       0
       0
       0
       0
       0
       0
       0
       0
       0
       0
       0
       0
       0
       0
       0
       0
       0
       0
       0
       0
       0
       0
       0
       0
       0
       0
       0
       0
       0
       0
       0
       0
       0
       0
       0
       0
       0
       0
       0
       0
       0
       0
       0
       0
       0
       0
       0
       0
       0
       0
       0
       0
       0
       0
       0
       0
       0
       0
       0
       0
       0
       0
       0
       0
       0
       0
       0
       0
       0
       0
       0
       0
       0
       0
       0
       0
       0
       0
       0
       0
       0
       0
       0
       0
       0
       0
       0
       0
       0
       0
       0
       0
       0
       0
       1
       0
       0
       0
       0
       0
       0
       0
       0
       0
       0
       0
       0
       0
       0
       0
       0
       0
       0
       0
       0
       0
       1
       0
       0
       0
       0
       0
       0
       0
       0
       0
       0
       0
       0
       0
       0
       0
       0
       0
       0
       0
       0
       1
       0
       0
       0
       0
       0
       0
       0
       0
       0
       0
       0
       0
       0
       0
       0
       0
       0
       0
       0
       0
       0
       0
       0
       0
       0
       0
       0
       0
       0
       0
       0
       0
       0
       0
       0
       0
       0
       0
       0
       0
       0
       0
       0
       0
       0
       0
       0
       0
       0
       0
       0
       0
       0
       0
       0
       0
       0
       0
       0
       0
       0
       0
       0
       0
       0
       0
       0
       0
       0
       0
       0
       0
       0
       0
       0
       0
       0
       0
       0
       0
       0
       0
       0
       0
       0
       0
       0
       0
       0
       0
       0
       0
       0
       0
       0
       0
       0
       0
       0
       0
       0
       0
       0
       0
       0
       0
       0
       0
       0
       0
       0
       0
       0
       0
       0
       0
       0
       0
       0
       0
       0
       0
       0
       0
       0
       0
       0
       0
       0
       0
       0
       0
       0
       0
       0
       0
       0
       0
       0
       0
       0
       0
       0
       0
       0
       0
       0
       0
       0
       0
       0
       0
       0
       0
       0
       0
       0
       0
       0
       0
       0
       0
       0
       0
       0
       0
       0
       0
       0
       0
       0
       0
       0
       0
       0
       0
       0
       0
       0
       0
       0
       0
       0
       0
       0
       0
       0
       0
       0
       0
       0
       0
       0
       0
       0
       0
       0
       0
       0
       0
       0
       0
       0
       0
       0
       0
       0
       0
       0
       0
       0
       0
       0
       0
       0
       0
       0
       0
       0
       0
       0
       0
       0
       0
       0
       0
       0
       0
       0
       0
       0
       0
       0
       0
       0
       0
       0
       0
       0
       0
       0
       0
       0
       0
       0
       0
       0
       0
       0
       0
       0
       0
       0
       0
       0
       0
       0
       0
       0
       0
       0
       0
       0
       0
       0
       0
       0
       0
       0
       0
       0
       0
       0
       0
       0
       0
       0
       0
       0
       0
       0
       0
       0
       0
       0
       0
       0
       0
       0
       0
       0
       0
       0
       0
       0
       0
       0
       0
       0
       0
       0
       0
       0
       0
       0
       0
       0
       0
       0
       0
       0
       0
       0
       0
       0
       0
       0
       0
       0
       0
       0
       0
       0
       0
       0
       0
       0
       0
       0
       0
       0
       0
       0
       0
       0
       0
       0
       0
       0
       0
       0
       0
       0
       0
       0
       0
       0
       0
       0
       0
       0
       0
       0
       0
       0
       0
       0
       0
       0
       0
       0
       0
       0
       0
       0
       0
       0
       0
       0
       0
       0
       0
       0
       0
       0
       0
       0
       0
       0
       0
       0
       0
       0
       0
       0
       0
       0
       0
       0
       0
       0
       0
       0
       0
       0
       0
       0
       0
       0
       0
       0
       0
       0
       0
       0
       0
       0
       0
       0
       0
       0
       0
       0
       0
       0
       0
       0
       0
       0
       0
       0
       0
       0
       0
       0
       0
       0
       0
       0
       0
       0
       0
       0
       0
       0
       0
       0
       0
       0
       0
       0
       0
       0
       0
       0
       0
       0
       0
       0
       0
       0
       0
       0
       0
       0
       0
       0
       0
       0
       0
       0
       0
       0
       0
       0
       0
       0
       0
       0
       0
       0
       0
       0
       0
       0
       0
       0
       0
       0
       0
       0
       0
       0
       0
       0
       0
       0
       0
       0
       0
       0
       0
       0
       0
       0
       0
       0
       0
       0
       0
       0
       0
       0
       0
       0
       0
       0
       0
       0
       0
       0
       0
       0
       0
       0
       0
       0
       0
       0
       0
       0
       0
       0
       0
       0
       0
       0
       0
       0
       0
       0
       0
       0
       0
       0
       0
       0
       0
       0
       0
       0
       0
       0
       0
       0
       0
       0
       0
       0
       0
       0
       0
       0
       0
       0
       0
       0
       0
       0
       0
       0
       0
       0
       0
       0
       0
       0
       0
       0
       0
       0
       0
       0
       0
       0
       0
       0
       0
       0
       0
       0
       0
       0
       0
       0
       0
       0
       0
       0
       0
       0
       0
       0
       0
       0
       0
       0
       0
       0
       0
       0
       0
       0
       0
       0
       0
       0
       0
       0
       0
       0
       0
       0
       0
       0
       0
       0
       0
       0
       0
       0
       0
       1
       0
       0
       0
       0
       0
       0
       0
       0
       0
       0
       0
       0
       0
       0
       0
       0
       0
       0
       0
       0
       0
       0
       0
       0
       0
       0
       0
       0
       0
       0
       0
       0
       0
       0
       0
       0
       0
       0
       0
       0
       0
       0
       0
       0
       0
       0
       0
       0
       0
       0
       0
       0
       0
       0
       0
       0
       0
       0
       0
       0
       0
       0
       0
       0
       0
       0
       0
       0
       0
       0
       0
       0
       0
       0
       0
       0
       0
       0
       0
       0
       0
       0
       0
       0
       0
       0
       0
       0
       0
       0
       0
       0
       0
       0
       0
       0
       0
       0
       0
       0
       0
       0
       0
       1
       0
       0
       0
       0
       0
       0
       0
       0
       0
       0
       0
       0
       0
       0
       0
       0
       0
       0
       0
       0
       0
       0
       0
       0
       0
       0
       0
       0
       0
       0
       0
       0
       0
       0
       0
       0
       0
       0
       0
       0
       0
       0
       0
       0
       0
       0
       0
       0
       0
       0
       0
       0
       0
       0
       0
       0
       0
       0
       0
       0
       0
       0
       0
       0
       0
       0
       0
       0
       0
       0
       0
       0
       0
       0
       0
       0
       0
       0
       0
       0
       0
       0
       0
       0
       0
       0
       0
       0
       0
       0
       0
       0
       0
       0
       0
       0
       0
       0
       0
       0
       0
       0
       0
       0
       0
       0
       0
       0
       0
       0
       0
       0
       0
       0
       0
       0
       0
       0
       0
       0
       0
       0
       0
       0
       0
       0
       0
       0
       1
       0
       0
       0
       0
       1
       0
       0
       0
       0
       0
       0
       0
       0
       0
       0
       0
       0
       0
       0
       0
       0
       0
       0
       0
       0
       0
       0
       0
       0
       0
       0
       0
       0
       0
       0
       0
       0
       0
       0
       0
       0
       0
       0
       0
       0
       0
       0
       0
       0
       0
       0
       0
       0
       0
       0
       0
       0
       0
       0
       0
       0
       0
       0
       0
       0
       0
       0
       0
       0
       0
       0
       0
       0
       0
       0
       0
       0
       0
       0
       0
       0
       0
       0
       0
       0
       0
       0
       0
       0
       0
       0
       0
       0
       0
       0
       0
       0
       0
       0
       0
       0
       0
       0
       0
       0
       0
       0
       0
       0
       0
       0
       0
       0
       0
       0
       0
       0
       0
       0
       0
       0
       0
       0
       0
       0
       0
       0
       0
       0
       0
       0
       0
       0
       0
       0
       0
       0
       0
       0
       0
       0
       0
       0
       0
       0
       0
       0
       0
       0
       0
       0
       0
       0
       0
       0
       0
       0
       0
       0
       0
       0
       0
       0
       0
       0
       0
       0
       0
       0
       0
       0
       0
       0
       0
       0
       0
       0
       0
       0
       0
       0
       0
       0
       0
       0
       0
       0
       0
       0
       0
       0
       0
       0
       0
       0
       0
       0
       0
       0
       0
       0
       0
       0
       0
       0
       0
       0
       0
       0
       0
       0
       0
       0
       0
       0
       0
       0
       0
       0
       0
       0
       0
       0
       0
       0
       0
       1
       0
       0
       0
       0
       0
       0
       0
       0
       0
       0
       0
       0
       0
       0
       0
       0
       0
       0
       0
       0
       0
       0
       0
       0
       0
       0
       0
       0
       0
       0
       0
       0
       0
       0
       0
       0
       0
       0
       0
       0
       0
       0
       0
       0
       0
       0
       0
       0
       0
       0
       0
       0
       0
       0
       0
       0
       0
       0
       0
       0
       0
       0
       0
       0
       0
       0
       0
       0
       0
       0
       0
       0
       0
       0
       0
       0
       0
       1
       0
       0
       0
       0
       0
       0
       0
       0
       0
       0
       0
       0
       0
       0
       0
       0
       0
       0
       0
       0
       0
       0
       0
       0
       0
       0
       0
       0
       0
       0
       0
       0
       0
       0
       0
       0
       0
       0
       0
       0
       0
       0
       0
       0
       0
       0
       0
       0
       0
       0
       0
       0
       0
       0
       0
       0
       0
       0
       0
       0
       0
       0
       0
       0
       0
       0
       0
       0
       0
       0
       0
       0
       0
       0
       0
       0
       0
       0
       0
       0
       0
       0
       0
       0
       0
       0
       0
       0
       0
       0
       0
       0
       0
       0
       0
       0
       0
       0
       0
       0
       0
       0
       0
       0
       0
       0
       0
       0
       0
       0
       0
       0
       0
       0
       0
       0
       0
       0
       0
       0
       0
       0
       0
       0
       0
       0
       0
       0
       0
       0
       0
       0
       0
       0
       0
       0
       0
       0
       0
       0
       0
       0
       0
       0
       0
       0
       0
       0
       0
       0
       0
       0
       0
       0
       0
       0
       0
       0
       0
       0
       0
       0
       0
       0
       0
       0
       0
       0
       0
       0
       0
       0
       0
       0
       0
       0
       0
       0
       0
       0
       0
       0
       0
       0
       0
       0
       0
       0
       0
       0
       0
       0
       0
       0
       0
       0
       0
       0
       0
       0
       0
       0
       0
       0
       0
       0
       0
       0
       0
       0
       0
       0
       0
       0
       0
       0
       0
       0
       0
       0
       0
       0
       0
       0
       0
       0
       0
       0
       0
       0
       0
       0
       0
       0
       0
       0
       0
       0
       0
       0
       0
       0
       0
       0
       0
       0
       0
       0
       0
       0
       0
       0
       0
       0
       0
       0
       0
       0
       0
       0
       0
       0
       0
       0
       0
       0
       0
       0
       0
       0
       0
       0
       0
       0
       0
       0
       1
       0
       0
       0
       0
       0
       0
       0
       0
       0
       0
       0
       0
       0
       0
       0
       0
       0
       0
       0
       0
       0
       0
       0
       0
       0
       0
       0
       0
       0
       0
       0
       0
       0
       0
       0
       0
       0
       0
       0
       0
       0
       1
       0
       0
       0
       0
       0
       0
       0
       0
       0
       0
       0
       0
       0
       0
       0
       0
       0
       0
       0
       0
       0
       0
       0
       0
       0
       0
       0
       0
       0
       0
       0
       0
       0
       0
       0
       0
       0
       0
       0
       1
       0
       0
       0
       0
       0
       0
       0
       0
       0
       0
       0
       0
       0
       0
       0
       0
       0
       0
       0
       0
       0
       0
       0
       0
       0
       1
       0
       0
       0
       0
       0
       0
       0
       0
       0
       0
       0
       0
       0
       0
       0
       0
       0
       0
       0
       0
       0
       0
       0
       0
       0
       0
       0
       0
       0
       0
       0
       0
       0
       0
       0
       0
       0
       0
       0
       0
       0
       0
       0
       0
       0
       0
       0
       0
       0
       0
       0
       0
       0
       0
       0
       0
       0
       0
       0
       0
       0
       0
       0
       0
       0
       0
       0
       0
       0
       0
       0
       0
       0
       0
       0
       0
       0
       0
       0
       0
       0
       0
       0
       0
       0
       0
       0
       0
       0
       0
       0
       0
       0
       0
       0
       0
       0
       0
       0
       0
       0
       0
       0
       0
       0
       0
       0
       0
       0
       0
       0
       0
       0
       0
       0
       0
       0
       0
       0
       0
       0
       0
       0
       0
       0
       0
       1
       0
       0
       0
       0
       0
       0
       0
       0
       0
       0
       0
       0
       0
       0
       0
       0
       0
       0
       0
       1
       0
       0
       0
       0
       0
       0
       1
       0
       0
       0
       0
       0
       0
       0
       0
       0
       0
       0
       0
       0
       0
       0
       0
       0
       0
       0
       0
       0
       0
       0
       0
       0
       0
       0
       0
       0
       0
       0
       0
       0
       0
       0
       0
       0
       0
       0
       0
       0
       0
       0
       0
       0
       0
       0
       0
       0
       0
       0
       0
       0
       0
       1
       0
       0
       0
       0
       0
       0
       0
       0
       0
       0
       0
       0
       0
       0
       0
       0
       0
       0
       0
       0
       0
       0
       0
       0
       0
       0
       0
       0
       0
       0
       0
       0
       0
       0
       0
       0
       0
       0
       0
       0
       0
       0
       0
       0
       0
       0
       0
       0
       0
       0
       0
       0
       0
       0
       0
       0
       0
       0
       0
       0
       0
       0
       0
       0
       0
       0
       0
       0
       0
       0
       0
       0
       0
       0
       0
       0
       0
       0
       0
       0
       0
       0
       0
       0
       0
       0
       0
       0
       0
       0
       0
       0
       0
       0
       0
       0
       0
       0
       0
       0
       0
       0
       0
       0
       0
       0
       0
       1
       0
       0
       0
       0
       0
       0
       0
       0
       0
       0
       0
       0
       0
       0
       0
       0
       0
       0
       0
       0
       0
       0
       0
       0
       0
       0
       0
       0
       0
       0
       0
       0
       0
       0
       0
       0
       0
       0
       0
       0
       0
       0
       0
       0
       0
       0
       0
       0
       0
       0
       0
       0
       0
       0
       1
       0
       0
       0
       0
       0
       0
       0
       0
       0
       0
       0
       0
       0
       0
       0
       0
       0
       0
       0
       0
       0
       0
       0
       0
       0
       0
       0
       0
       0
       0
       0
       0
       0
       0
       0
       0
       0
       0
       0
       0
       0
       0
       0
       0
       0
       0
       0
       0
       0
       0
       0
       1
       0
       0
       0
       0
       0
       0
       0
       0
       0
       0
       0
       0
       0
       0
       0
       0
       0
       0
       0
       0
       0
       0
       0
       0
       0
       0
       0
       0
       0
       0
       0
       0
       0
       0
       0
       0
       0
       0
       0
       0
       0
       0
       0
       0
       0
       0
       0
       0
       1
       0
       0
       0
       0
       0
       0
       0
       0
       0
       0
       0
       0
       0
       0
       0
       0
       0
       0
       0
       0
       0
       0
       0
       0
       0
       0
       0
       0
       0
       0
       0
       0
       0
       0
       0
       0
       0
       0
       0
       0
       0
       0
       0
       0
       0
       0
       1
       0
       0
       0
       0
       0
       0
       0
       0
       0
       0
       0
       0
       0
       0
       0
       0
       0
       0
       0
       0
       0
       0
       0
       0
       0
       0
       0
       0
       0
       0
       0
       0
       1
       0
       0
       0
       0
       0
       0
       0
       0
       0
       0
       0
       0
       0
       0
       0
       0
       0
       0
       0
       0
       0
       0
       0
       0
       0
       0
       0
       0
       0
       0
       0
       0
       0
       0
       0
       0
       0
       0
       0
       0
       0
       0
       0
       0
       0
       1
       0
       0
       0
       0
       0
       0
       0
       0
       0
       0
       0
       0
       0
       0
       0
       0
       0
       0
       0
       0
       0
       0
       0
       0
       0
       0
       0
       0
       0
       0
       0
       0
       0
       0
       0
       0
       0
       0
       0
       0
       0
       0
       0
       0
       0
       0
       0
       0
       0
       0
       0
       0
       0
       0
       0
       0
       0
       0
       0
       0
       0
       0
       0
       0
       0
       0
       0
       0
       0
       0
       0
       0
       0
       1
       0
       0
       0
       0
       0
       0
       0
       0
       0
       0
       0
       0
       0
       1
       0
       0
       0
       0
       0
       0
       0
       0
       0
       0
       0
       0
       0
       0
       0
       0
       0
       0
       0
       0
       0
       0
       0
       0
       0
       0
       0
       1
       1
       0
       0
       0
       0
       0
       0
       0
       0
       1
       0
       0
       0
       0
       0
       0
       0
       0
       0
       0
       0
       0
       0
       0
       0
       0
       0
       0
       0
       0
       0
       0
       0
       0
       0
       0
       0
       0
       0
       0
       0
       0
       0
       0
       0
       0
       0
       0
       0
       0
       0
       0
       0
       0
       0
       0
       0
       0
       0
       0
       0
       0
       0
       0
       0
       0
       0
       0
       0
       0
       0
       0
       0
       0
       1
       0
       0
       0
       0
       0
       0
       0
       0
       0
       0
       0
       1
       0
       0
       0
       0
       0
       0
       0
       0
       0
       0
       0
       0
       0
       0
       0
       0
       0
       0
       0
       0
       0
       0
       0
       0
       0
       0
       0
       0
       0
       0
       0
       0
       0
       0
       0
       0
       0
       0
       0
       0
       0
       0
       0
       0
       0
       0
       0
       0
       0
       1
       0
       0
       0
       0
       0
       0
       1
       0
       0
       0
       0
       0
       0
       0
       0
       0
       0
       0
       0
       0
       0
       1
       0
       0
       0
       0
       0
       0
       0
       0
       0
       0
       0
       0
       0
       0
       0
       0
       0
       0
       0
       0
       0
       0
       0
       0
       0
       0
       0
       0
       0
       0
       0
       0
       0
       0
       0
       0
       0
       0
       0
       0
       0
       0
       0
       0
       0
       0
       0
       0
       0
       0
       0
       0
       0
       0
       0
       0
       0
       0
       0
       0
       0
       0
       0
       0
       1
       0
       0
       0
       0
       0
       0
       0
       0
       0
       0
       0
       0
       0
       0
       0
       0
       0
       0
       0
       0
       0
       0
       0
       0
       1
       0
       0
       0
       1
       0
       0
       0
       0
       0
       0
       0
       0
       0
       0
       0
       0
       0
       1
       0
       0
       0
       0
       0
       0
       0
       0
       0
       0
       0
       0
       0
       1
       0
       0
       0
       0
       0
       0
       0
       0
       0
       0
       0
       0
       0
       0
       0
       0
       0
       0
       0
       0
       0
       0
       0
       0
       0
       0
       0
       0
       0
       0
       0
       0
       0
       0
       0
       0
       0
       0
       0
       0
       0
       0
       0
       0
       0
       0
       0
       0
       0
       0
       0
       0
       0
       0
       0
       0
       0
       0
       0
       0
       0
       0
       0
       0
       0
       0
       0
       0
       0
       0
       0
       0
       0
       0
       0
       0
       0
       0
       0
       0
       0
       0
       0
       0
       0
       0
       0
       1
       0
       1
       0
       0
       0
       0
       0
       0
       0
       0
       0
       0
       0
       0
       0
       0
       0
       0
       0
       0
       0
       0
       0
       0
       0
       0
       0
       1
       0
       0
       0
       0
       0
       0
       0
       0
       0
       0
       0
       0
       0
       0
       1
       0
       0
       0
       0
       0
       0
       0
       1
       0
       0
       0
       0
       0
       0
       0
       0
       0
       0
       0
       0
       0
       0
       0
       0
       0
       0
       0
       0
       0
       0
       0
       0
       0
       0
       0
       0
       0
       0
       0
       0
       0
       0
       0
       0
       0
       0
       0
       0
       0
       0
       0
       0
       0
       0
       0
       0
       0
       0
       0
       0
       0
       0
       0
       0
       0
       0
       0
       0
       0
       0
       0
       0
       0
       0
       0
       0
       0
       0
       0
       0
       0
       0
       0
       0
       0
       0
       0
       0
       0
       0
       0
       0
       0
       0
       0
       0
       0
       0
       0
       0
       0
       0
       1
       0
       0
       0
       0
       0
       0
       0
       0
       0
       0
       0
       0
       0
       0
       0
       0
       0
       0
       0
       0
       0
       0
       0
       0
       0
       0
       0
       0
       0
       0
       0
       0
       0
       0
       0
       0
       0
       0
       0
       0
       0
       0
       0
       0
       0
       0
       0
       0
       0
       0
       0
       0
       0
       0
       0
       0
       0
       0
       0
       0
       0
       0
       0
       0
       0
       0
       0
       0
       0
       0
       0
       0
       0
       0
       0
       0
       0
       0
       0
       0
       0
       0
       0
       0
       0
       0
       0
       0
       0
       0
       0
       0
       0
       0
       0
       0
       0
       0
       0
       0
       0
       0
       0
       0
       0
       0
       0
       0
       0
       0
       0
       0
       0
       0
       0
       0
       0
       0
       0
       0
       0
       0
       0
       0
       0
       0
       0
       0
       0
       0
       0
       0
       0
       0
       0
       0
       0
       0
       0
       0
       0
       0
       0
       0
       0
       0
       0
       0
       0
       0
       0
       0
       0
       0
       0
       0
       0
       0
       0
       0
       0
       0
       0
       0
       0
       0
       0
       0
       0
       0
       0
       0
       0
       0
       0
       0
       0
       0
       0
       0
       0
       0
       0
       0
       0
       0
       0
       0
       0
       0
       0
       0
       0
       0
       0
       0
       0
       0
       0
       0
       0
       0
       0
       0
       0
       0
       0
       0
       0
       0
       0
       0
       0
       0
       0
       0
       0
       0
       0
       0
       0
       0
       0
       0
       0
       0
       0
       0
       0
       0
       0
       0
       0
       0
       0
       0
       0
       0
       0
       0
       0
       0
       0
       0
       0
       0
       0
       0
       0
       0
       0
       0
       0
       0
       0
       0
       0
       0
       0
       0
       0
       0
       0
       0
       0
       0
       0
       0
       0
       0
       0
       0
       0
       0
       0
       0
       0
       0
       0
       0
       0
       0
       0
       0
       0
       0
       0
       0
       0
       0
       0
       0
       0
       0
       0
       0
       0
       0
       0
       0
       0
       0
       0
       0
       0
       0
       0
       0
       0
       0
       0
       0
       0
       0
       0
       0
       0
       0
       0
       0
       0
       0
       0
       0
       0
       0
       0
       0
       0
       0
       0
       0
       0
       0
       0
       0
       0
       0
       0
       0
       0
       0
       0
       0
       0
       0
       0
       0
       0
       0
       0
       0
       0
       0
       0
       0
       0
       0
       0
       0
       0
       0
       0
       0
       0
       0
       0
       0
       0
       0
       0
       0
       0
       0
       0
       0
       0
       0
       0
       0
       0
       0
       0
       0
       0
       0
       0
       0
       0
       0
       0
       0
       0
       0
       0
       0
       0
       0
       0
       0
       0
       0
       0
       0
       0
       0
       0
       0
       0
       0
       0
       0
       0
       0
       0
       0
       0
       0
       0
       0
       0
       0
       0
       0
       0
       0
       0
       0
       0
       0
       0
       0
       0
       0
       0
       0
       0
       0
       0
       0
       0
       0
       0
       0
       0
       0
       0
       0
       0
       0
       0
       0
       0
       0
       0
       0
       0
       0
       0
       0
       0
       0
       0
       0
       0
       0
       0
       0
       0
       0
       0
       0
       0
       0
       0
       0
       0
       0
       0
       0
       0
       0
       0
       0
       0
       0
       0
       0
       0
       0
       0
       0
       0
       0
       0
       0
       0
       0
       0
       0
       0
       0
       0
       0
       0
       0
       0
       0
       0
       0
       0
       0
       0
       0
       0
       0
       0
       0
       0
       0
       0
       0
       0
       0
       0
       0
       0
       0
       0
       0
       0
       0
       0
       0
       0
       0
       0
       0
       0
       0
       0
       0
       0
       0
       0
       0
       0
       0
       0
       0
       0
       0
       0
       0
       0
       0
       0
       0
       0
       0
       0
       0
       0
       0
       0
       0
       0
       0
       0
       0
       0
       0
       0
       0
       0
       0
       0
       0
       0
       0
       0
       0
       0
       0
       0
       0
       0
       0
       0
       0
       0
       0
       0
       0
       0
       0
       0
       0
       0
       0
       0
       0
       0
       0
       0
       0
       0
       0
       0
       0
       0
       0
       0
       0
       0
       0
       0
       0
       0
       0
       0
       0
       0
       0
       0
       0
       0
       0
       0
       0
       0
       0
       0
       0
       0
       0
       0
       0
       0
       0
       0
       0
       0
       0
       0
       0
       0
       0
       0
       0
       0
       0
       0
       0
       0
       0
       0
       0
       0
       0
       0
       0
       0
       0
       0
       0
       0
       0
       0
       0
       0
       0
       0
       0
       0
       0
       0
       0
       0
       0
       0
       0
       0
       0
       0
       0
       0
       0
       0
       0
       0
       0
       0
       0
       0
       0
       0
       0
       0
       0
       0
       0
       0
       0
       0
       0
       0
       0
       0
       0
       0
       0
       0
       0
       0
       0
       0
       0
       0
       0
       0
       0
       0
       0
       0
       0
       0
       0
       0
       0
       0
       0
       0
       0
       0
       0
       0
       0
       0
       0
       0
       0
       0
       0
       0
       0
       0
       0
       0
       0
       0
       0
       0
       0
       0
       0
       0
       0
       0
       0
       0
       0
       0
       0
       0
       0
       0
       0
       0
       0
       0
       0
       0
       0
       0
       0
       0
       0
       0
       0
       0
       0
       0
       0
       0
       0
       0
       0
       0
       0
       0
       0
       0
       0
       0
       0
       0
       0
       0
       0
       0
       0
       0
       0
       0
       0
       0
       0
       0
       0
       0
       0
       0
       0
       0
       0
       0
       0
       0
       0
       0
       0
       0
       0
       0
       0
       0
       0
       0
       0
       0
       0
       0
       0
       0
       0
       0
       0
       0
       0
       0
       0
       0
       0
       0
       0
       0
       0
       0
       0
       0
       0
       0
       0
       0
       0
       0
       0
       0
       0
       0
       0
       0
       0
       0
       0
       0
       0
       0
       0
       0
       0
       0
       0
       0
       0
       0
       0
       0
       0
       0
       0
       0
       0
       0
       0
       0
       0
       0
       0
       0
       0
       0
       0
       0
       0
       0
       0
       0
       0
       0
       0
       0
       0
       0
       0
       0
       0
       0
       0
       0
       0
       0
       0
       0
       0
       0
       0
       0
       0
       0
       0
       0
       0
       0
       0
       0
       0
       0
       0
       0
       0
       0
       0
       0
       0
       0
       0
       0
       0
       0
       0
       0
       0
       0
       0
       0
       0
       0
       0
       0
       0
       0
       0
       0
       0
       0
       0
       0
       0
       0
       0
       0
       0
       0
       0
       0
       0
       0
       0
       0
       0
       0
       0
       0
       0
       0
       0
       0
       0
       0
       0
       0
       0
       0
       0
       0
       0
       0
       0
       0
       0
       0
       0
       0
       0
       0
       0
       0
       0
       0
       0
       0
       0
       0
       0
       0
       0
       0
       0
       0
       0
       0
       0
       0
       0
       0
       0
       0
       0
       0
       0
       0
       0
       0
       0
       0
       0
       0
       0
       0
       0
       0
       0
       0
       0
       0
       0
       0
       0
       0
       0
       0
       0
       0
       0
       0
       0
       0
       0
       0
       0
       0
       0
       0
       0
       0
       0
       0
       0
       0
       0
       0
       0
       0
       0
       0
       0
       0
       0
       0
       0
       0
       0
       0
       0
       0
       0
       0
       0
       0
       0
       0
       0
       0
       0
       0
       0
       0
       0
       0
       0
       0
       0
       0
       0
       0
       0
       0
       0
       0
       0
       0
       0
       0
       0
       0
       0
       0
       0
       0
       0
       0
       0
       0
       0
       0
       0
       0
       0
       0
       0
       0
       0
       0
       0
       0
       0
       0
       0
       0
       0
       0
       0
       0
       0
       0
       0
       0
       0
       0
       0
       0
       0
       0
       0
       0
       0
       0
       0
       0
       0
       0
       0
       0
       0
       0
       0
       0
       0
       0
       0
       0
       0
       0
       0
       0
       0
       0
       0
       0
       0
       0
       0
       0
       0
       0
       0
       0
       0
       0
       0
       0
       0
       0
       0
       0
       0
       0
       0
       0
       0
       0
       0
       0
       0
       0
       0
       0
       0
       0
       0
       0
       0
       0
       0
       0
       0
       0
       0
       0
       0
       0
       0
       0
       0
       0
       0
       0
       0
       0
       0
       0
       0
       0
       0
       0
       0
       0
       0
       0
       0
       0
       0
       0
       0
       0
       0
$ROI:
3
6725 6813
6948 7045
7244 7256
$PRESETS:
None
0
0
$ENER_FIT:
-0.000074 0.728814
$MCA_CAL:
3
-7.366740E-005 7.288145E-001 -2.624510E-006 keV
$SHAPE_CAL:
3
0.000000E+000 0.000000E+000 0.000000E+000
