$SPEC_ID:
No sample description was entered.
$SPEC_REM:
DET# 1
DETDESC# PPF18-07 Easy-MCA-8k SN 14274550
AP# Maestro Version 7.01
$DATE_MEA:
11/17/2022 08:27:16
$MEAS_TIM:
7071 12714
$DATA:
0 8191
       0
       0
       0
       0
       0
       0
       0
       0
       0
       0
       0
       0
       0
       0
       0
       0
       0
       0
       0
       0
       0
       0
       0
       0
      31
    7654
  329517
 3780131
  113818
   23149
   29918
   41789
   55699
   69608
   75759
   70605
   56348
   41933
   31639
   24866
   20596
   16608
   13876
   10940
    8892
    6974
    5428
    4278
    3479
    2869
    2363
    2087
    1805
    1693
    1665
    1587
    1566
    1540
    1509
    1397
    1432
    1406
    1295
    1315
    1171
     991
     922
     832
     718
     663
     538
     479
     408
     368
     288
     266
     249
     210
     158
     172
     150
     124
     127
     140
     130
     119
      95
     115
      96
      87
      98
      85
      88
      72
      80
      74
      80
      59
      64
      50
      47
      46
      52
      45
      42
      27
      37
      33
      34
      33
      28
      27
      26
      28
      28
      18
      19
      24
      23
      26
      24
      20
      20
      21
      23
      24
      23
      20
      18
      24
      21
      18
      17
      15
       8
      20
      26
      22
      19
      20
      24
      20
      22
      13
      13
      11
      12
      23
      23
      17
       9
      13
      14
      14
      13
      13
      12
      23
      15
      24
      15
      10
      17
      16
      11
      20
      15
      17
      15
      11
      14
      17
      13
      11
      26
      15
      13
      15
      20
      14
      16
      16
       7
      10
      15
       8
      18
      11
       7
      14
      12
      12
      15
      11
      13
      14
      15
      15
      11
      17
       4
      12
      16
      11
      16
      14
      12
       9
       9
      18
      14
      13
      17
       4
      19
      10
       9
      12
      14
      16
      14
      12
       9
      17
      15
      17
      14
      13
      11
      11
      13
      11
      13
       6
       9
      21
      15
      11
      11
      13
      13
      14
      19
      10
      17
      12
      17
      19
       8
      11
      10
       9
      10
      12
      17
      11
       8
      12
      12
      11
       9
      17
      11
       8
      16
      12
       5
       9
       9
      11
      10
       9
       7
       8
       7
      12
       4
       9
      10
      10
      11
      13
       8
      12
      15
      14
      12
      14
      10
      15
      12
       7
      10
      10
      15
      10
      12
      10
      15
      11
      10
      12
       8
       6
      16
       8
       9
       5
       8
      11
      10
      14
       9
       7
      11
       7
       6
      17
      18
      14
      10
      14
       6
      11
       7
       5
      10
      13
      10
       8
      10
       6
      15
      10
      12
      16
       9
       8
      10
      12
      11
       8
       7
       9
       8
      10
      10
       8
       5
       8
       7
      10
       5
       9
      11
       6
      11
       9
      10
       5
       6
      17
       7
       7
      10
       7
      10
       9
       6
       8
       5
      10
       8
      14
       8
      15
      11
      13
       9
       6
      12
       2
      12
       7
      13
       7
       4
       8
      15
       7
       7
       6
       5
      10
       9
      11
       7
       8
      12
      10
       5
       6
       9
       7
       2
       5
       5
       6
       9
       8
      14
      10
       8
       7
      10
      10
       3
       6
      14
      11
       8
       4
       5
       6
      11
       6
       8
      11
      13
       4
       7
       2
       5
       8
       9
       3
      13
      19
      15
       7
       8
       5
      13
      13
       5
      10
       9
      10
      10
       9
       7
       5
      14
       6
      13
      11
      12
      11
       6
       5
      12
       7
       5
      12
      10
       9
       5
       9
       8
      10
       2
       5
       7
      11
      12
      15
      15
      10
      10
       7
      12
      10
       6
       5
       8
       7
       7
       6
       7
       5
       8
      10
       5
       5
      14
      15
       6
       8
       6
      10
       4
       8
       2
      12
       7
      11
       9
       5
       3
       7
       7
       8
       6
       9
       7
       5
       8
      10
      11
       6
       7
       5
       6
       4
       5
       7
       1
       3
      12
       5
       6
       6
       8
       8
       5
       4
       7
      10
       7
       7
       6
      11
       7
       9
       8
       5
       2
       6
      10
       9
       6
       9
       9
       8
       5
       9
       8
       7
       5
       7
       8
      13
       8
       8
       5
       4
       7
       6
      10
       5
      10
       6
       8
       5
       6
       7
      10
      13
       5
       7
       4
       9
       6
       7
      10
       5
       9
      13
       7
       6
       8
       5
       7
       6
      10
       6
       6
       6
       7
      13
       6
       6
       9
      10
       5
       6
       9
       9
      10
       8
       9
       6
       9
       8
       4
      11
      10
       5
       6
       8
       3
       7
      10
       7
       8
       8
       5
      13
       6
       6
       6
       8
      12
      11
       6
       8
       9
       8
       7
       4
       9
      10
       6
       7
      10
       9
       8
       9
      12
       3
       4
       6
       4
       9
       5
       7
       9
       7
       4
       4
       4
       9
       8
       2
       6
       6
      14
      13
       7
       7
       7
      11
       8
       4
      10
       0
       9
       9
       6
       7
      10
       5
       5
       3
       7
       6
       5
       5
       8
      10
       8
       5
       8
       7
       7
       5
       9
       3
      11
       8
       4
       6
       8
       8
       8
       5
       9
      10
       4
       9
       6
       8
       6
       2
       7
       5
       9
       8
       7
       9
      12
       8
       6
       7
       6
       9
       8
       9
       6
       3
       6
       9
       0
       6
      11
       4
       9
      10
      10
       3
       6
       6
       2
       4
       6
       3
       6
       9
      10
       4
       8
       5
       7
       8
      10
       7
       8
       5
       2
       7
       7
       5
       7
       7
       6
       4
       5
       9
       5
       9
       7
       8
      12
       5
       9
       8
       1
       9
       4
       8
      11
       8
       8
      12
       9
       7
       6
       7
       6
       6
      10
       7
       6
       7
       9
       8
       6
       6
       9
       5
       8
      10
       7
       5
      10
      11
       4
      11
      10
       5
       8
       9
       9
       5
       8
       8
       8
       3
       6
       9
       7
       8
       7
       8
       8
       8
       7
       5
       6
       6
       4
       6
      11
       7
       6
       5
       6
       5
       8
       8
       8
       7
       8
       9
       5
      10
      10
      10
       7
       9
       4
      12
       6
      12
       6
       6
       7
       8
       5
       8
       8
      13
       7
      10
       4
       9
       3
       5
      11
       6
       4
       5
      16
      10
       8
       9
       9
      12
       6
       4
       8
       7
       6
       8
       5
       7
      10
       6
       8
      12
       6
      11
       5
       2
      10
       9
       8
      10
       9
       5
       3
       4
       4
       3
      10
       6
       3
      11
       6
       5
       3
       9
       6
       7
      10
       3
       6
       8
      10
       8
       6
       8
       7
       6
       9
       4
       9
      14
       7
       8
      11
       8
       4
       7
      10
       9
       7
       6
       3
      12
      11
       8
       8
       5
       3
      10
       6
       8
       5
       4
       9
       7
       7
       9
       6
      12
       8
       7
       3
       8
       7
      12
       7
       6
       9
      12
       6
       6
      13
      11
       8
       9
       7
       6
       6
       4
      10
       6
      16
      10
       4
       8
       5
       9
       8
       6
      11
       6
       7
       7
       8
      10
       9
       7
       8
       6
       9
      14
      15
      16
       3
       5
       4
       2
       5
      10
       6
      10
       9
       7
       6
      11
       7
       8
      11
       8
       7
      11
       8
       4
       9
      11
       7
       9
       3
       5
       7
       9
       7
       7
       8
       8
      13
       6
       8
       9
       8
       3
       8
       7
       5
       7
       6
       3
       7
       7
       8
       4
       3
       2
       4
       7
       8
       9
       8
       6
       1
      11
      11
       5
       6
       6
       8
       9
       8
       6
       5
      10
       9
       9
       7
      11
      13
      10
       5
       7
       6
       5
       5
       9
      10
       7
       3
       2
       5
       6
       3
       8
      10
       9
       8
       9
      11
       9
       5
       6
       8
       5
      10
       4
       3
       8
       3
       8
       7
       9
       6
       4
       8
       7
       5
      12
       6
       4
      13
       8
      12
       5
       6
       6
       8
       5
       4
       7
      12
      13
       4
       4
       2
       4
       6
       8
       4
      10
       4
      10
       9
       6
       6
       8
      10
       4
       4
      12
       8
       9
       6
       7
      14
       7
       5
      10
       5
       9
      10
      13
       6
       9
      10
       6
       8
       9
       7
       8
       4
       6
       7
       5
       7
      13
       7
      13
       9
       9
       8
       8
       8
       7
       7
      10
      14
       3
       6
       6
      13
       8
       9
      10
       6
       6
       4
       7
       4
       6
      11
       8
       9
      12
      10
      10
       8
       9
       4
       3
       7
       5
       4
       9
      10
       8
       1
       3
       6
       7
       6
      10
       9
       5
      10
      10
       7
       4
       9
      12
       6
       9
       9
      12
       7
       5
       6
       2
       8
       7
       9
       9
       8
       9
       8
       6
       7
       8
      10
       7
       6
      12
       3
       8
       9
       8
       3
       9
       4
       8
       5
       4
      13
       5
       4
       8
      12
       4
       9
       4
       8
      13
      11
       6
       7
      14
       6
       7
      14
       7
       9
       9
       8
       6
       6
       9
       4
       4
       7
       7
       8
       7
      11
       6
       8
       6
      11
       4
       8
      12
      11
       5
       4
       9
       6
      10
       5
       5
      13
       5
       4
       6
      10
       3
      10
       7
       3
      10
       4
       6
       3
       4
       6
      11
       8
       8
       6
       9
       8
      11
      12
       6
       9
       8
       8
       3
       9
       7
       9
       9
       8
       4
      13
       9
      11
       7
       8
       8
       8
       6
      11
      15
      11
      12
       5
       8
      12
       9
       9
       9
       7
      10
       7
       6
       4
      11
       5
       4
       5
      13
       7
      13
       9
      10
      12
       6
      10
       7
      12
       6
       8
      15
      10
       5
       5
      15
      14
       7
      10
       9
       8
      12
       5
      12
      12
      11
       9
      11
       2
      15
      10
       8
       4
      12
       6
       9
       2
      12
      11
      11
       8
       9
       8
       6
      10
       7
       9
       6
       5
       6
       5
       6
      11
       9
      11
      14
      10
      10
      12
      10
       6
       3
       7
       6
       8
       8
       7
      14
       6
      13
       6
       4
       7
       8
       6
       5
      11
       6
       6
       8
      12
       6
       8
      12
       6
       7
       9
       8
      11
       7
       4
       9
       8
       8
       6
      12
      11
       7
       9
      13
       8
       6
       6
       5
       7
      11
       8
       6
      11
      10
      12
      14
       3
      17
       9
       7
      11
      12
       9
       7
       7
      10
       8
       7
       9
       7
      12
      10
       8
       8
       7
      11
       7
       4
       8
       9
      16
      11
      13
       7
       8
      11
       6
       5
      10
      12
       7
      13
      10
       6
      11
       7
       9
       6
       3
       9
      12
       7
       8
       5
       7
       7
       5
      10
       6
       6
       5
       9
      19
       5
       9
       7
       7
       6
       9
      10
       7
       7
       7
       9
       6
       7
       9
      14
       8
       9
      11
       6
       7
      11
       7
       4
       6
       5
      11
       6
       7
       8
       6
       6
       9
       3
      10
      14
       6
      14
       9
       5
       3
       5
       4
       9
       5
       9
       8
       3
       5
       5
      15
       3
       9
      10
      11
       9
      15
       6
       7
      10
      11
       7
       8
      13
       7
       6
      10
       8
       7
       7
      13
       9
       8
       5
       9
      11
      16
       8
      11
       8
       5
       6
      14
       7
      13
      19
       8
       7
       8
       6
       8
       2
       6
       6
      11
      10
       6
      13
      11
       9
      14
       6
      11
       8
       7
      12
      12
      14
      10
       9
      12
      10
       5
      13
       8
       8
      10
       8
       8
      11
       9
      14
       4
       9
      11
      11
       8
       7
       7
       7
       2
      11
       7
       7
      10
      12
       8
      11
       7
       8
       7
       8
       9
       8
       5
       6
      12
       7
      12
       9
      11
      14
      14
       9
       7
       9
       6
      11
       5
       8
       9
      11
      10
      13
       5
       6
      11
      12
       8
      11
      11
      14
       7
       8
       8
      10
      10
       7
      12
       7
       9
      10
       5
       7
      10
      12
      13
       8
      13
       8
      11
      22
      12
       6
      10
      10
       9
      10
      11
       8
      10
       5
       5
      14
       6
      12
       6
      12
       8
       9
       8
       7
       8
      10
       5
       9
      12
      13
      10
       9
      11
      13
       2
       7
      11
      12
      10
      13
      13
      11
       8
      10
       8
       6
       9
       8
      11
       7
       9
      15
      13
       6
       8
      13
       5
      15
       9
      13
      10
      12
       6
      15
      14
      10
      14
      10
       9
       5
       8
       7
       7
       8
      14
      12
       5
      14
       6
       9
      10
      14
      10
      17
       2
      10
       6
      12
      13
       8
      14
      11
      10
      12
      12
       6
      11
       7
       9
      10
      11
      12
      13
       8
      11
      13
      10
       5
      10
       4
      11
      11
       8
      10
       3
       7
       7
      13
       6
      11
      10
       2
      14
      15
       9
       8
       6
       6
      12
      10
      10
       9
      10
      15
      13
       8
       9
       7
      10
       9
      12
      13
      10
       9
      10
      12
      11
      10
      16
      11
      11
       9
      10
      12
       9
      10
      16
      13
      15
      19
      14
       6
      12
       7
      14
      11
      10
      20
      13
      18
      16
      11
      12
       7
       9
      15
       8
      13
       6
      13
       7
      11
      15
      11
       5
       5
       9
      11
      17
      10
       9
      12
      12
       6
      11
      12
      13
      13
      12
      12
      13
      13
      13
      17
       7
      12
       4
      14
       9
       5
      10
       5
      10
      10
       8
       6
      15
       8
       7
       2
      12
       4
       9
       8
      11
      11
      11
       5
      11
      13
       7
      12
       7
      18
      15
       9
       8
       6
      14
      16
      12
      13
      10
      12
      16
       7
      12
      13
      14
      12
      14
      15
      10
      13
      11
      11
      15
      11
       9
      13
       6
       9
      12
      11
      16
      13
      11
       9
      10
      15
      11
      11
      17
       8
      11
      18
       8
       8
       9
      11
      13
      15
      13
      16
       9
       8
       8
      12
      10
       7
      19
      14
      18
      14
      10
      14
      15
      12
       9
      11
      10
      12
      14
       9
      10
       9
      12
      11
      14
      15
      10
      15
      13
      12
       9
      14
       9
       9
      11
      17
       9
      21
       9
      16
      12
      13
      12
      15
      12
      16
      10
      11
      12
       8
      19
      12
      14
       6
      13
       9
      10
      14
      11
      14
      12
      13
      16
      13
      16
       2
      12
       9
      12
       9
       7
       3
      11
      10
      17
      11
      10
      14
       9
       5
      18
       7
       4
      12
      14
      14
      10
       9
      13
      17
      21
      15
      11
      11
      11
      12
      12
      12
      14
       7
       7
      15
      12
       4
      13
      10
       7
      11
       8
      19
      10
      17
      15
      10
       9
      12
      12
      17
      11
      13
      13
      13
      15
      14
      10
       7
      10
      13
       8
      11
      11
       9
      10
      13
      15
      14
       9
       6
       8
      14
      18
       8
      18
      14
      18
      10
      14
      15
       6
       9
       9
      11
      14
      15
      12
       8
      15
      14
       8
      15
       8
      17
      10
      11
      10
      10
      10
      10
      14
       8
      11
      19
      14
      16
      15
      12
       5
      18
      15
      17
      15
      16
      15
       8
       6
      14
      10
      11
      20
      12
      17
      13
      15
      11
      15
      16
       8
      14
      13
      17
       8
      13
      12
      14
       9
      20
      12
       9
      12
      14
      11
      14
      21
      13
      13
      14
      16
      13
       9
      13
      12
      11
      14
      12
      11
       7
      14
       8
      16
      16
       9
      15
       9
      17
       7
       7
       8
       8
       9
       6
      14
      11
      14
      15
      15
       8
       9
       8
      10
      14
      11
      10
       7
      11
      11
       6
      15
       9
      16
      16
      17
      15
      11
      10
      10
      15
      13
      11
      13
      12
      11
      15
      15
      13
      13
      14
      11
      12
      13
       9
      15
      13
      18
      23
      12
      10
      15
      11
       7
      12
      11
      16
      13
      19
      19
      13
      18
      12
      14
      18
      10
       6
      25
      12
      12
      14
      16
      13
      18
      14
      16
      14
      10
      14
      11
      11
       7
      13
       7
      13
      11
      14
      13
      15
      17
      18
      18
      16
      10
      12
      14
       9
      11
       8
      15
      10
      11
       8
      16
      11
      18
      14
      12
      11
      15
      14
      18
      22
      14
      18
      15
      14
      16
      14
      16
      21
      16
      16
      24
      16
      17
      15
      16
      25
      18
      12
      19
      15
      12
       8
      19
      13
      14
      17
      23
      16
      14
      10
      18
      13
      16
      14
      15
      10
      14
      13
      16
       9
      16
      14
      16
      13
       8
      14
      13
      15
       9
      18
      23
      16
      12
      15
      13
      20
      11
      12
      14
      13
      12
      16
      13
      17
      11
      11
      17
      12
      19
      15
      22
      13
      15
      15
      11
      13
      22
      17
      18
      10
      11
      16
      14
      19
       9
      16
      17
      17
      14
      15
      15
      23
      15
      13
       7
      12
      15
      20
      11
       9
      16
      12
      17
      18
      13
      12
      15
      20
      20
      16
      13
      16
      14
      16
      16
      15
      19
      10
      11
      13
      11
      20
      10
      20
      16
      19
      18
      20
      18
      14
      14
      17
      25
      19
      16
      18
      22
      18
      10
      20
      24
      21
      17
      21
      18
      14
      16
      17
      18
      18
      17
      21
      21
      14
      18
      19
      15
      11
      18
      14
      13
      16
      22
      15
      25
      19
      20
      18
      11
      17
      16
      13
      18
      20
      17
      15
      26
      18
      24
      15
      17
      15
      14
      24
      16
      17
      13
      25
      21
      13
      24
      18
      16
       8
      15
      18
      20
      14
      23
       9
      18
      14
      13
      15
      18
      18
      23
      10
      26
      22
      14
      15
      14
      19
      16
       9
      22
      19
      17
      23
      17
      17
      11
      12
      19
      20
      13
      23
      14
      17
      19
      19
      15
      18
      19
      21
      22
      11
      12
      13
      27
      15
      19
      20
      23
      19
      20
      19
      24
      12
      13
      13
      15
      12
      20
      16
      16
      15
      18
      22
      17
      13
      14
      26
      26
      14
      17
      14
      18
      22
      26
      25
      16
      12
      14
      21
      16
      16
      21
      24
      14
      20
      19
      22
      17
      24
      15
      18
      18
      21
      19
      19
      17
      17
      14
      18
      13
      15
       9
      20
      23
      20
      19
      21
      19
      19
      19
      22
      15
      18
      24
      26
      14
      29
      27
      18
      22
      22
      18
      26
      16
      18
      19
      13
      20
      23
      25
      26
      18
      19
      18
      18
      28
      18
      17
      13
      14
      18
      17
      18
      27
      21
      21
      23
      13
      17
      16
      13
      21
      17
      29
      17
      13
      25
      14
      18
      22
      16
      23
      21
      26
      22
      16
      28
      13
      21
      18
      20
      19
      25
      22
      24
      15
      20
      23
      27
      18
      21
      16
      23
      19
      13
      17
      18
      20
      31
      11
      24
      19
      17
      25
      20
      19
      25
      19
      23
      22
      18
      19
      20
      21
      27
      21
      14
      22
      12
      18
      23
      15
      25
      23
      13
      16
      19
      22
      20
      16
      28
      26
      21
      23
      29
      20
      24
      26
      18
      17
      21
      25
      21
      21
      19
      24
      19
      27
      18
      23
      27
      16
      21
      28
      25
      22
      17
      32
      24
      24
      30
      27
      21
      21
      24
      26
      30
      21
      16
      26
      26
      16
      16
      28
      16
      20
      25
      18
      21
      26
      26
      22
      20
      29
      22
      19
      24
      22
      19
      22
      25
      31
      35
      20
      22
      29
      25
      21
      21
      16
      18
      16
      19
      19
      18
      24
      28
      21
      19
      31
      24
      19
      20
      24
      27
      16
      24
      37
      24
      29
      33
      20
      20
      23
      22
      22
      17
      20
      19
      20
      28
      13
      10
      30
      24
      27
      24
      32
      15
      26
      31
      22
      34
      25
      18
      28
      29
      22
      29
      20
      22
      30
      26
      25
      25
      35
      22
      27
      25
      24
      25
      26
      35
      28
      29
      26
      28
      14
      28
      23
      22
      18
      26
      30
      22
      18
      20
      23
      17
      36
      29
      30
      32
      22
      24
      27
      25
      22
      30
      21
      24
      19
      24
      21
      27
      35
      27
      20
      17
      26
      25
      24
      30
      31
      24
      32
      18
      30
      22
      25
      25
      23
      23
      31
      22
      32
      34
      29
      24
      23
      29
      23
      30
      27
      26
      24
      31
      33
      27
      25
      22
      33
      23
      37
      26
      34
      23
      25
      17
      22
      27
      37
      32
      29
      26
      37
      28
      32
      30
      22
      28
      30
      26
      31
      30
      26
      26
      28
      24
      35
      26
      28
      24
      31
      32
      25
      39
      21
      29
      30
      30
      33
      32
      32
      28
      34
      25
      26
      31
      30
      29
      36
      24
      31
      38
      34
      36
      32
      40
      23
      33
      33
      32
      34
      27
      39
      34
      30
      31
      29
      23
      36
      35
      39
      38
      35
      30
      27
      41
      26
      23
      48
      30
      17
      29
      28
      21
      41
      44
      27
      32
      39
      34
      40
      37
      38
      28
      34
      30
      28
      30
      32
      29
      35
      43
      33
      42
      31
      23
      41
      24
      25
      36
      31
      37
      31
      37
      32
      55
      32
      42
      35
      27
      42
      43
      29
      31
      47
      40
      51
      37
      27
      40
      44
      31
      36
      48
      35
      31
      40
      42
      34
      37
      28
      39
      46
      42
      42
      43
      39
      29
      46
      40
      27
      44
      51
      29
      37
      43
      35
      38
      31
      38
      33
      45
      42
      36
      24
      39
      40
      36
      48
      45
      35
      33
      45
      36
      49
      51
      52
      35
      36
      41
      36
      39
      41
      44
      37
      42
      31
      42
      43
      27
      49
      46
      39
      51
      50
      46
      47
      39
      41
      39
      54
      51
      45
      37
      51
      61
      50
      50
      39
      39
      53
      47
      44
      43
      45
      41
      34
      45
      40
      38
      40
      57
      48
      59
      50
      36
      47
      44
      36
      49
      53
      65
      55
      46
      43
      56
      50
      37
      51
      41
      41
      56
      55
      44
      44
      62
      50
      58
      37
      60
      46
      66
      43
      44
      45
      61
      49
      47
      62
      55
      58
      43
      56
      49
      38
      62
      45
      58
      70
      60
      48
      43
      57
      53
      55
      49
      59
      63
      49
      52
      54
      57
      51
      42
      57
      51
      42
      45
      55
      62
      44
      45
      53
      47
      58
      61
      59
      58
      67
      54
      48
      58
      56
      64
      56
      53
      64
      54
      61
      53
      58
      61
      56
      49
      64
      58
      72
      52
      64
      58
      53
      68
      55
      75
      47
      62
      64
      71
      61
      57
      68
      66
      52
      64
      54
      56
      60
      71
      61
      61
      69
      49
      66
      72
      58
      74
      54
      82
      54
      64
      58
      60
      78
      77
      78
      70
      67
      67
      78
      85
      64
      63
      66
      65
      70
      71
      69
      72
      76
      66
      85
      59
      65
      75
      80
      71
      66
      80
      71
      62
      64
      80
      64
      57
      71
      68
      68
      80
      62
      77
      81
      66
      68
      64
      63
      73
      87
      58
      73
      73
      76
      83
      76
      80
      67
      73
      87
      71
      68
      86
      73
      72
      87
      93
      75
      78
      74
      80
      65
      82
      76
      68
      96
      70
      93
     108
      86
      89
      96
     101
      64
      81
      65
      75
      72
      83
      84
      82
      71
      89
      87
      88
      79
      97
      75
      83
     100
      75
      70
      98
      85
      82
      71
      81
      78
      72
      93
      91
      91
      99
      85
      93
      89
      99
      83
      97
      95
      78
      91
      92
      88
      91
      96
      97
     133
     102
     107
      90
      88
     105
     108
      89
     114
      94
     114
     100
      97
      95
      99
      83
      87
     107
     100
     119
     119
      90
     118
      91
     103
      97
      85
      93
     123
      88
      97
      93
     115
     108
     100
     118
     127
      91
     104
     122
     105
     108
     104
     134
     114
      85
     103
     126
     110
     107
     118
     121
     129
     139
     114
     110
     128
     113
     136
     128
     117
     123
     123
     107
     100
     109
     114
     123
     110
     112
     133
     112
     117
     130
     166
     138
     123
     138
     110
     124
     141
     141
     116
     124
     130
     111
     136
     134
     140
     150
     127
     146
     136
     129
     129
     145
     161
     135
     143
     149
     125
     125
     141
     127
     159
     147
     129
     123
     141
     133
     162
     159
     117
     149
     132
     147
     139
     153
     148
     156
     142
     143
     174
     156
     170
     152
     142
     155
     137
     148
     150
     157
     163
     157
     153
     146
     158
     153
     148
     166
     147
     163
     143
     153
     159
     183
     134
     176
     174
     150
     153
     155
     138
     182
     187
     166
     157
     178
     183
     164
     176
     160
     169
     190
     165
     179
     178
     179
     172
     168
     164
     181
     175
     188
     190
     171
     181
     171
     174
     181
     194
     201
     193
     187
     189
     170
     186
     211
     175
     189
     186
     196
     202
     202
     219
     203
     204
     187
     189
     203
     200
     212
     193
     193
     208
     196
     185
     205
     207
     209
     188
     214
     216
     175
     216
     247
     191
     197
     212
     204
     205
     215
     197
     235
     211
     218
     243
     232
     219
     229
     224
     250
     227
     204
     224
     218
     217
     212
     227
     226
     214
     213
     211
     241
     230
     233
     231
     253
     230
     249
     234
     198
     245
     240
     247
     257
     251
     228
     281
     262
     247
     248
     258
     241
     261
     265
     224
     282
     268
     236
     252
     251
     241
     262
     267
     255
     301
     263
     272
     275
     280
     255
     282
     271
     278
     277
     274
     242
     262
     279
     269
     278
     274
     293
     281
     257
     264
     272
     287
     317
     297
     276
     278
     274
     274
     296
     298
     316
     282
     299
     307
     301
     297
     315
     300
     301
     294
     318
     322
     322
     308
     311
     311
     290
     290
     308
     317
     326
     303
     333
     333
     332
     345
     294
     329
     325
     335
     355
     356
     332
     347
     332
     356
     304
     323
     360
     322
     372
     354
     342
     340
     345
     358
     370
     329
     360
     335
     367
     348
     381
     353
     334
     359
     374
     352
     376
     398
     361
     373
     378
     358
     372
     363
     386
     351
     372
     376
     381
     380
     390
     359
     376
     404
     384
     401
     386
     387
     388
     394
     388
     396
     381
     420
     421
     444
     431
     425
     423
     410
     425
     442
     421
     431
     398
     405
     425
     436
     441
     446
     426
     455
     458
     467
     438
     476
     466
     446
     483
     457
     472
     450
     472
     416
     416
     478
     482
     447
     462
     443
     492
     483
     452
     461
     499
     451
     525
     506
     498
     493
     474
     507
     474
     491
     513
     508
     540
     525
     496
     480
     496
     526
     498
     522
     538
     486
     536
     502
     535
     519
     523
     498
     517
     514
     547
     543
     524
     550
     552
     577
     548
     500
     545
     582
     557
     519
     541
     502
     569
     531
     566
     571
     563
     558
     555
     585
     637
     585
     573
     589
     577
     597
     592
     598
     596
     622
     537
     589
     590
     659
     596
     606
     560
     636
     611
     668
     656
     653
     576
     623
     630
     643
     673
     688
     641
     603
     647
     687
     596
     669
     667
     622
     662
     677
     667
     695
     629
     678
     639
     682
     674
     649
     650
     711
     656
     693
     722
     664
     730
     711
     713
     709
     734
     727
     734
     725
     713
     707
     718
     732
     706
     766
     752
     688
     768
     740
     736
     714
     768
     754
     744
     783
     720
     801
     732
     728
     786
     704
     791
     817
     787
     785
     772
     731
     767
     791
     805
     795
     838
     806
     784
     813
     866
     793
     808
     770
     834
     761
     806
     846
     829
     825
     832
     821
     839
     894
     810
     809
     894
     826
     851
     860
     846
     868
     894
     841
     857
     905
     899
     867
     837
     899
     937
     886
     929
     967
     950
     931
     931
     957
     930
     907
     956
     934
     924
    1000
     959
     988
     935
     993
     946
    1033
     963
     970
     928
     988
     991
    1011
    1012
     949
     952
    1004
    1018
    1006
    1000
    1000
     997
    1022
    1031
     999
    1035
    1079
    1022
    1029
    1037
    1034
    1064
    1059
    1076
    1014
    1062
    1118
    1098
    1040
    1104
    1065
    1114
    1116
    1069
    1062
    1097
    1102
    1093
    1127
    1143
    1152
    1138
    1134
    1177
    1089
    1138
    1191
    1155
    1079
    1136
    1156
    1179
    1204
    1139
    1175
    1195
    1137
    1119
    1206
    1155
    1185
    1185
    1163
    1172
    1198
    1186
    1233
    1266
    1279
    1253
    1284
    1218
    1235
    1234
    1246
    1182
    1271
    1292
    1310
    1221
    1235
    1202
    1295
    1261
    1313
    1252
    1309
    1362
    1320
    1350
    1270
    1348
    1274
    1332
    1270
    1289
    1341
    1332
    1405
    1353
    1318
    1341
    1306
    1376
    1369
    1418
    1363
    1385
    1398
    1371
    1388
    1444
    1437
    1386
    1464
    1422
    1396
    1473
    1525
    1444
    1437
    1418
    1448
    1468
    1403
    1440
    1452
    1452
    1549
    1464
    1491
    1498
    1509
    1493
    1516
    1576
    1514
    1519
    1420
    1470
    1480
    1621
    1543
    1552
    1589
    1535
    1555
    1542
    1640
    1490
    1545
    1663
    1571
    1578
    1605
    1683
    1599
    1575
    1566
    1640
    1613
    1638
    1633
    1711
    1646
    1638
    1679
    1660
    1654
    1607
    1686
    1690
    1713
    1706
    1705
    1674
    1692
    1750
    1715
    1716
    1745
    1692
    1758
    1808
    1705
    1737
    1834
    1829
    1686
    1654
    1816
    1850
    1700
    1800
    1752
    1796
    1823
    1793
    1834
    1809
    1778
    1804
    1880
    1893
    1791
    1776
    1926
    1808
    1835
    1916
    1920
    1869
    1856
    1847
    2019
    1917
    1918
    1892
    1931
    1964
    1912
    1968
    1934
    1904
    1971
    1988
    1958
    1978
    1946
    2001
    1986
    1977
    1971
    2043
    2087
    1912
    1962
    2080
    1987
    2057
    2029
    2092
    1964
    2107
    2145
    2160
    2066
    2093
    2161
    2075
    2144
    2041
    2016
    2079
    2053
    2139
    2192
    2054
    2178
    2079
    2143
    2176
    2094
    2124
    2232
    2141
    2264
    2167
    2140
    2208
    2270
    2204
    2142
    2234
    2168
    2221
    2297
    2302
    2286
    2224
    2290
    2248
    2286
    2213
    2297
    2286
    2360
    2215
    2301
    2312
    2235
    2330
    2282
    2379
    2426
    2368
    2252
    2465
    2360
    2447
    2370
    2370
    2424
    2417
    2381
    2477
    2408
    2358
    2333
    2432
    2436
    2427
    2396
    2424
    2466
    2417
    2446
    2479
    2405
    2453
    2497
    2474
    2444
    2488
    2532
    2535
    2549
    2529
    2435
    2474
    2515
    2464
    2537
    2527
    2576
    2489
    2625
    2613
    2570
    2528
    2604
    2641
    2672
    2625
    2666
    2577
    2595
    2609
    2671
    2663
    2656
    2666
    2557
    2736
    2652
    2657
    2604
    2623
    2845
    2767
    2693
    2762
    2699
    2761
    2697
    2714
    2658
    2655
    2694
    2627
    2810
    2742
    2853
    2715
    2640
    2757
    2773
    2806
    2806
    2842
    2805
    2824
    2751
    2832
    2861
    2762
    2854
    2768
    2854
    2949
    2818
    2879
    2825
    2795
    2909
    2786
    2912
    2820
    2972
    2875
    2871
    2865
    2911
    2860
    3018
    2926
    2873
    2969
    2867
    2862
    3005
    2978
    2924
    2950
    3020
    3044
    2956
    3020
    3052
    2933
    2987
    3013
    3005
    3059
    3044
    3107
    3006
    3039
    3001
    3101
    3213
    3057
    3069
    3075
    3115
    3153
    3057
    3134
    3106
    3067
    3088
    3150
    2972
    3021
    3074
    3146
    3106
    3078
    3150
    2993
    3126
    3104
    3137
    3079
    3085
    3132
    3101
    3306
    3145
    3147
    3129
    3144
    3162
    3274
    3124
    3199
    3270
    3228
    3175
    3233
    3142
    3176
    3232
    3201
    3206
    3244
    3224
    3258
    3204
    3230
    3343
    3410
    3275
    3220
    3352
    3202
    3283
    3367
    3394
    3274
    3225
    3423
    3290
    3308
    3336
    3347
    3169
    3330
    3250
    3380
    3346
    3330
    3319
    3332
    3318
    3321
    3425
    3369
    3502
    3355
    3346
    3396
    3512
    3359
    3380
    3330
    3361
    3300
    3292
    3349
    3453
    3401
    3438
    3473
    3476
    3393
    3447
    3416
    3457
    3502
    3553
    3438
    3435
    3532
    3439
    3433
    3493
    3501
    3492
    3486
    3462
    3485
    3415
    3551
    3630
    3512
    3509
    3525
    3497
    3502
    3436
    3438
    3536
    3519
    3544
    3537
    3592
    3404
    3532
    3445
    3587
    3627
    3453
    3636
    3435
    3535
    3491
    3503
    3562
    3578
    3643
    3512
    3491
    3503
    3622
    3648
    3580
    3543
    3634
    3649
    3514
    3542
    3612
    3593
    3646
    3623
    3538
    3558
    3643
    3716
    3546
    3618
    3611
    3576
    3523
    3638
    3642
    3739
    3599
    3686
    3638
    3657
    3690
    3690
    3592
    3633
    3639
    3568
    3621
    3490
    3626
    3666
    3608
    3645
    3703
    3551
    3563
    3584
    3629
    3709
    3612
    3618
    3704
    3660
    3584
    3590
    3581
    3636
    3693
    3617
    3593
    3592
    3644
    3619
    3644
    3582
    3727
    3710
    3722
    3599
    3709
    3633
    3637
    3632
    3675
    3651
    3577
    3725
    3717
    3680
    3627
    3668
    3696
    3676
    3625
    3733
    3610
    3702
    3774
    3655
    3773
    3662
    3539
    3541
    3643
    3616
    3631
    3643
    3730
    3623
    3770
    3754
    3567
    3676
    3587
    3522
    3579
    3661
    3661
    3714
    3645
    3643
    3591
    3705
    3679
    3645
    3609
    3646
    3649
    3595
    3569
    3591
    3617
    3589
    3544
    3661
    3624
    3596
    3695
    3682
    3604
    3666
    3647
    3689
    3546
    3615
    3767
    3718
    3619
    3583
    3620
    3697
    3657
    3547
    3592
    3631
    3541
    3562
    3699
    3675
    3714
    3580
    3630
    3542
    3581
    3588
    3673
    3608
    3581
    3552
    3614
    3563
    3565
    3455
    3523
    3597
    3553
    3556
    3501
    3713
    3574
    3529
    3653
    3586
    3643
    3494
    3464
    3469
    3536
    3587
    3549
    3472
    3559
    3534
    3525
    3538
    3624
    3437
    3443
    3644
    3533
    3383
    3498
    3524
    3480
    3496
    3618
    3521
    3525
    3453
    3502
    3432
    3458
    3445
    3542
    3461
    3457
    3407
    3445
    3428
    3332
    3372
    3443
    3362
    3442
    3356
    3423
    3368
    3315
    3471
    3369
    3388
    3337
    3322
    3390
    3428
    3330
    3326
    3316
    3453
    3351
    3341
    3222
    3304
    3341
    3254
    3312
    3359
    3303
    3255
    3400
    3256
    3208
    3293
    3202
    3275
    3179
    3208
    3285
    3289
    3334
    3237
    3219
    3256
    3270
    3311
    3210
    3291
    3264
    3171
    3280
    3245
    3216
    3242
    3316
    3230
    3220
    3182
    3261
    3095
    3146
    3210
    3209
    3171
    3193
    3113
    3179
    3225
    2995
    3132
    3150
    3187
    3118
    3018
    3088
    3051
    3223
    3137
    3083
    2989
    2993
    3048
    3006
    3074
    2985
    3087
    2925
    3140
    3090
    2980
    3063
    2992
    3034
    2996
    3027
    3017
    2984
    2933
    2895
    2980
    2851
    2972
    2933
    2994
    2884
    2951
    2818
    2942
    2951
    2876
    2800
    2855
    2889
    2900
    2891
    2817
    2801
    2801
    2761
    2809
    2811
    2825
    2785
    2796
    2838
    2779
    2827
    2777
    2788
    2859
    2723
    2716
    2659
    2820
    2703
    2748
    2782
    2696
    2693
    2592
    2590
    2696
    2784
    2668
    2745
    2610
    2718
    2672
    2664
    2622
    2639
    2618
    2624
    2586
    2545
    2653
    2584
    2634
    2599
    2600
    2575
    2485
    2548
    2519
    2491
    2559
    2638
    2540
    2513
    2508
    2634
    2495
    2467
    2472
    2480
    2497
    2534
    2446
    2496
    2412
    2467
    2452
    2475
    2387
    2475
    2402
    2343
    2405
    2427
    2309
    2358
    2350
    2362
    2284
    2325
    2346
    2283
    2360
    2324
    2326
    2378
    2225
    2374
    2228
    2315
    2252
    2300
    2300
    2295
    2221
    2250
    2328
    2275
    2214
    2189
    2168
    2172
    2145
    2110
    2231
    2192
    2162
    2122
    2093
    2123
    2176
    2169
    2177
    2090
    2080
    2150
    2086
    2003
    2019
    2031
    2026
    2137
    2057
    1995
    2049
    2025
    2094
    1938
    1987
    1978
    1971
    1974
    2019
    2016
    1920
    1993
    1934
    1879
    1876
    2027
    1894
    1983
    1908
    1948
    1829
    1931
    1901
    1868
    1902
    1848
    1796
    1874
    1834
    1808
    1804
    1893
    1786
    1794
    1812
    1866
    1808
    1809
    1735
    1757
    1747
    1777
    1732
    1764
    1676
    1717
    1729
    1747
    1739
    1734
    1679
    1659
    1600
    1623
    1696
    1723
    1635
    1653
    1609
    1682
    1604
    1601
    1685
    1635
    1653
    1569
    1571
    1563
    1598
    1615
    1532
    1501
    1523
    1584
    1518
    1510
    1519
    1545
    1476
    1489
    1462
    1469
    1474
    1466
    1485
    1434
    1438
    1466
    1433
    1433
    1410
    1436
    1440
    1496
    1430
    1342
    1482
    1364
    1325
    1394
    1410
    1358
    1325
    1358
    1418
    1336
    1313
    1258
    1272
    1222
    1418
    1359
    1309
    1262
    1278
    1288
    1267
    1314
    1230
    1250
    1264
    1228
    1224
    1212
    1155
    1239
    1230
    1221
    1278
    1197
    1193
    1123
    1206
    1176
    1218
    1184
    1178
    1196
    1108
    1122
    1203
    1117
    1141
    1096
    1105
    1119
    1117
    1054
    1112
    1115
    1052
    1063
    1118
    1037
    1097
    1132
    1082
    1016
    1023
    1061
    1030
    1059
    1034
     984
    1001
     962
     999
     963
    1002
    1000
    1006
     934
     974
     914
     904
     960
     934
     946
     941
     942
     938
     938
     925
     899
     929
     851
     901
     879
     920
     854
     842
     857
     859
     836
     855
     846
     842
     839
     867
     801
     830
     852
     825
     835
     798
     733
     840
     771
     811
     760
     797
     733
     713
     756
     716
     720
     767
     754
     766
     675
     750
     752
     804
     716
     698
     674
     717
     698
     705
     709
     671
     685
     669
     705
     647
     673
     668
     632
     644
     665
     656
     619
     624
     665
     646
     628
     636
     599
     592
     574
     624
     695
     593
     622
     581
     597
     589
     553
     560
     583
     596
     563
     518
     536
     577
     537
     550
     540
     546
     549
     507
     520
     518
     530
     501
     519
     517
     507
     497
     511
     508
     518
     505
     498
     537
     437
     510
     466
     438
     516
     475
     423
     443
     437
     425
     442
     458
     460
     474
     422
     447
     448
     446
     432
     449
     414
     398
     397
     416
     401
     419
     433
     370
     379
     390
     392
     387
     380
     414
     409
     363
     358
     366
     390
     359
     384
     368
     359
     327
     359
     344
     325
     360
     330
     361
     317
     343
     325
     295
     322
     296
     340
     333
     317
     313
     307
     304
     314
     262
     302
     300
     288
     299
     333
     285
     280
     301
     275
     283
     271
     279
     272
     264
     315
     231
     262
     250
     261
     255
     282
     256
     249
     254
     231
     238
     232
     240
     227
     243
     267
     234
     253
     213
     237
     223
     215
     226
     245
     202
     216
     226
     205
     230
     194
     203
     207
     211
     226
     192
     186
     194
     194
     203
     184
     197
     158
     161
     205
     198
     178
     173
     184
     163
     137
     163
     161
     164
     185
     172
     133
     144
     154
     166
     143
     142
     162
     179
     171
     163
     148
     141
     154
     127
     159
     162
     131
     119
     139
     155
     143
     151
     151
     134
     146
     130
     134
     130
     140
     126
     120
     121
     133
     130
     118
     116
     117
     125
     110
     118
     124
     107
     105
     115
     125
     125
     123
     105
     101
     110
     120
     101
      97
      93
     120
     125
     109
     102
      85
     114
      90
     100
     115
     100
      95
     107
      75
      92
      82
      92
     109
     102
      77
      77
      75
      89
      87
      64
      66
      83
      82
      81
      68
      71
      67
      78
      83
      69
      63
      82
      57
      67
      78
      63
      77
      64
      68
      62
      73
      75
      61
      72
      67
      68
      62
      62
      50
      60
      55
      78
      60
      70
      62
      60
      56
      62
      65
      75
      52
      59
      56
      49
      63
      47
      56
      50
      57
      53
      63
      57
      63
      41
      59
      45
      37
      48
      50
      60
      39
      58
      38
      47
      45
      38
      40
      33
      43
      39
      34
      46
      37
      36
      36
      41
      33
      34
      37
      35
      36
      37
      25
      27
      40
      36
      43
      26
      27
      34
      29
      32
      30
      21
      27
      28
      30
      35
      22
      29
      20
      26
      32
      38
      17
      38
      37
      21
      24
      25
      25
      30
      18
      24
      26
      29
      38
      15
      24
      35
      24
      32
      24
      30
      16
      19
      25
      25
      22
      16
      16
      22
      27
      28
      24
      19
      16
      26
      21
      18
      30
      26
      19
      32
      25
      17
      27
      19
      26
      14
      20
      18
      20
      18
      18
      12
      19
      17
      22
      19
      14
      24
      20
      18
      20
      13
      20
      16
      17
      14
      19
      19
      18
      14
      12
      17
      11
      14
      19
      15
      16
      18
      18
      11
      16
      14
      13
      17
      12
      15
      20
      11
      21
      10
       6
       9
      12
      15
      13
       9
      12
      12
      12
      10
      11
      11
      13
       6
      10
      17
       9
      10
      13
      12
       6
      17
       6
       9
       8
      14
      12
      15
      10
      12
      12
      10
       5
      17
      10
       9
      17
       6
       9
       6
       8
      16
      15
      10
      19
       6
      14
      13
      12
       6
       7
       5
      10
       9
       7
      14
       4
      12
       5
       6
       6
       7
       8
      12
      10
       4
       8
       7
       9
       7
       6
       4
       8
      10
      15
       5
       5
       3
       9
       5
       7
      12
       9
      10
       4
       2
       3
       5
       5
      11
       6
       6
       5
      12
       3
      12
       7
      11
      10
       5
       9
       5
       7
       5
       9
       2
       3
       5
       3
       4
       9
       3
       9
       4
       4
       5
       5
       8
       6
       5
       8
       3
       6
       5
       3
       6
      15
       8
       7
       5
       7
       4
       4
       6
       3
       7
       6
       2
       5
      11
       3
       6
       4
       7
       6
       3
       6
       1
       4
       3
       4
       6
       8
       6
       4
       2
       6
       8
       7
       3
       5
       4
       4
       8
       6
       2
       5
       4
       2
       4
       5
       7
       2
       6
       1
       4
       7
       4
       5
       3
       6
       6
       4
       3
       6
       5
       9
       3
       4
       8
       2
       4
       1
       6
       0
       6
       4
       1
       6
       6
       3
       2
       1
       3
       3
       3
       5
       8
       5
       3
       4
       3
       2
       4
       2
       3
       5
       3
       2
       2
       3
       3
       6
       7
       5
       3
       1
       4
       7
       2
       3
       7
       5
       1
       4
       1
       0
       0
       2
       5
       7
       4
       5
       5
       6
       4
       9
       8
       6
       3
       4
       2
       1
       5
       5
       7
       3
       6
       6
       6
       4
      12
       1
       2
       4
       9
       7
       5
       4
       5
       3
       4
       3
       4
       5
       1
       6
       3
       3
       5
       7
       3
       2
       2
       5
       6
       3
       4
       5
       3
       2
       3
       4
       4
       6
       5
       3
       0
       3
       3
       5
       4
       4
       3
       5
       5
       3
       3
       5
       5
       0
       4
       8
       4
       2
       9
       1
       6
       3
       1
       7
       2
       3
       3
       5
       3
       4
       4
       1
       4
       3
       0
       3
       1
       4
       3
       5
       3
       6
       3
       2
       5
       3
       6
       3
       2
       3
       5
       1
       6
       3
       3
       3
       7
       1
       2
       3
       3
       6
       3
       5
       3
       6
       6
       3
       5
       4
       2
       7
       5
       4
       4
       1
       3
       2
       3
       8
       3
       4
       2
       5
       6
       8
       1
       3
       4
       3
       3
       2
       4
       6
       3
       6
       3
       3
       4
       6
       0
       5
       8
       2
       4
       4
       4
       3
       5
       4
       7
       0
       6
       6
       2
       5
       7
       1
       2
       0
       5
       4
       4
       8
       2
       3
       6
       3
       3
       2
       8
       3
       3
       8
       2
       2
       8
       5
       1
       4
       3
       6
       2
       4
       5
       5
       7
       4
       6
       5
       6
       5
       8
       6
       3
       6
       4
       8
       5
       6
       1
       5
       8
       1
       6
       3
       9
       4
       5
       3
       4
       6
       6
       7
       5
       4
       3
       2
       9
       8
       4
       3
       3
      10
       9
       5
       4
       3
       4
       3
       1
       4
       7
       6
       4
       8
       8
       3
       5
       2
       2
       7
       3
       3
       6
       4
       8
       4
       9
       5
       4
       4
       6
       4
       4
       3
       8
       6
       5
       6
       4
       2
       6
      11
       7
       7
       5
       3
       5
       3
       4
       6
       5
       2
       4
       5
       4
       5
       2
       8
       4
       7
       4
      10
       2
       4
       1
       4
       6
       1
       2
       3
       2
       4
       5
       1
       4
       1
       3
       5
       3
       4
       3
       4
       2
       4
       3
       6
       3
       1
       3
       1
       5
       3
       5
       3
       4
       3
       4
       3
       3
       4
       3
       3
       6
       3
       2
       4
       2
       1
       3
       2
       3
       6
       7
       2
       4
       2
       4
       3
       3
       3
       2
       4
       1
       3
       2
       0
       3
       3
       3
       2
       5
       2
       5
       3
       2
       2
       2
       3
       0
       4
       3
       2
       1
       2
       2
       0
       1
       0
       2
       5
       4
       1
       4
       4
       3
       4
       1
       1
       1
       1
       1
       5
       0
       1
       2
       1
       0
       2
       1
       4
       2
       4
       8
       5
       5
       2
       0
       3
       3
       2
       3
       1
       3
       3
       3
       3
       3
       4
       2
       3
       3
       2
       4
       0
       4
       0
       3
       3
       4
       1
       2
       1
       3
       3
       3
       2
       1
       6
       2
       3
       1
       4
       3
       4
       1
       4
       3
       4
       4
       3
       2
       4
       0
       0
       2
       5
       1
       1
       1
       3
       1
       6
       0
       3
       3
       4
       4
       4
       1
       3
       4
       3
       1
       2
       0
       5
       2
       2
       2
       2
       2
       4
       5
       2
       3
       5
       4
       4
       2
       4
       2
       3
       4
       2
       4
       3
       3
       3
       3
       0
       3
       2
       0
       0
       3
       1
       3
       4
       4
       3
       3
       1
       1
       2
       3
       0
       2
       3
       1
       1
       2
       5
       1
       0
       2
       3
       1
       1
       3
       4
       2
       2
       2
       3
       1
       2
       5
       0
       5
       1
       0
       3
       3
       4
       4
       1
       4
       4
       4
       2
       3
       5
       0
       6
       3
       3
       4
       4
       3
       4
       1
       2
       1
       4
       0
       3
       2
       5
       2
       4
       1
       2
       1
       1
       3
       2
       3
       4
       5
       3
       0
       1
       4
       1
       3
       2
       2
       1
       3
       2
       0
       1
       3
       3
       4
       4
       1
       6
       2
       3
       2
       2
       4
       2
       0
       3
       0
       1
       3
       2
       2
       3
       1
       4
       4
       2
       3
       2
       5
       1
       2
       2
       3
       2
       3
       1
       3
       4
       3
       3
       4
       1
       4
       3
       1
       0
       2
       3
       1
       2
       2
       3
       4
       1
       2
       3
       1
       2
       1
       2
       4
       2
       4
       3
       2
       3
       2
       4
       2
       3
       1
       3
       3
       2
       0
       4
       1
       3
       2
       5
       3
       1
       1
       0
       5
       5
       1
       3
       2
       7
       2
       2
       4
       6
       3
       2
       2
       2
       0
       1
       2
       2
       4
       2
       3
       6
       5
       4
       3
       1
       3
       3
       3
       5
       3
       4
       1
       0
       3
       0
       4
       2
       6
       4
       1
       2
       2
       2
       3
       0
       0
       0
       3
       1
       1
       1
       0
       0
       3
       2
       4
       3
       2
       3
       2
       3
       2
       2
       0
       0
       4
       2
       7
       1
       4
       4
       1
       7
       1
       4
       3
       3
       4
       2
       2
       2
       2
       4
       3
       2
       0
       3
       2
       1
       4
       5
       4
       0
       1
       2
       3
       2
       4
       3
       3
       1
       6
       3
       4
       1
       2
       2
       1
       0
       4
       1
       3
       1
       2
       4
       0
       3
       0
       1
       5
       2
       3
       4
       2
       2
       2
       4
       1
       0
       3
       2
       2
       1
       1
       1
       1
       1
       0
       0
       0
       2
       0
       0
       7
       2
       0
       1
       3
       2
       1
       1
       1
       5
       4
       1
       2
       4
       3
       5
       1
       1
       2
       5
       3
       5
       2
       2
       3
       2
       3
       2
       2
       2
       2
       3
       1
       3
       2
       3
       2
       1
       2
       2
       1
       1
       2
       4
       2
       2
       0
       1
       2
       4
       2
       3
       5
       0
       3
       6
       4
       0
       2
       3
       3
       2
       3
       2
       3
       3
       1
       5
       2
       1
       2
       3
       3
       3
       0
       0
       2
       2
       3
       2
       1
       2
       1
       0
       1
       2
       1
       4
       1
       0
       2
       1
       2
       2
       2
       2
       4
       3
       2
       2
       1
       5
       4
       6
       2
       3
       1
       0
       2
       2
       2
       1
       2
       4
       2
       3
       5
       1
       4
       6
       1
       0
       2
       3
       1
       4
       4
       2
       1
       2
       0
       1
       5
       3
       2
       1
       0
       2
       1
       3
       1
       2
       2
       1
       3
       2
       3
       2
       1
       1
       3
       4
       3
       0
       1
       1
       5
       2
       0
      10
       2
       1
       4
       3
       1
       5
       1
       3
       2
       3
       5
       2
       2
       1
       1
       2
       0
       2
       2
       1
       1
       2
       0
       1
       4
       1
       3
       3
       1
       2
       5
       3
       3
       2
       2
       1
       4
       3
       5
       1
       1
       4
       2
       3
       2
       3
       2
       4
       4
       2
       3
       1
       3
       4
       5
       3
       2
       0
       1
       1
       2
       1
       3
       1
       0
       1
       1
       2
       3
       3
       3
       4
       2
       2
       1
       1
       2
       4
       4
       1
       2
       3
       4
       3
       6
       2
       2
       1
       4
       2
       2
       4
       2
       4
       3
       7
       2
       1
       5
       3
       2
       0
       1
       2
       0
       1
       3
       6
       5
       2
       6
       3
       2
       5
       1
       1
       2
       1
       1
       1
       2
       4
       4
       1
       2
       1
       1
       3
       5
       2
       2
       4
       3
       3
       5
       0
       0
       1
       1
       0
       5
       1
       6
       1
       4
       3
       1
       4
       1
       3
       3
       2
       3
       2
       0
       3
       3
       1
       2
       0
       0
       1
       1
       2
       4
       7
       3
       2
       2
       1
       2
       1
       3
       5
       3
       1
       3
       1
       4
       2
       3
       0
       3
       3
       1
       3
       2
       3
       1
       2
       1
       5
       2
       2
       3
       0
       4
       2
       5
       1
       4
       3
       1
       4
       1
       1
       2
       0
       1
       3
       4
       0
       4
       3
       0
       1
       3
       4
       2
       2
       0
       0
       2
       3
       3
       2
       3
       0
       3
       4
       1
       4
       3
       5
       4
       2
       0
       3
       3
       2
       1
       1
       4
       2
       1
       2
       4
       3
       2
       1
       5
       1
       2
       0
       2
       2
       3
       2
       5
       2
       7
       3
       1
       2
       3
       3
       4
       1
       2
       2
       2
       2
       1
       3
       2
       2
       2
       2
       5
       4
       2
       1
       0
       1
       3
       2
       6
       5
       1
       3
       3
       2
       2
       2
       1
       2
       5
       5
       1
       1
       1
       2
       2
       3
       3
       1
       2
       2
       1
       2
       5
       1
       2
       4
       1
       0
       2
       4
       1
       1
       1
       2
       1
       5
       1
       3
       7
       3
       1
       1
       2
       1
       1
       2
       3
       3
       1
       2
       1
       4
       2
       5
       2
       3
       1
       2
       2
       2
       5
       4
       3
       2
       4
       1
       1
       2
       2
       2
       2
       0
       4
       1
       2
       0
       3
       1
       3
       1
       0
       3
       0
       3
       1
       2
       3
       3
       3
       2
       2
       2
       3
       1
       2
       4
       2
       2
       2
       1
       1
       3
       5
       2
       1
       2
       7
       1
       3
       3
       2
       2
       4
       2
       3
       1
       4
       2
       1
       1
       4
       4
       4
       4
       2
       4
       2
       2
       2
       1
       1
       3
       2
       3
       1
       3
       3
       4
       4
       3
       2
       5
       2
       2
       2
       2
       4
       2
       2
       1
       1
       2
       7
       0
       1
       2
       2
       3
       3
       3
       1
       1
       3
       3
       5
       3
       0
       5
       4
       1
       0
       1
       3
       3
       2
       2
       4
       1
       2
       1
       6
       6
       5
       3
       2
       1
       1
       2
       1
       3
       1
       2
       2
       1
       2
       2
       3
       0
       3
       2
       4
       2
       3
       4
       2
       1
       2
       2
       5
       2
       3
       0
       2
       2
       2
       3
       3
       2
       5
       2
       3
       1
       3
       6
       6
       1
       5
       3
       2
       3
       3
       3
       1
       1
       3
       0
       1
       2
       4
       2
       3
       1
       3
       5
       3
       2
       4
       4
       3
       1
       1
       3
       0
       2
       6
       2
       2
       1
       3
       1
       1
       1
       0
       1
       2
       7
       2
       4
       1
       1
       0
       3
       2
       2
       0
       3
       1
       6
       0
       1
       5
       1
       0
       2
       3
       1
       4
       2
       1
       3
       2
       1
       0
       4
       3
       6
       2
       3
       1
       4
       2
       3
       4
       1
       2
       0
       2
       2
       4
       3
       3
       1
       2
       1
       2
       5
       4
       4
       3
       3
       2
       1
       7
       2
       1
       3
       3
       4
       3
       1
       3
       3
       2
       2
       3
       3
       4
       6
       6
       4
       6
       5
       1
       0
       5
       1
       4
       4
       4
       5
       2
       5
       4
       1
       4
       0
       1
       3
       2
       3
       0
       1
       3
       0
       0
       2
       2
       0
       1
       2
       1
       2
       3
       1
       2
       2
       1
       1
       4
       2
       2
       0
       5
       1
       0
       6
       3
       2
       3
       0
       5
       0
       2
       3
       1
       2
       1
       1
       3
       2
       2
       3
       2
       4
       2
       2
       1
       1
       0
       4
       1
       5
       3
       3
       2
       2
       2
       1
       2
       2
       3
       1
       1
       3
       3
       5
       3
       2
       3
       3
       5
       1
       2
       5
       3
       1
       2
       3
       6
       1
       1
       3
       4
       2
       4
       3
       2
       3
       2
       1
       0
       1
       2
       5
       1
       1
       4
       4
       4
       1
       4
       4
       0
       1
       2
       3
       4
       2
       2
       3
       2
       1
       5
       2
       3
       1
       3
       1
       5
       1
       2
       1
       2
       2
       2
       2
       1
       3
       3
       1
       5
       0
       2
       1
       2
       0
       2
       1
       1
       4
       2
       5
       2
       1
       5
       3
       3
       1
       4
       1
       3
       1
       0
       2
       1
       2
       2
       1
       4
       2
       1
       3
       0
       2
       5
       4
       3
       1
       1
       2
       4
       1
       2
       2
       1
       3
       4
       5
       3
       1
       2
       1
       0
       1
       4
       3
       1
       2
       2
       1
       2
       2
       2
       3
       1
       5
       3
       5
       0
       4
       4
       1
       2
       4
       2
       3
       2
       4
       3
       7
       1
       3
       2
       1
       1
       3
       2
       3
       2
       0
       0
       0
       3
       3
       1
       0
       2
       3
       1
       2
       2
       2
       0
       2
       3
       5
       1
       0
       3
       5
       7
       4
       1
       4
       2
       1
       0
       2
       2
       2
       2
       2
       3
       2
       0
       3
       2
       1
       3
       6
       4
       5
       3
       0
       6
       3
       2
       4
       0
       4
       1
       4
       1
       5
       3
       2
       1
       2
       6
       3
       1
       1
       0
       4
       3
       5
       1
       4
       1
       3
       3
       2
       4
       0
       5
       2
       2
       4
       2
       6
       2
       0
       2
       0
       3
       1
       3
       1
       2
       3
       6
       2
       0
       3
       3
       2
       1
       7
       1
       3
       0
       3
       2
       4
       4
       4
       1
       2
       0
       2
       3
       3
       7
       6
       3
       0
       3
       4
       1
       8
       0
       0
       0
       3
       1
       5
       2
       5
       4
       0
       2
       5
       3
       1
       2
       4
       3
       5
       3
       2
       3
       1
       1
       7
       0
       2
       2
       2
       1
       2
       5
       4
       1
       2
       0
       0
       6
       2
       2
       3
       2
       4
       1
       2
       2
       3
       1
       3
       0
       3
       1
       2
       1
       4
       1
       1
       3
       1
       2
       0
       0
       0
       0
       0
       0
       0
       0
       0
       0
       0
       0
       0
       0
       0
       0
       0
       0
       0
       0
       0
       0
       0
       0
       0
       0
       0
       0
       0
       0
       0
       0
       0
       0
       0
       0
       0
       0
       0
       0
       0
       0
       0
       0
       0
       0
       0
       0
       0
       0
       0
       0
       0
       0
       0
       0
       0
       0
       0
       0
       0
       0
       0
       0
       0
       0
       0
       0
       0
       0
       0
       0
       0
       0
       0
       0
       0
       0
       0
       0
       0
       0
       0
       0
       0
       0
       0
       0
       0
       0
       0
       0
       0
       0
       0
       0
       0
       0
       0
       0
       0
       0
       0
       0
       0
       0
       0
       0
       0
       0
       0
       0
       0
       0
       0
       0
       0
       0
       0
       0
       0
       0
       0
       0
       0
       0
       0
       0
$ROI:
3
6725 6813
6948 7045
7244 7256
$PRESETS:
None
0
0
$ENER_FIT:
-0.000074 0.728814
$MCA_CAL:
3
-7.366740E-005 7.288145E-001 -2.624510E-006 keV
$SHAPE_CAL:
3
0.000000E+000 0.000000E+000 0.000000E+000
