$SPEC_ID:
No sample description was entered.
$SPEC_REM:
DET# 1
DETDESC# PPF18-07 Easy-MCA-8k SN 14274550
AP# Maestro Version 7.01
$DATE_MEA:
11/22/2022 13:57:02
$MEAS_TIM:
4509 7768
$DATA:
0 8191
       0
       0
       0
       0
       0
       0
       0
       0
       0
       0
       0
       0
       0
       0
       0
       0
       0
       1
       0
       0
       0
       0
       0
       0
       1
    3640
  249087
 4400268
  248595
   27694
   35949
   49989
   67730
   85193
   94257
   89633
   73314
   54700
   41376
   32818
   26536
   22365
   18057
   14622
   11382
    9022
    6862
    5166
    4003
    3077
    2381
    1815
    1605
    1338
    1194
    1034
     970
     930
     901
     904
     853
     903
     751
     730
     700
     654
     609
     547
     513
     398
     386
     336
     270
     210
     204
     200
     141
     124
     100
     113
      98
      80
      83
      87
      74
      66
      61
      69
      62
      67
      70
      59
      46
      49
      50
      54
      41
      29
      39
      41
      40
      27
      30
      35
      35
      31
      28
      24
      23
      18
      16
      21
      15
      20
      14
      23
      16
      17
      17
      13
      18
      24
      18
      22
      12
      15
      17
      24
      11
      10
       7
      12
      13
      14
       8
      19
      19
      15
      14
      11
       5
      13
      16
      12
      13
      14
      15
      17
      12
      20
      10
      19
       7
      19
       8
      15
       9
      17
       6
      16
      16
      12
      16
      16
       8
      15
      13
      10
      13
      10
       8
      13
      15
      11
       9
      13
      15
      11
      14
      14
      12
      11
      11
      13
      13
      13
       9
      16
      13
      23
       5
      14
       6
      10
      12
      12
      13
      11
      18
       9
      16
      10
      15
      15
      14
      17
      13
      14
      17
      14
       7
      12
      16
      15
      18
      14
      12
      10
      14
       6
      12
      13
      15
      11
       7
      12
      13
      12
      17
       9
      11
      15
      13
      11
      12
      16
      11
      11
      11
      15
       8
      14
      13
       7
       9
       8
      14
      14
      14
      11
      11
      10
       6
      12
      16
       8
       7
      13
      15
       5
      19
      13
      12
      13
      12
      14
       8
       7
      16
       7
       8
      10
       9
      10
      15
       7
       8
      14
       7
      10
      12
       9
      12
       7
      10
       8
      14
      12
       8
      11
      11
       5
      10
       4
       7
      14
       7
       8
       9
      11
       7
      10
       8
       9
       3
       9
      16
      10
       8
       8
      25
      12
       6
      12
       7
       7
      14
      12
      10
       6
       7
       5
      10
       9
      13
      11
      12
      10
      13
      10
      12
      10
      12
       7
      11
      15
       7
      10
      10
      11
      11
      11
      13
       7
      10
       7
      10
       9
       8
      11
      11
      10
      11
       9
      12
       6
      10
      11
      13
       9
       7
      14
      13
      10
       7
       9
      11
       9
      14
      12
      11
      14
       9
       6
      10
      13
      12
       8
       7
      10
      15
       8
       8
      11
      11
       8
       7
       7
       8
      10
       6
       5
       9
      12
      10
      10
      10
       6
      11
       9
       8
      12
       9
       3
      13
       6
      13
      16
       4
       7
      11
       9
      15
      10
      10
       6
       6
       8
      12
      10
       9
      12
      12
      13
       8
      12
       9
       9
      10
      14
      16
       5
      10
       9
       9
       9
      14
      13
       4
      12
      13
       9
       7
      17
       7
      11
       7
       9
       6
       8
       6
       7
       5
       6
       8
       9
       7
      14
      10
       7
      12
       9
       7
       9
      13
      10
       8
       7
       8
      11
       7
      12
      16
      18
       6
       8
       9
       4
      11
      10
       9
       9
      12
      16
       4
       7
       8
       9
       9
      13
      12
      15
       6
       7
      13
       9
       6
      13
       8
       8
       8
      11
      12
       6
       9
      13
      13
      10
       8
       5
       9
      12
       9
      11
      10
       4
      14
      17
       6
       8
       7
      14
      16
       9
      10
       9
      10
       5
       9
      11
      10
      10
       8
       6
      11
       9
      15
       7
      10
       7
      15
       3
      17
      10
       8
       3
       8
       7
       6
      12
      19
      13
      10
       7
       6
      11
      16
       8
      13
      11
      10
       9
      11
      13
      10
      12
      12
       8
      15
      19
      12
      15
      11
       8
      11
       9
      17
      11
       8
       7
       9
       6
       8
       9
       8
      12
      16
      15
      10
       8
       7
      11
       6
       9
       8
      10
      15
       8
      11
      12
      12
       8
      10
      16
       8
      11
      13
       8
      14
      12
       8
       6
       5
       6
       9
       9
      13
      10
      11
      16
      12
       9
      11
       6
      13
       7
      13
      13
       8
       6
       6
      11
       8
       6
      13
      13
      12
       6
      17
       8
       7
      13
      10
      10
      16
       6
      18
      10
       8
      13
      14
      12
      13
       9
      11
      12
      14
      13
       9
       7
       9
      16
      14
      11
       8
       9
      12
       9
       9
       6
      11
       8
      15
      12
      17
       5
      10
      10
      10
      13
      14
       7
      15
      14
      10
       7
      10
      16
      10
      13
       6
      13
       6
       9
      13
      12
      11
      12
      14
       7
       9
      14
       8
      12
       6
      11
      12
      10
      13
      12
      11
       7
      13
       9
      16
      14
      13
      13
       7
       7
       9
       6
      10
      10
       5
       9
      11
       8
      10
      11
       9
      15
      17
      11
      14
       7
      11
      12
      12
      12
       7
       8
       9
      12
       9
      14
      13
       4
      12
      14
      16
      15
      17
       5
       8
      14
       9
      12
       6
      11
      12
      14
      10
      12
      11
      11
      10
      14
      10
      13
      11
      13
       8
      11
      12
      15
      16
       8
      10
      14
      12
      11
      13
      14
      10
      10
      12
      18
      11
      12
      12
      19
      17
       7
      11
       4
       9
      15
      16
       9
       7
       7
       5
       9
      11
      15
       6
       7
      13
      16
       8
      14
      15
      15
      12
       5
      10
       8
      10
      10
       5
       9
       8
      14
       7
       7
       9
      17
      15
       8
      10
      13
      10
      10
      13
       4
       5
      16
       9
      12
      11
       8
       9
      16
      10
      14
       6
      10
      21
       8
      12
      10
      17
      12
      13
      15
      13
      16
      10
       9
      13
      10
       6
      18
      11
       8
      15
      13
      17
       8
      11
      13
      10
      11
      12
      10
      12
      18
      11
      13
      12
      19
      15
       7
      11
      10
      11
      12
      13
      10
      16
      19
      12
      14
      12
      16
      12
      11
      13
       7
      15
      10
      13
      17
      14
       6
      13
       9
       6
      12
      13
      17
      13
      17
       9
      14
      15
      14
      15
      16
       9
       6
       9
      14
      11
      12
       9
       9
      10
      15
      11
      13
      10
      14
      17
      17
      14
      17
      15
       9
       9
      10
       6
      16
      14
      17
      14
      10
      23
      13
       9
      13
      21
       5
      10
      21
      14
      10
      15
      18
      13
      21
      11
      13
      13
      15
      18
      24
       8
      15
       4
      14
      16
      15
      14
      26
       8
      18
      19
      14
      21
      10
      13
      13
      13
      18
      11
       8
      16
      17
      15
      10
      13
      15
      16
      10
      10
      11
      22
      10
      12
      17
       4
      16
      13
      10
       7
      11
      13
      12
      15
      16
      14
      13
      16
      13
      16
       8
      18
       6
      20
      13
      15
      21
      14
       9
      16
      24
      15
      10
      15
      14
      14
      15
      18
      17
      25
      15
      12
      12
      12
      12
      11
      13
      16
      16
      16
      10
      12
       8
      17
      15
      21
      16
      17
       6
      13
      11
      19
      17
      23
      10
      19
      14
      26
      14
      11
      18
      12
      14
       9
       9
      15
      18
      18
      19
      17
      12
      22
      11
      15
      10
      20
      18
      13
      20
      16
      16
      16
      19
      10
      16
      12
      20
      15
      10
      16
      16
      15
      16
      16
      16
      15
      14
      21
      16
      13
      15
       9
      24
      16
      12
      13
       9
      13
      14
      22
      16
      20
      18
      13
      18
      14
      15
      21
      18
      16
      25
      18
      11
      17
      18
      26
      18
      17
      19
      14
      17
      12
      16
      21
      17
      11
      13
      14
      23
      14
      20
      16
      13
      24
      19
      17
      14
      21
      22
      17
      18
      15
      13
      22
      11
       6
      12
      13
      27
      21
      21
      10
      22
      13
      13
      19
      16
      13
       7
      18
      16
      17
      17
      18
      19
      30
      18
      26
      12
      20
      21
      17
      17
      18
      19
      14
      15
      20
      16
      16
      24
      21
      19
      21
      19
      16
      17
      19
      14
      20
      18
      11
      17
      15
      19
      24
      22
      15
      21
      26
      20
      22
      14
      18
      21
      16
      26
      24
      23
      15
      17
      22
      24
      16
      22
      21
      19
      18
      20
      26
      23
      19
       9
      16
      19
      24
      21
      27
      25
      20
      21
      24
      18
      15
      15
      22
      20
      18
      17
      20
      17
      20
      21
      19
      26
      23
      20
      25
      22
      29
      20
      26
      19
      22
      27
      10
      20
      18
      24
      12
      20
      23
      17
      16
      28
      13
      22
      21
      31
      25
      25
      20
      14
      13
      13
      18
      17
      13
      30
      16
      18
      29
      13
      21
      20
      22
      26
      15
      21
      28
      28
      20
      40
      26
      28
      20
      13
      16
      24
      17
      23
      25
      15
      20
      22
      22
      20
      29
      25
      26
      22
      24
      21
      17
      22
      26
      27
      28
      19
      25
      18
      22
      17
      29
      20
      29
      22
      24
      17
      26
      25
      28
      15
      25
      35
      19
      21
      27
      26
      24
      26
      22
      27
      29
      24
      24
      33
      29
      38
      22
      21
      13
      26
      25
      23
      23
      27
      29
      23
      22
      29
      20
      20
      39
      22
      30
      34
      25
      37
      32
      22
      24
      19
      35
      29
      21
      25
      24
      26
      21
      27
      28
      23
      32
      17
      25
      24
      29
      31
      29
      27
      21
      25
      26
      27
      22
      21
      24
      21
      32
      33
      32
      38
      38
      24
      39
      25
      30
      31
      24
      32
      21
      37
      33
      30
      28
      25
      21
      23
      32
      29
      24
      37
      31
      22
      23
      25
      33
      25
      35
      25
      30
      30
      23
      24
      21
      21
      25
      27
      35
      42
      35
      25
      31
      33
      39
      31
      30
      28
      40
      35
      33
      29
      35
      26
      26
      27
      49
      33
      34
      27
      31
      31
      29
      23
      35
      34
      35
      26
      43
      27
      35
      33
      28
      33
      47
      27
      31
      32
      36
      40
      28
      37
      24
      30
      30
      29
      33
      34
      35
      30
      26
      26
      41
      33
      39
      27
      39
      25
      46
      37
      41
      34
      42
      36
      38
      36
      33
      43
      39
      35
      45
      37
      30
      32
      39
      31
      44
      42
      36
      44
      46
      52
      39
      42
      36
      52
      29
      37
      35
      35
      47
      42
      46
      41
      39
      47
      49
      36
      50
      33
      41
      50
      29
      45
      41
      41
      42
      50
      48
      53
      32
      42
      38
      51
      45
      34
      35
      37
      34
      46
      37
      35
      38
      48
      40
      31
      52
      44
      41
      38
      39
      44
      36
      46
      40
      50
      34
      33
      45
      40
      33
      42
      36
      33
      45
      24
      37
      34
      42
      38
      37
      49
      44
      43
      36
      51
      46
      44
      45
      39
      36
      45
      43
      50
      52
      50
      54
      56
      45
      47
      48
      36
      49
      40
      41
      37
      58
      38
      41
      41
      66
      63
      30
      41
      53
      40
      41
      50
      47
      41
      57
      45
      48
      52
      38
      36
      38
      48
      45
      48
      51
      46
      47
      41
      50
      45
      58
      47
      48
      45
      57
      38
      46
      38
      52
      48
      43
      51
      43
      54
      50
      41
      56
      41
      42
      50
      43
      51
      53
      49
      53
      63
      49
      56
      60
      34
      47
      58
      51
      59
      58
      57
      67
      50
      44
      48
      54
      59
      74
      57
      58
      64
      54
      51
      64
      49
      74
      52
      43
      58
      48
      54
      48
      52
      61
      61
      48
      68
      53
      55
      62
      63
      66
      58
      65
      48
      64
      53
      42
      62
      64
      60
      70
      68
      45
      58
      70
      64
      65
      62
      58
      51
      62
      54
      72
      64
      53
      69
      65
      54
      53
      64
      65
      61
      68
      60
      81
      56
      47
      63
      71
      74
      63
      73
      86
      63
      70
      53
      63
      69
      62
      57
      52
      64
      62
      67
      54
      60
      61
      66
      75
      65
      59
      55
      65
      74
      71
      60
      80
      74
      77
      65
      62
      65
      90
      91
      73
      69
      58
      65
      71
      72
      59
      74
      61
      68
      70
      61
      57
      77
      70
      64
      65
      92
      62
      72
      66
      69
      63
      72
      73
      80
      72
      72
      87
      75
      81
      86
      84
      66
      86
      82
      63
      74
      75
      63
      65
      77
      81
      73
      69
      75
      68
      89
      75
      85
      79
      70
      89
      88
      66
      85
      80
      78
      87
      79
      71
      81
      64
      72
      90
      86
      88
      85
      97
      82
      71
      86
      70
      97
      78
      97
      83
      82
      91
      99
      92
      67
      82
     103
      93
      87
      87
      89
      86
      72
      90
      74
      81
      93
      85
      87
      89
      93
      92
      99
      89
      97
     105
      91
      92
      74
      77
      85
      90
     104
     103
     101
      88
     108
     107
     104
      85
     102
      91
      98
      91
      97
      99
     112
     126
      75
     109
      81
     106
     111
      96
     100
      88
      89
      87
     110
      99
      94
      99
     105
      98
     105
     107
      92
     109
      82
      85
     110
      89
     106
     109
      98
      94
     104
      98
     104
      98
     121
     102
     115
      95
     108
     100
     119
     127
     120
      93
     115
     102
      93
      86
     127
      92
     119
     111
     112
     104
      99
      87
     105
     100
     132
     109
     106
     111
     116
     109
     116
      99
     119
     129
     125
     124
     119
     110
     138
     109
     106
     113
     116
     121
     107
     107
     137
     125
     116
     124
     109
     135
     116
     134
     127
     140
     150
     114
     133
     126
     125
     115
      99
     126
     146
     114
     114
     123
     127
     125
     133
     131
     144
     131
     129
     114
     144
     125
     121
     138
     131
     127
     138
     115
     146
     109
     131
     130
     133
     144
     128
     142
     145
     153
     122
     122
     128
     118
     118
     138
     126
     143
     143
     135
     138
     133
     136
     137
     132
     142
     151
     148
     133
     138
     151
     122
     125
     132
     163
     145
     156
     150
     149
     145
     147
     147
     136
     150
     155
     149
     151
     146
     173
     142
     163
     141
     163
     154
     132
     132
     156
     136
     135
     152
     149
     168
     155
     142
     163
     151
     169
     167
     135
     157
     158
     145
     134
     144
     160
     172
     163
     168
     158
     133
     177
     152
     160
     152
     149
     162
     169
     175
     178
     144
     153
     177
     188
     173
     183
     177
     164
     181
     179
     185
     165
     175
     175
     157
     178
     167
     174
     149
     194
     159
     193
     161
     160
     147
     166
     181
     191
     181
     173
     198
     156
     176
     182
     192
     195
     169
     145
     198
     193
     204
     184
     199
     199
     183
     163
     198
     196
     196
     210
     169
     197
     202
     177
     189
     175
     190
     197
     208
     184
     180
     190
     182
     221
     199
     213
     184
     172
     198
     202
     214
     206
     184
     214
     201
     186
     181
     191
     193
     203
     182
     191
     166
     216
     209
     178
     177
     227
     236
     221
     191
     203
     225
     234
     236
     194
     209
     219
     205
     221
     228
     225
     227
     222
     241
     201
     225
     214
     203
     208
     223
     216
     210
     211
     255
     225
     234
     230
     216
     237
     259
     226
     239
     239
     238
     237
     232
     238
     240
     240
     266
     228
     227
     232
     242
     269
     257
     244
     227
     239
     251
     236
     255
     266
     253
     242
     252
     258
     218
     291
     245
     226
     266
     240
     255
     268
     264
     259
     245
     240
     247
     243
     284
     266
     283
     265
     268
     236
     246
     331
     258
     278
     276
     260
     286
     273
     301
     295
     279
     289
     288
     270
     294
     277
     289
     268
     314
     283
     246
     296
     241
     281
     309
     268
     290
     297
     261
     291
     307
     294
     279
     298
     275
     308
     312
     282
     292
     283
     303
     299
     275
     289
     297
     305
     343
     318
     291
     303
     310
     316
     299
     296
     320
     286
     327
     295
     294
     346
     305
     301
     326
     313
     310
     307
     362
     290
     311
     324
     303
     351
     333
     314
     324
     327
     344
     349
     294
     263
     353
     346
     294
     354
     336
     341
     327
     334
     336
     323
     348
     315
     334
     343
     312
     314
     320
     330
     356
     339
     336
     334
     356
     334
     360
     326
     337
     368
     349
     358
     377
     374
     339
     358
     360
     376
     362
     352
     340
     363
     363
     362
     363
     404
     349
     369
     357
     367
     379
     374
     363
     323
     351
     355
     360
     378
     388
     405
     394
     377
     368
     366
     361
     394
     377
     384
     406
     399
     390
     382
     401
     410
     351
     382
     377
     394
     407
     405
     392
     399
     419
     414
     390
     384
     408
     438
     422
     441
     394
     424
     395
     395
     444
     409
     419
     380
     390
     409
     422
     424
     439
     414
     427
     456
     422
     462
     442
     444
     433
     428
     443
     454
     453
     461
     455
     480
     477
     486
     460
     442
     472
     445
     425
     443
     441
     433
     443
     475
     470
     471
     458
     479
     416
     441
     430
     472
     490
     457
     448
     479
     480
     474
     469
     470
     502
     502
     487
     487
     453
     493
     492
     456
     529
     462
     465
     511
     496
     532
     497
     493
     515
     522
     511
     513
     468
     533
     496
     491
     511
     516
     519
     457
     545
     505
     522
     508
     501
     554
     539
     516
     521
     499
     515
     539
     545
     523
     528
     555
     558
     532
     534
     553
     514
     523
     528
     536
     544
     579
     589
     575
     513
     562
     550
     506
     566
     527
     596
     551
     535
     544
     580
     560
     583
     558
     517
     616
     574
     577
     613
     615
     605
     579
     587
     573
     601
     610
     558
     597
     558
     618
     625
     620
     600
     582
     577
     603
     600
     610
     628
     586
     607
     632
     632
     632
     661
     628
     596
     587
     620
     649
     614
     601
     642
     638
     610
     619
     643
     629
     620
     600
     639
     649
     620
     632
     662
     643
     642
     667
     652
     688
     624
     658
     670
     725
     676
     655
     662
     705
     647
     621
     705
     660
     686
     656
     676
     649
     673
     708
     690
     707
     703
     685
     641
     688
     733
     672
     658
     713
     715
     678
     719
     779
     729
     717
     717
     736
     708
     725
     727
     698
     760
     734
     734
     720
     776
     744
     730
     741
     746
     763
     721
     740
     694
     747
     722
     771
     737
     779
     741
     753
     720
     738
     791
     793
     804
     795
     763
     756
     764
     717
     802
     767
     809
     811
     820
     762
     773
     772
     784
     807
     839
     824
     781
     820
     836
     850
     804
     840
     800
     788
     812
     825
     845
     798
     876
     868
     814
     838
     807
     772
     810
     868
     825
     837
     834
     837
     914
     834
     858
     896
     868
     831
     850
     873
     868
     856
     840
     849
     865
     845
     840
     913
     855
     887
     880
     872
     850
     884
     884
     828
     935
     847
     908
     955
     946
     912
     884
     894
     915
     936
     933
     882
     949
     954
     962
     914
     928
     920
     924
     930
     939
     963
     913
     905
     892
     940
     922
     954
     891
     940
     863
     949
     969
     932
     979
     972
     928
    1020
     997
     875
     978
     982
     939
    1011
     946
     932
     962
    1035
     990
     994
    1037
     940
     996
     920
    1026
    1002
    1018
     941
     989
    1001
     997
    1003
     974
    1013
    1001
    1041
    1030
     996
    1030
    1033
    1025
    1001
    1021
    1055
    1054
    1089
    1034
    1047
    1061
    1032
    1061
    1052
    1044
    1013
    1012
    1060
    1069
    1023
    1077
    1106
    1043
    1091
    1080
    1123
    1069
    1048
    1070
    1077
    1082
    1077
    1089
    1113
    1098
    1061
    1106
    1124
    1153
    1087
    1135
    1129
    1118
    1133
    1091
    1060
    1168
    1099
    1098
    1156
    1114
    1125
    1193
    1140
    1139
    1194
    1201
    1119
    1183
    1192
    1178
    1191
    1168
    1133
    1202
    1158
    1176
    1136
    1213
    1128
    1197
    1166
    1176
    1222
    1168
    1172
    1202
    1211
    1205
    1156
    1168
    1163
    1131
    1203
    1185
    1153
    1194
    1188
    1294
    1214
    1223
    1184
    1234
    1219
    1297
    1249
    1172
    1252
    1203
    1310
    1287
    1241
    1288
    1236
    1237
    1231
    1232
    1336
    1280
    1273
    1235
    1242
    1288
    1226
    1269
    1296
    1266
    1269
    1257
    1322
    1249
    1272
    1359
    1289
    1280
    1329
    1290
    1315
    1242
    1262
    1315
    1360
    1304
    1334
    1292
    1345
    1416
    1312
    1253
    1313
    1325
    1295
    1282
    1280
    1268
    1305
    1280
    1339
    1334
    1387
    1328
    1343
    1377
    1386
    1358
    1403
    1348
    1353
    1331
    1332
    1321
    1393
    1265
    1368
    1343
    1298
    1343
    1455
    1397
    1456
    1289
    1365
    1436
    1378
    1382
    1352
    1412
    1446
    1455
    1399
    1385
    1393
    1406
    1369
    1375
    1454
    1423
    1416
    1384
    1400
    1465
    1434
    1425
    1496
    1322
    1432
    1428
    1476
    1402
    1440
    1521
    1404
    1459
    1446
    1471
    1401
    1463
    1526
    1500
    1438
    1473
    1407
    1461
    1503
    1441
    1534
    1468
    1457
    1390
    1462
    1416
    1425
    1492
    1502
    1555
    1532
    1467
    1532
    1448
    1490
    1532
    1520
    1519
    1525
    1592
    1488
    1475
    1553
    1505
    1483
    1530
    1547
    1581
    1537
    1583
    1609
    1587
    1603
    1522
    1496
    1509
    1600
    1597
    1545
    1569
    1575
    1558
    1546
    1570
    1555
    1538
    1580
    1552
    1537
    1592
    1547
    1485
    1527
    1534
    1564
    1583
    1602
    1570
    1564
    1659
    1621
    1554
    1619
    1590
    1622
    1556
    1568
    1642
    1582
    1591
    1544
    1565
    1545
    1593
    1527
    1668
    1647
    1604
    1570
    1611
    1692
    1589
    1568
    1573
    1613
    1621
    1607
    1692
    1629
    1635
    1632
    1629
    1642
    1642
    1657
    1696
    1652
    1687
    1646
    1678
    1617
    1765
    1629
    1644
    1659
    1669
    1696
    1699
    1651
    1660
    1625
    1834
    1610
    1677
    1673
    1653
    1670
    1668
    1660
    1769
    1669
    1692
    1611
    1748
    1685
    1653
    1738
    1673
    1813
    1715
    1729
    1818
    1730
    1691
    1686
    1760
    1710
    1727
    1653
    1725
    1705
    1783
    1621
    1694
    1680
    1792
    1738
    1749
    1826
    1741
    1725
    1723
    1722
    1710
    1724
    1734
    1825
    1760
    1659
    1790
    1747
    1740
    1757
    1740
    1760
    1796
    1731
    1698
    1720
    1714
    1742
    1792
    1709
    1773
    1687
    1706
    1795
    1776
    1713
    1720
    1791
    1798
    1804
    1733
    1813
    1750
    1748
    1819
    1868
    1799
    1811
    1814
    1721
    1675
    1789
    1776
    1843
    1830
    1762
    1765
    1815
    1838
    1730
    1762
    1804
    1764
    1789
    1805
    1853
    1774
    1710
    1797
    1764
    1817
    1780
    1803
    1851
    1899
    1800
    1791
    1872
    1722
    1924
    1827
    1799
    1832
    1795
    1880
    1786
    1817
    1856
    1764
    1786
    1759
    1775
    1955
    1839
    1891
    1789
    1826
    1842
    1834
    1784
    1820
    1769
    1804
    1766
    1799
    1828
    1775
    1791
    1795
    1860
    1845
    1861
    1810
    1863
    1835
    1805
    1819
    1846
    1826
    1837
    1850
    1802
    1867
    1787
    1826
    1830
    1819
    1891
    1835
    1823
    1907
    1843
    1728
    1806
    1853
    1881
    1869
    1890
    1899
    1879
    1786
    1829
    1861
    1857
    1783
    1836
    1883
    1788
    1857
    1973
    1881
    1844
    1951
    1871
    1807
    1894
    1887
    1799
    1915
    1801
    1844
    1832
    1838
    1835
    1877
    1884
    1934
    1880
    1812
    1835
    1862
    1856
    1827
    1941
    1857
    1819
    1839
    1840
    1869
    1899
    1825
    1873
    1848
    1820
    1879
    1853
    1876
    1858
    1830
    1807
    1932
    1786
    1835
    1873
    1848
    1854
    1857
    1932
    1813
    1825
    1858
    1809
    1868
    1854
    1822
    1807
    1828
    1833
    1859
    1767
    1838
    1869
    1905
    1877
    1819
    1796
    1948
    1809
    1858
    1722
    1790
    1831
    1770
    1808
    1814
    1839
    1836
    1874
    1873
    1803
    1883
    1814
    1811
    1849
    1869
    1858
    1828
    1806
    1823
    1865
    1822
    1802
    1769
    1932
    1874
    1744
    1911
    1792
    1880
    1780
    1763
    1916
    1814
    1845
    1846
    1818
    1863
    1766
    1824
    1810
    1811
    1812
    1839
    1808
    1832
    1835
    1838
    1822
    1771
    1861
    1817
    1779
    1806
    1861
    1874
    1719
    1840
    1765
    1765
    1780
    1772
    1822
    1794
    1816
    1773
    1815
    1733
    1781
    1862
    1807
    1794
    1816
    1730
    1751
    1804
    1736
    1789
    1775
    1722
    1692
    1800
    1692
    1718
    1669
    1831
    1706
    1767
    1845
    1706
    1753
    1765
    1779
    1755
    1815
    1713
    1773
    1731
    1784
    1724
    1714
    1667
    1701
    1702
    1782
    1778
    1777
    1768
    1747
    1739
    1676
    1684
    1788
    1733
    1775
    1717
    1699
    1752
    1703
    1707
    1820
    1744
    1628
    1778
    1660
    1737
    1661
    1690
    1733
    1696
    1720
    1714
    1668
    1803
    1675
    1719
    1674
    1715
    1650
    1703
    1680
    1694
    1732
    1716
    1658
    1702
    1632
    1742
    1621
    1641
    1630
    1637
    1693
    1603
    1651
    1711
    1708
    1697
    1594
    1585
    1595
    1631
    1712
    1654
    1637
    1630
    1653
    1591
    1674
    1616
    1723
    1708
    1610
    1701
    1707
    1693
    1649
    1643
    1610
    1644
    1628
    1592
    1615
    1582
    1593
    1578
    1540
    1592
    1565
    1623
    1648
    1612
    1591
    1613
    1558
    1583
    1514
    1547
    1530
    1609
    1614
    1643
    1588
    1506
    1598
    1610
    1563
    1558
    1561
    1549
    1553
    1566
    1566
    1481
    1529
    1558
    1530
    1532
    1569
    1517
    1499
    1522
    1553
    1526
    1488
    1525
    1473
    1542
    1503
    1474
    1434
    1467
    1520
    1542
    1483
    1453
    1592
    1459
    1441
    1474
    1484
    1569
    1442
    1504
    1479
    1483
    1494
    1408
    1461
    1467
    1518
    1438
    1441
    1469
    1420
    1484
    1443
    1452
    1370
    1450
    1361
    1452
    1484
    1423
    1422
    1426
    1352
    1411
    1401
    1413
    1358
    1404
    1368
    1359
    1440
    1379
    1371
    1321
    1399
    1435
    1351
    1372
    1396
    1403
    1373
    1306
    1411
    1365
    1369
    1289
    1383
    1376
    1344
    1310
    1366
    1322
    1291
    1283
    1213
    1341
    1372
    1312
    1328
    1376
    1328
    1307
    1277
    1342
    1297
    1351
    1303
    1284
    1271
    1288
    1318
    1285
    1332
    1295
    1281
    1249
    1330
    1242
    1228
    1206
    1229
    1264
    1243
    1245
    1205
    1193
    1259
    1252
    1282
    1256
    1252
    1219
    1270
    1211
    1164
    1279
    1201
    1181
    1156
    1157
    1189
    1201
    1247
    1192
    1177
    1134
    1112
    1152
    1148
    1153
    1163
    1202
    1218
    1160
    1118
    1177
    1173
    1106
    1204
    1183
    1135
    1172
    1141
    1041
    1169
    1124
    1148
    1087
    1108
    1114
    1083
    1160
    1137
    1079
    1119
    1139
    1104
    1079
    1123
    1085
    1074
    1137
    1101
    1097
    1058
    1113
    1049
    1066
    1091
    1011
    1089
    1097
    1048
    1035
    1113
    1071
    1013
     966
     981
    1053
    1068
    1026
    1043
    1022
     999
     930
    1087
     962
    1033
     997
    1010
     988
     989
     995
     975
     987
     946
    1024
     990
     912
     949
    1000
     927
     965
     936
     961
     942
     980
     968
     984
     896
     923
     938
     913
     937
     935
     931
     899
     900
     910
     956
     926
     928
     925
     936
     914
     934
     890
     883
     841
     896
     916
     842
     857
     881
     866
     916
     873
     874
     872
     862
     818
     882
     875
     879
     892
     861
     799
     799
     867
     822
     796
     825
     784
     830
     804
     802
     817
     747
     760
     820
     753
     801
     818
     786
     789
     826
     758
     769
     761
     735
     746
     719
     810
     760
     759
     788
     730
     742
     746
     705
     741
     769
     736
     714
     762
     818
     757
     726
     718
     772
     695
     754
     624
     716
     703
     691
     690
     692
     680
     712
     708
     663
     734
     689
     672
     636
     711
     675
     665
     626
     628
     645
     656
     662
     678
     616
     660
     611
     666
     633
     630
     649
     615
     608
     679
     644
     620
     702
     623
     629
     658
     614
     641
     582
     602
     612
     565
     547
     589
     602
     565
     604
     562
     613
     542
     582
     566
     596
     549
     573
     557
     585
     576
     552
     536
     484
     555
     508
     578
     579
     549
     534
     524
     534
     559
     509
     588
     501
     534
     532
     511
     538
     503
     498
     503
     523
     542
     509
     506
     499
     465
     515
     470
     520
     498
     527
     493
     478
     490
     472
     482
     459
     484
     435
     474
     472
     454
     428
     470
     441
     448
     436
     435
     423
     424
     425
     452
     404
     397
     460
     421
     417
     414
     445
     420
     389
     374
     330
     430
     394
     419
     415
     403
     435
     379
     406
     415
     372
     400
     388
     390
     420
     374
     383
     408
     411
     403
     382
     373
     386
     383
     361
     385
     362
     357
     372
     346
     365
     372
     348
     341
     365
     356
     331
     346
     333
     343
     344
     328
     330
     333
     323
     359
     352
     340
     331
     336
     360
     321
     322
     294
     286
     332
     320
     340
     311
     306
     318
     299
     278
     301
     302
     314
     303
     290
     284
     317
     286
     299
     316
     281
     245
     297
     277
     267
     268
     269
     291
     250
     255
     285
     276
     259
     255
     256
     261
     258
     272
     261
     229
     256
     231
     246
     260
     260
     248
     227
     241
     241
     245
     241
     215
     193
     252
     256
     230
     229
     219
     263
     259
     218
     234
     213
     204
     214
     226
     229
     242
     220
     214
     231
     202
     210
     210
     191
     208
     203
     197
     220
     223
     165
     181
     176
     198
     187
     168
     206
     204
     178
     195
     203
     172
     156
     185
     193
     186
     176
     171
     175
     194
     176
     177
     162
     178
     164
     160
     168
     181
     168
     175
     155
     157
     164
     147
     143
     134
     151
     144
     160
     175
     156
     143
     167
     149
     169
     130
     151
     142
     142
     124
     123
     140
     143
     129
     156
     143
     136
     131
     146
     152
     139
     133
     124
     148
     129
     104
     125
     140
     130
     119
     134
     126
     103
     126
     120
     119
     111
     128
     107
     125
     102
     107
      90
     124
     113
     108
     108
     125
     124
     115
     116
     108
     135
     100
     110
     112
     109
     130
     108
      96
      96
      97
     101
     107
      97
     106
     112
     101
     103
      99
      96
     100
      84
      86
      95
      88
      91
      90
     115
      74
      99
      85
      99
      92
      96
      77
      96
      98
      53
      82
      80
      78
      85
      77
      83
      71
      86
      82
      81
      81
      79
      79
      80
      72
      97
      59
      59
      67
      77
      64
      69
      62
      71
      86
      74
      52
      55
      68
      69
      64
      61
      54
      62
      56
      58
      55
      60
      37
      53
      47
      65
      52
      63
      52
      51
      62
      66
      57
      55
      42
      55
      48
      60
      56
      55
      46
      61
      45
      58
      45
      49
      42
      39
      54
      22
      46
      62
      44
      42
      54
      48
      53
      40
      45
      51
      43
      45
      35
      43
      41
      44
      50
      40
      45
      31
      37
      40
      48
      44
      47
      36
      43
      32
      31
      28
      33
      35
      36
      41
      21
      40
      25
      31
      51
      36
      28
      40
      29
      27
      24
      38
      34
      37
      39
      34
      29
      25
      32
      30
      26
      42
      40
      33
      38
      38
      33
      21
      32
      30
      37
      23
      31
      27
      32
      16
      38
      26
      34
      31
      17
      36
      26
      28
      28
      25
      39
      26
      25
      30
      31
      31
      25
      25
      23
      29
      35
      24
      34
      20
      29
      32
      25
      21
      24
      17
      20
      26
      23
      17
      18
      18
      20
      18
      24
      22
      21
      21
      22
      32
      21
      12
      20
      12
      28
      23
      21
      18
      18
      27
      25
      16
      20
      14
      27
      20
      21
      15
      10
      19
      22
      18
      10
      21
      18
      22
      15
      23
      10
      20
      19
      17
      12
      22
      18
      17
      20
      10
      14
      12
      18
      12
      16
      18
       9
      11
       9
       9
      15
      16
      17
      15
      12
      11
      14
      13
      14
      13
      14
      15
      17
      14
       7
       6
      11
      12
       6
      15
      14
      12
      11
       9
      15
      13
       9
       7
       6
       9
      17
      10
       9
      13
      15
      16
       5
      10
       9
      12
      16
      11
      10
       8
      14
      10
      10
      12
      13
       8
      13
       9
       7
      10
       9
      13
      12
       4
       6
       9
       4
       8
      15
       9
       7
       4
      10
      15
      15
       4
       8
       7
       9
       7
       6
       6
       6
       5
       9
       3
       5
       6
       9
      12
       3
       3
      10
       7
       8
       6
      11
       7
      11
      15
      14
       6
       4
      11
       6
       8
      11
       8
       4
       7
      12
       3
       6
       8
       8
       7
       7
      10
      10
       2
      11
       7
       2
       6
       8
       5
       9
       7
       6
       6
      11
       9
       2
       5
       6
       5
       5
       4
       6
       5
       2
       7
       7
      10
       4
       9
       5
       1
       4
       8
       4
       5
       4
       3
       4
       7
       2
       7
       9
       8
       7
       3
       3
       4
       2
       6
       8
       7
       5
       9
       3
       4
       4
       8
       3
       7
       3
       3
       2
      10
       7
       3
       1
       4
       6
       4
       7
       2
       4
       8
       4
       2
       6
       1
       5
       2
       2
       5
       6
       3
       0
       2
       6
       6
       7
       5
       3
       5
       5
       3
       9
       5
       7
       3
       8
       5
       4
       9
       6
       9
       1
       4
       7
       5
       6
       6
      12
       5
       2
       4
       7
       3
       3
       5
       4
       2
       4
       2
       1
       6
       3
       7
       5
       3
       5
       1
       3
       2
       2
       5
       4
       6
       2
       7
       2
       2
       5
       5
       7
       6
       9
       4
       5
       6
       6
       2
       3
      12
       5
       5
       4
       3
       6
       2
       4
       5
       5
       1
       4
       3
       3
       6
       3
       5
       5
       4
       3
       5
       4
       4
       2
       1
       2
       3
       4
       5
       4
       2
       3
       3
       4
       5
       6
       3
       6
       3
       8
       4
       7
       9
       5
       2
       5
       5
       4
       3
       3
       2
       3
       5
       1
       4
       0
       5
       4
       6
       1
       3
       4
       1
       6
       2
       9
       4
       6
       3
       4
       1
       6
       1
       3
       6
       2
       0
       5
       1
       7
       5
       3
       3
       3
       2
       1
       1
       6
       3
       1
       5
       2
       4
       5
       5
       0
       4
       6
       1
       2
       7
       5
       4
       3
       3
       2
       4
       4
       2
       3
       5
       4
       1
       3
       6
       1
       1
       6
       3
       3
       2
       7
       5
       7
       3
       3
       3
       3
       2
       3
       3
       4
       6
       7
       1
       3
       3
       3
       3
       3
       6
       2
       4
       2
       6
       5
       3
       1
       5
       4
       2
       5
       6
       5
       7
       8
       2
       7
       1
       5
       3
       2
       0
       2
       3
       3
       3
       3
       3
       3
       6
       2
       7
       3
       6
       6
       4
       2
       2
       4
       3
       5
       2
       5
       4
       5
       4
       5
       2
       3
       1
       3
       2
       6
       3
       1
       2
       6
       6
       3
       1
       3
       5
       6
       1
       0
       2
       7
       4
       3
       3
       4
       3
       3
       2
       5
       4
       6
       9
       6
       7
       2
       0
       3
       4
       1
       4
       4
       6
       4
       7
       4
       1
       4
       4
       6
       2
       3
       4
       3
       2
       3
       2
       8
       4
       3
       2
       4
       3
       0
       2
       6
       2
       2
       3
       5
       1
       7
       4
       2
       3
       3
       3
       0
       2
       2
       2
       3
       2
       2
       4
       2
       1
       4
       5
       3
       5
       4
       1
       4
       4
       5
       2
       8
       2
       4
       6
       2
       2
       2
       5
       2
       2
       1
       6
       0
       6
       3
       2
       2
       3
       3
       5
       5
       4
       4
       3
       4
       6
       5
       5
       4
       2
       2
       2
       7
       7
       2
       2
       2
       3
       4
       2
       4
       3
       5
       5
       6
       2
       6
       4
       2
       4
       1
       3
       1
       1
       3
       4
       3
       1
       2
       7
       4
       4
       3
       5
       8
       5
       3
       5
       3
       2
       4
       3
       4
       3
       2
       6
       2
       6
       4
       6
       4
       6
       4
       3
       2
       6
       1
       5
       3
       7
       1
       5
       4
       6
       2
       6
       3
       3
       2
       4
       3
       1
       4
       8
       1
       0
       5
       5
       3
       4
       2
       2
       3
       2
       2
       2
       2
       3
       0
       4
       2
       1
       2
       6
       6
       1
       2
       3
       4
       5
       1
       1
       7
       6
       1
       3
       6
       4
       2
       5
       5
       3
       3
       3
       4
       4
       3
       2
       3
       1
       1
       5
       1
       2
       0
       1
       0
       3
       7
       5
       2
       2
       1
       1
       3
       1
       4
       5
       3
       1
       4
       3
       2
       3
       1
       1
       1
       6
       1
       1
       2
       3
       5
       3
       3
       2
       3
       2
       1
       2
       5
       2
       4
       3
       4
       5
       5
       0
       8
       2
       2
       3
       2
       2
       2
       1
       4
       5
       2
       2
       1
       1
       0
       6
       3
       1
       0
       3
       4
       3
       1
       2
       3
       3
       2
       3
       4
       0
       3
       2
       5
       3
       3
       1
       1
       2
       0
       1
       4
       0
       2
       2
       2
       3
       3
       0
       0
       6
       1
       3
       3
       2
       2
       2
       3
       2
       3
       5
       6
       3
       0
       3
       4
       4
       0
       3
       8
       3
       1
       1
       2
       1
       7
       3
       4
       2
       2
       2
       1
       1
       1
       4
       2
       3
       3
       4
       2
       3
       5
       5
       4
       1
       2
       0
       2
       4
       5
       3
       4
       0
       0
       0
       3
       1
       2
       5
       1
       5
       2
       1
       2
       1
       2
       4
       3
       0
       0
       2
       2
       0
       1
       6
       3
       5
       2
       2
       3
       4
       1
       2
       3
       2
       5
       4
       2
       2
       1
       3
       3
       3
       1
       3
       4
       4
       4
       2
       6
       3
       4
       4
       1
       4
       2
       3
       6
       1
       2
       0
       4
       2
       4
       3
       0
       1
       4
       1
       2
       3
       4
       1
       0
       0
       5
       3
       3
       3
       2
       3
       0
       3
       4
       0
       4
       2
       2
       7
       6
       3
       1
       1
       1
       5
       4
       0
       3
       0
       1
       2
       2
       4
       1
       1
       1
       3
       3
       0
       4
       4
       3
       3
       3
       4
       1
       4
       0
       2
       3
       5
       2
       0
       0
       4
       1
       1
       5
       2
       4
       2
       2
       6
       1
       1
       1
       4
       4
       3
       4
       1
       1
       0
       2
       1
       2
       3
       4
       7
       3
       0
       0
       2
       4
       3
       2
       3
       2
       8
       3
       1
       2
       3
       3
       3
       1
       3
       2
       4
       2
       6
       5
       1
       3
       3
       2
       1
       2
       5
       2
       1
       3
       1
       8
       1
       2
       1
       3
       3
       0
       2
       2
       3
       2
       1
       1
       4
       2
       4
       3
       2
       7
       0
       1
       3
       4
       2
       2
       1
       0
       1
       3
       0
       3
       5
       2
       1
       3
       2
       5
       1
       3
       2
       3
       3
       5
       2
       4
       3
       1
       2
       2
       1
       2
       4
       3
       2
       1
       0
       2
       2
       2
       1
       2
       3
       2
       2
       4
       2
       5
       3
       4
       0
       2
       2
       1
       2
       0
       2
       1
       2
       4
       2
       1
       3
       1
       2
       2
       3
       3
       2
       3
       3
       3
       0
       1
       2
       2
       1
       1
       2
       1
       0
       4
       2
       2
       2
       4
       3
       5
       2
       3
       2
       4
       1
       2
       3
       0
       3
       5
       2
       5
       3
       0
       4
       3
       1
       3
       2
       1
       0
       2
       0
       3
       6
       3
       3
       3
       3
       3
       5
       4
       1
       3
       4
       1
       2
       2
       1
       3
       1
       3
       3
       4
       1
       2
       3
       5
       4
       0
       6
       1
       2
       3
       2
       0
       2
       2
       2
       1
       3
       1
       2
       2
       3
       2
       2
       4
       3
       4
       6
       2
       3
       2
       4
       2
       2
       2
       1
       7
       2
       6
       0
       1
       3
       2
       1
       0
       4
       0
       2
       3
       3
       3
       3
       3
       3
       2
       1
       3
       1
       3
       1
       3
       6
       0
       3
       0
       1
       2
       2
       2
       2
       3
       4
       1
       2
       1
       3
       4
       2
       2
       1
       1
       2
       2
       1
       0
       2
       3
       6
       4
       2
       2
       1
       0
       3
       3
       4
       2
       4
       6
       4
       5
       0
       2
       4
       2
       0
       4
       3
       5
       3
       3
       3
       1
       4
       2
       3
       6
       3
       3
       1
       2
       2
       7
       1
       3
       4
       4
       2
       2
       2
       2
       2
       3
       3
       2
       0
       3
       5
       3
       1
       3
       4
       1
       3
       5
       1
       2
       4
       3
       3
       1
       3
       2
       3
       1
       3
       3
       4
       1
       5
       1
       6
       0
       3
       3
       5
       1
       2
       0
       5
       5
       0
       2
       1
       1
       0
       1
       3
       1
       0
       1
       3
       4
       1
       2
       1
       1
       4
       3
       3
       1
       1
       2
       5
       4
       1
       3
       4
       1
       1
       4
       2
       1
       3
       1
       0
       7
       4
       0
       2
       4
       1
       2
       1
       2
       1
       4
       0
       2
       3
       2
       1
       1
       2
       3
       4
       3
       2
       2
       1
       4
       1
       3
       6
       0
       1
       0
       3
       4
       2
       2
       2
       1
       1
       2
       3
       2
       2
       1
       2
       3
       2
       3
       2
       4
       2
       3
       6
       0
       4
       4
       3
       5
       3
       3
       3
       6
       0
       4
       2
       3
       2
       5
       0
       1
       5
       3
       1
       3
       1
       0
       3
       0
       0
       4
       5
       1
       2
       5
       1
       2
       2
       4
       3
       4
       1
       3
       2
       5
       2
       7
       3
       2
       0
       2
       5
       1
       3
       1
       2
       0
       2
       2
       4
       1
       2
       3
       2
       4
       2
       3
       4
       4
       0
       0
       4
       1
       0
       4
       4
       1
       2
       2
       2
       1
       5
       2
       1
       1
       2
       5
       2
       0
       2
       3
       2
       2
       4
       0
       0
       0
       1
       2
       1
       4
       0
       6
       0
       2
       3
       2
       3
       2
       4
       3
       1
       2
       5
       1
       1
       1
       5
       2
       1
       0
       2
       2
       1
       2
       3
       2
       3
       2
       0
       2
       2
       3
       2
       2
       0
       3
       3
       0
       1
       8
       2
       1
       3
       0
       1
       2
       0
       1
       4
       1
       3
       0
       1
       0
       1
       3
       3
       2
       3
       0
       2
       1
       3
       4
       3
       1
       3
       2
       5
       4
       1
       1
       2
       5
       0
       4
       5
       2
       2
       0
       2
       2
       0
       6
       4
       2
       4
       1
       3
       5
       4
       1
       2
       2
       5
       2
       2
       4
       3
       4
       2
       5
       3
       4
       1
       1
       3
       1
       2
       0
       0
       3
       3
       3
       3
       0
       5
       3
       4
       1
       2
       5
       1
       2
       2
       2
       1
       1
       6
       5
       2
       4
       5
       1
       3
       1
       5
       2
       2
       1
       3
       3
       1
       1
       0
       4
       2
       1
       0
       3
       5
       1
       3
       2
       2
       2
       4
       0
       1
       2
       1
       0
       5
       2
       2
       0
       0
       2
       2
       0
       3
       1
       1
       4
       3
       2
       6
       2
       0
       1
       4
       4
       0
       3
       3
       2
       2
       3
       1
       0
       4
       5
       1
       1
       0
       5
       3
       4
       1
       2
       1
       3
       2
       1
       1
       2
       2
       2
       1
       2
       2
       3
       3
       4
       2
       3
       4
       3
       3
       0
       2
       1
       1
       1
       2
       1
       1
       4
       4
       3
       0
       4
       3
       3
       1
       1
       4
       0
       3
       1
       1
       3
       2
       0
       2
       2
       0
       2
       1
       1
       3
       3
       5
       2
       2
       0
       0
       1
       3
       2
       0
       0
       0
       1
       0
       3
       3
       2
       3
       3
       2
       3
       5
       4
       0
       2
       4
       3
       2
       2
       0
       4
       6
       5
       4
       0
       0
       3
       2
       1
       2
       6
       4
       5
       4
       6
       2
       3
       3
       3
       4
       3
       2
       6
       7
       4
       3
       2
       3
       3
       2
       4
       3
       1
       2
       4
       5
       0
       2
       2
       1
       1
       1
       4
       2
       2
       2
       1
       2
       2
       1
       1
       3
       2
       2
       2
       1
       3
       3
       3
       1
       4
       2
       0
       5
       1
       6
       1
       1
       3
       1
       2
       2
       3
       1
       0
       0
       3
       1
       3
       1
       0
       2
       1
       7
       1
       1
       3
       3
       3
       3
       4
       2
       1
       2
       1
       2
       1
       3
       1
       3
       2
       3
       4
       2
       6
       0
       1
       3
       2
       1
       0
       2
       3
       1
       3
       6
       5
       1
       4
       4
       0
       2
       2
       1
       0
       3
       0
       4
       1
       1
       2
       2
       3
       0
       3
       1
       1
       0
       1
       2
       0
       1
       0
       0
       0
       2
       1
       1
       2
       2
       3
       1
       1
       4
       1
       0
       0
       2
       4
       3
       2
       1
       1
       2
       3
       1
       2
       2
       2
       4
       1
       1
       1
       0
       2
       3
       3
       1
       1
       1
       0
       1
       1
       1
       1
       3
       0
       0
       3
       1
       3
       1
       2
       2
       3
       2
       0
       2
       2
       2
       3
       2
       2
       2
       1
       1
       0
       2
       2
       2
       1
       5
       5
       1
       2
       3
       4
       4
       4
       1
       2
       0
       3
       2
       0
       2
       2
       3
       1
       2
       0
       2
       1
       1
       2
       1
       2
       2
       3
       2
       2
       0
       1
       4
       4
       4
       1
       1
       3
       1
       1
       2
       5
       1
       4
       1
       2
       4
       3
       2
       4
       0
       0
       2
       2
       0
       2
       1
       1
       4
       3
       2
       2
       2
       4
       2
       1
       1
       1
       1
       2
       1
       2
       1
       1
       3
       3
       0
       0
       3
       0
       0
       2
       2
       0
       1
       6
       1
       1
       3
       2
       4
       3
       5
       4
       2
       5
       2
       1
       1
       1
       2
       2
       2
       0
       2
       3
       1
       2
       0
       1
       1
       2
       1
       1
       3
       1
       4
       1
       4
       2
       4
       4
       1
       1
       0
       2
       2
       0
       1
       1
       1
       0
       0
       3
       0
       2
       0
       3
       4
       2
       0
       1
       1
       0
       0
       0
       2
       2
       2
       4
       0
       5
       3
       1
       1
       2
       0
       1
       2
       4
       3
       2
       3
       0
       4
       1
       0
       3
       5
       0
       0
       2
       1
       5
       0
       2
       1
       2
       1
       0
       3
       1
       1
       0
       1
       2
       1
       3
       0
       0
       3
       0
       0
       1
       2
       1
       1
       2
       1
       0
       3
       0
       1
       1
       1
       1
       1
       1
       1
       3
       2
       2
       1
       1
       2
       4
       2
       0
       0
       2
       3
       0
       1
       2
       1
       1
       1
       3
       2
       2
       0
       2
       1
       4
       2
       1
       3
       1
       2
       3
       0
       1
       3
       1
       2
       4
       1
       0
       2
       0
       3
       0
       1
       0
       4
       1
       3
       1
       3
       2
       1
       0
       4
       0
       0
       2
       0
       0
       1
       2
       1
       2
       3
       2
       1
       2
       0
       5
       1
       1
       3
       2
       1
       3
       0
       2
       0
       3
       0
       0
       1
       1
       2
       2
       2
       3
       0
       2
       2
       2
       0
       1
       0
       2
       1
       0
       3
       0
       3
       3
       0
       2
       1
       0
       4
       0
       4
       0
       2
       2
       3
       1
       1
       0
       1
       0
       1
       4
       1
       2
       1
       1
       1
       3
       1
       3
       1
       0
       2
       1
       0
       1
       0
       0
       0
       2
       4
       1
       2
       0
       0
       1
       1
       0
       2
       1
       0
       0
       2
       1
       1
       2
       1
       0
       2
       4
       0
       2
       1
       2
       0
       1
       1
       2
       2
       3
       1
       2
       0
       0
       1
       1
       2
       0
       4
       1
       4
       0
       0
       1
       0
       0
       1
       1
       4
       1
       1
       1
       6
       0
       3
       5
       1
       2
       3
       1
       1
       0
       2
       0
       1
       2
       2
       1
       1
       3
       3
       2
       0
       1
       2
       1
       0
       1
       1
       1
       2
       1
       0
       1
       0
       2
       3
       2
       3
       2
       2
       0
       2
       4
       4
       0
       1
       4
       2
       0
       0
       1
       0
       0
       1
       3
       0
       1
       3
       0
       1
       1
       2
       0
       2
       3
       1
       0
       1
       3
       1
       1
       0
       2
       2
       2
       0
       3
       0
       3
       2
       1
       4
       0
       1
       1
       2
       0
       0
       1
       3
       1
       0
       0
       3
       0
       0
       1
       3
       2
       0
       0
       1
       2
       0
       2
       3
       1
       2
       1
       1
       2
       0
       1
       0
       1
       1
       1
       1
       0
       0
       0
       1
       2
       1
       1
       1
       0
       2
       1
       0
       0
       0
       0
       0
       1
       2
       1
       2
       0
       2
       2
       4
       1
       0
       1
       1
       0
       1
       0
       2
       2
       1
       0
       1
       2
       2
       0
       0
       0
       3
       1
       2
       0
       0
       0
       0
       1
       3
       0
       1
       0
       2
       1
       1
       0
       0
       1
       0
       1
       2
       0
       2
       1
       1
       2
       1
       1
       1
       0
       0
       2
       0
       0
       2
       1
       2
       1
       0
       0
       1
       0
       0
       1
       1
       0
       1
       0
       3
       0
       1
       1
       0
       0
       3
       5
       1
       0
       1
       0
       0
       0
       0
       0
       1
       0
       0
       1
       0
       0
       0
       0
       0
       1
       1
       1
       1
       1
       1
       0
       2
       1
       0
       1
       1
       0
       3
       0
       2
       0
       0
       0
       2
       0
       0
       0
       1
       1
       0
       0
       0
       0
       0
       3
       1
       0
       1
       0
       0
       0
       0
       1
       0
       1
       0
       0
       1
       1
       4
       1
       2
       1
       1
       0
       1
       2
       1
       0
       1
       0
       0
       2
       0
       3
       0
       0
       1
       0
       0
       0
       0
       0
       0
       0
       1
       1
       1
       0
       0
       0
       0
       1
       0
       3
       2
       0
       0
       0
       0
       0
       1
       1
       1
       1
       0
       0
       1
       0
       0
       1
       1
       2
       0
       0
       0
       0
       0
       1
       1
       0
       0
       1
       0
       0
       0
       1
       0
       0
       0
       1
       1
       0
       0
       0
       1
       1
       2
       0
       0
       1
       1
       0
       0
       1
       1
       1
       0
       1
       0
       1
       0
       1
       1
       0
       0
       0
       3
       3
       0
       0
       0
       1
       1
       1
       0
       0
       0
       2
       1
       1
       0
       1
       0
       2
       2
       0
       1
       0
       2
       0
       1
       0
       1
       0
       0
       0
       0
       0
       0
       1
       0
       1
       0
       0
       2
       0
       0
       0
       1
       0
       0
       0
       2
       0
       0
       4
       0
       0
       0
       1
       0
       0
       0
       0
       1
       0
       1
       0
       0
       0
       0
       0
       1
       0
       0
       1
       1
       0
       0
       0
       0
       3
       1
       1
       1
       1
       0
       0
       1
       0
       0
       1
       0
       0
       1
       0
       1
       0
       1
       0
       0
       1
       1
       2
       0
       0
       0
       0
       2
       1
       0
       1
       1
       0
       0
       0
       1
       1
       1
       1
       2
       0
       0
       0
       1
       0
       0
       0
       0
       0
       0
       1
       0
       0
       0
       1
       2
       0
       0
       0
       0
       0
       0
       0
       0
       0
       0
       0
       0
       0
       0
       0
       0
       0
       1
       0
       0
       0
       0
       0
       0
       0
       0
       1
       0
       1
       0
       0
       0
       0
       1
       0
       0
       0
       0
       1
       2
       0
       0
       0
       0
       1
       0
       0
       0
       0
       1
       0
       0
       0
       0
       0
       0
       0
       0
       0
       0
       0
       0
       1
       0
       1
       0
       0
       0
       0
       0
       0
       0
       1
       0
       2
       0
       0
       0
       0
       0
       1
       0
       0
       0
       0
       0
       1
       0
       0
       0
       0
       0
       0
       0
       1
       1
       0
       0
       0
       0
       0
       0
       0
       1
       1
       1
       0
       0
       0
       1
       1
       1
       0
       0
       0
       0
       1
       0
       1
       1
       0
       0
       0
       0
       0
       2
       1
       1
       0
       0
       2
       0
       0
       0
       0
       0
       0
       0
       0
       0
       0
       0
       0
       0
       1
       0
       0
       1
       0
       0
       0
       0
       0
       0
       0
       0
       0
       1
       0
       0
       0
       0
       1
       1
       0
       1
       0
       0
       1
       0
       1
       0
       1
       0
       0
       0
       0
       0
       0
       0
       0
       0
       0
       1
       1
       0
       0
       0
       1
       0
       0
       0
       1
       0
       0
       1
       1
       1
       0
       1
       0
       2
       0
       0
       0
       0
       2
       0
       1
       0
       0
       1
       0
       0
       0
       0
       2
       0
       0
       1
       0
       0
       1
       0
       1
       0
       0
       0
       0
       0
       0
       0
       0
       0
       0
       0
       0
       0
       0
       0
       0
       0
       0
       0
       0
       0
       1
       0
       1
       0
       1
       0
       0
       0
       1
       0
       1
       0
       0
       0
       0
       0
       0
       1
       0
       1
       0
       0
       0
       0
       0
       0
       1
       0
       0
       0
       0
       0
       0
       1
       0
       0
       0
       0
       0
       0
       0
       0
       0
       0
       0
       1
       0
       0
       0
       0
       1
       1
       0
       0
       0
       0
       3
       0
       0
       0
       0
       0
       0
       0
       1
       0
       0
       0
       0
       0
       0
       0
       0
       0
       0
       1
       0
       0
       0
       1
       0
       0
       0
       0
       1
       0
       0
       0
       0
       0
       0
       0
       0
       1
       1
       0
       0
       0
       0
       1
       0
       0
       0
       0
       1
       0
       0
       0
       0
       0
       0
       0
       0
       0
       0
       0
       0
       0
       0
       0
       0
       1
       0
       0
       0
       0
       0
       0
       0
       0
       1
       0
       1
       0
       0
       0
       0
       0
       0
       0
       0
       0
       0
       0
       0
       0
       1
       0
       0
       0
       0
       0
       0
       0
       0
       0
       1
       0
       0
       0
       0
       0
       0
       0
       0
       0
       0
       0
       0
       0
       1
       0
       0
       0
       0
       0
       1
       1
       0
       0
       0
       0
       0
       0
       0
       0
       0
       0
       0
       0
       0
       0
       0
       0
       0
       0
       0
       0
       0
       0
       0
       1
       0
       0
       0
       0
       0
       0
       0
       0
       0
       0
       0
       0
       0
       0
       0
       0
       0
       0
       0
       0
       0
       1
       0
       0
       0
       0
       0
       0
       0
       0
       0
       0
       0
       0
       0
       0
       0
       0
       0
       0
       0
       0
       0
       0
       0
       0
       0
       0
       0
       0
       0
       1
       0
       0
       0
       0
       1
       0
       0
       0
       0
       0
       0
       1
       0
       0
       0
       1
       0
       0
       0
       1
       1
       0
       0
       0
       0
       1
       0
       0
       0
       0
       1
       0
       0
       0
       0
       0
       0
       0
       1
       0
       0
       0
       0
       0
       0
       0
       0
       0
       0
       0
       0
       0
       1
       0
       0
       0
       0
       0
       0
       0
       0
       0
       0
       0
       0
       0
       0
       0
       0
       0
       0
       0
       1
       0
       0
       0
       0
       0
       0
       0
       0
       0
       0
       0
       0
       0
       0
       0
       0
       0
       0
       0
       0
       0
       0
       0
       0
       0
       0
       0
       0
       0
       0
       0
       0
       0
       0
       0
       0
       0
       0
       0
       0
       0
       0
       0
       0
       0
       0
       0
       0
       0
       0
       0
       0
       0
       0
       0
       0
       0
       0
       0
       0
       0
       0
       0
       0
       0
       0
       0
       0
       0
       0
       0
       0
       0
       0
       0
       0
       0
       0
       0
       0
       0
       0
       0
       0
       0
       0
       0
       0
       0
       0
       0
       0
       0
       0
       0
       0
       0
       0
       0
       0
       0
       0
       0
       0
       0
       0
       0
       0
       0
       0
       0
       0
       0
       0
       0
       0
       0
       0
       0
       0
       0
       0
       0
       0
       0
       0
       0
       0
       0
       0
       0
       0
       0
       0
       0
       0
$ROI:
3
6725 6813
6948 7045
7244 7256
$PRESETS:
None
0
0
$ENER_FIT:
-0.000074 0.728814
$MCA_CAL:
3
-7.366740E-005 7.288145E-001 -2.624510E-006 keV
$SHAPE_CAL:
3
0.000000E+000 0.000000E+000 0.000000E+000
