$SPEC_ID:
No sample description was entered.
$SPEC_REM:
DET# 1
DETDESC# PPF18-07 Easy-MCA-8k SN 14274550
AP# Maestro Version 7.01
$DATE_MEA:
11/23/2022 13:16:37
$MEAS_TIM:
4397 7436
$DATA:
0 8191
       0
       0
       0
       0
       0
       0
       0
       0
       0
       0
       0
       0
       0
       0
       0
       0
       0
       0
       0
       0
       0
       0
       0
       0
       5
    3648
  273430
 5106816
  318593
   35192
   45902
   62558
   84827
  106707
  117871
  113194
   94078
   72144
   54297
   43102
   35294
   29513
   24285
   20140
   16014
   12760
    9701
    7522
    5755
    4564
    3429
    2617
    2038
    1683
    1436
    1328
    1115
    1051
     978
     968
     834
     751
     761
     715
     719
     611
     629
     526
     450
     407
     366
     322
     275
     220
     222
     171
     152
     146
     123
     107
     109
      80
      81
      83
      80
      95
      90
      76
      81
      60
      62
      62
      48
      69
      53
      60
      52
      50
      42
      54
      58
      40
      39
      34
      29
      30
      20
      19
      19
      22
      27
      33
      18
      31
      29
      14
      22
      18
      21
      21
      20
      24
      18
      18
      26
      23
      24
      26
      28
      18
      27
      16
      21
      19
      18
      19
      14
       9
      19
      15
      18
      17
      18
      15
      16
      16
      21
      21
      20
      26
      25
      16
      22
      20
      22
      24
      15
      14
      20
      20
      17
      15
      19
      27
      13
      17
      21
      22
      18
      24
      13
      19
      28
      22
      22
      23
      15
      11
      13
      19
      13
      19
      22
      15
      14
      19
      12
      21
      14
      11
      19
      14
      13
      19
      26
      18
      18
      14
      27
      11
      19
      15
      26
      16
      21
      19
      24
      16
      14
      16
      11
      15
       9
      13
      22
      18
      16
      17
      16
      22
      22
      15
      25
       4
      18
      17
      19
      19
      22
      10
      21
      18
      14
      14
      13
      17
      12
      16
      18
      18
      19
      20
      16
      12
      23
      18
      15
      20
      13
      12
      20
      20
      24
      13
      18
      19
      15
      14
      16
      14
      16
      17
      20
      18
      15
      20
      19
       8
      18
      16
      12
      21
      13
      16
      17
      14
      17
      24
      14
      20
      18
      18
      27
      15
      15
      19
      22
      15
      15
      13
      17
      11
      28
      19
      11
      19
       9
      19
      14
      17
      18
      18
      21
      13
      17
      15
      13
      16
      15
      17
      20
      12
      13
      13
      13
      12
      20
      13
      29
      11
      19
      19
      16
      19
      14
      11
      25
      23
      21
      20
      20
       8
      18
      23
      18
      14
      18
      24
      17
      27
      13
      20
      24
      12
      19
      15
      24
      12
      16
      22
      16
      11
       9
      18
      24
      13
       9
      19
      16
      10
      16
      24
      17
      17
      17
      18
      12
      14
       8
      21
      20
      16
      18
      15
      12
      20
      18
      22
      20
       8
      17
      20
      18
      18
      17
      19
      26
      15
      16
      17
      17
      14
      15
      15
      18
      25
      17
      22
      14
      22
      22
      16
      17
      19
      20
      24
      16
      20
      21
      19
      10
      13
      15
      19
      17
      25
      11
      17
      20
      17
      12
      15
      17
      18
      15
      22
      20
      14
      15
      24
      21
      21
      18
      18
      21
      10
      16
      15
      18
      23
      21
      17
      22
      14
      13
      16
      21
      11
      11
      20
      17
      15
      13
      14
      12
      19
      21
      14
      24
      13
      20
      17
      20
      15
      21
      11
      24
      23
      21
      22
      23
      26
      19
      19
      23
       9
      15
      21
      17
      21
      17
      14
      16
      15
      10
      17
      13
      23
      16
      30
      13
      17
      21
      12
      13
      22
      16
      13
      20
      18
      16
      18
      17
      16
      19
      24
      23
      26
      18
      14
      16
      12
      17
      20
      18
      17
      17
      16
      12
      17
      24
      24
      19
      10
      19
      19
      22
      20
      11
      16
      26
      16
      23
      10
      13
      18
      14
      11
      22
      16
      14
      14
       9
      18
      22
       9
      14
      19
      14
      11
      19
      18
      24
      29
      19
      14
      21
      22
      23
      21
      14
      19
      19
      12
      21
      26
      23
      26
      17
      20
      24
      18
      17
      17
      24
      17
      15
      19
      16
      21
      19
      16
      23
      12
      15
      17
      12
      17
      20
      27
      22
      27
      15
      16
      33
      29
      24
      19
      21
      26
      20
      19
      23
      19
      25
      26
      24
      17
      21
      22
      25
      19
      26
      13
      18
      26
      23
      18
      23
      22
      19
      14
      28
      23
      25
      20
      26
      23
      14
      17
      21
      15
      27
      14
      22
      30
      27
      19
      20
      20
      16
      18
      26
      16
      17
      25
      20
      19
      16
      22
      27
      20
      26
      26
      22
      27
      22
      22
      31
      23
      24
      19
      20
      22
      17
      19
      26
      22
      20
      22
      21
      23
      24
      26
      20
      25
      16
      21
      19
      20
      27
      13
      27
      24
      14
      21
      23
      25
      22
      21
      22
      20
      20
      23
      20
      18
      20
      23
      23
      21
      30
      28
      22
      31
      29
      23
      22
      28
      19
      25
      27
      21
      24
      36
      20
      21
      20
      20
      21
      22
      25
      21
      28
      24
      31
      24
      21
      20
      27
      20
      25
      24
      21
      29
      22
      22
      21
      23
      13
      31
      21
      21
      25
      25
      24
      31
      21
      25
      22
      32
      35
      27
      24
      21
      18
      26
      30
      25
      32
      27
      25
      16
      22
      20
      28
      24
      28
      21
      30
      26
      30
      17
      19
      27
      27
      20
      29
      20
      34
      17
      37
      32
      24
      30
      20
      22
      30
      27
      25
      26
      30
      26
      22
      32
      27
      35
      32
      29
      25
      31
      26
      28
      29
      27
      27
      27
      27
      20
      28
      18
      38
      21
      25
      22
      30
      28
      21
      22
      30
      38
      32
      23
      22
      19
      38
      34
      31
      24
      23
      27
      21
      38
      33
      38
      30
      26
      31
      44
      22
      37
      22
      43
      25
      29
      25
      24
      21
      35
      24
      27
      30
      28
      26
      34
      29
      34
      26
      27
      40
      26
      22
      28
      27
      35
      43
      28
      40
      33
      24
      29
      28
      30
      25
      21
      35
      32
      37
      21
      30
      25
      27
      29
      38
      23
      38
      29
      35
      25
      41
      24
      22
      22
      36
      27
      30
      36
      24
      35
      34
      34
      28
      32
      27
      31
      32
      30
      30
      34
      25
      25
      26
      42
      32
      40
      29
      31
      36
      31
      39
      36
      28
      32
      40
      27
      45
      23
      29
      20
      38
      33
      30
      30
      33
      31
      23
      29
      31
      31
      21
      38
      37
      30
      45
      34
      41
      39
      28
      39
      28
      40
      31
      29
      28
      44
      39
      28
      36
      42
      27
      31
      40
      34
      38
      25
      40
      34
      41
      34
      41
      40
      34
      32
      40
      29
      39
      34
      40
      43
      35
      35
      32
      43
      44
      57
      35
      32
      48
      35
      28
      28
      56
      44
      35
      38
      35
      34
      38
      45
      38
      40
      42
      43
      38
      40
      42
      39
      35
      40
      49
      39
      43
      52
      42
      38
      39
      41
      35
      43
      42
      41
      53
      44
      44
      45
      36
      30
      39
      42
      39
      41
      40
      42
      29
      59
      50
      45
      46
      33
      40
      49
      41
      41
      33
      39
      45
      42
      44
      47
      54
      42
      31
      39
      45
      46
      48
      42
      46
      38
      42
      31
      42
      38
      45
      38
      46
      37
      51
      48
      47
      42
      48
      30
      47
      47
      50
      36
      47
      43
      45
      41
      50
      43
      35
      42
      42
      58
      43
      41
      48
      48
      36
      45
      48
      49
      38
      44
      46
      42
      51
      50
      45
      47
      49
      46
      40
      47
      62
      53
      50
      61
      49
      50
      56
      62
      40
      47
      43
      43
      45
      50
      52
      53
      42
      53
      48
      50
      65
      54
      43
      47
      49
      42
      37
      45
      40
      50
      45
      44
      47
      55
      55
      60
      61
      52
      54
      53
      46
      51
      45
      47
      44
      43
      56
      53
      52
      50
      55
      47
      45
      57
      53
      54
      56
      57
      53
      51
      52
      63
      59
      53
      51
      54
      57
      54
      54
      45
      56
      55
      41
      59
      63
      43
      36
      46
      55
      53
      68
      68
      62
      55
      54
      55
      58
      57
      72
      46
      61
      53
      60
      64
      66
      63
      67
      68
      57
      50
      68
      69
      66
      65
      62
      38
      51
      51
      61
      79
      69
      57
      65
      51
      41
      77
      63
      61
      61
      56
      70
      67
      72
      54
      57
      62
      64
      68
      53
      64
      70
      53
      68
      72
      74
      70
      67
      58
      63
      61
      61
      59
      75
      76
      63
      68
      52
      70
      74
      69
      66
      74
      64
      57
      77
      65
      64
      62
      63
      78
      68
      87
      75
      77
      68
      79
      69
      65
      64
      62
      66
      69
      73
      76
      71
      64
      68
      84
      86
      86
      72
      67
      57
      83
      58
      68
      74
      72
      64
      70
      67
      76
      82
      74
      66
      77
      63
      80
      77
      72
      60
      87
      87
      64
      80
      79
      80
      87
      79
      75
      73
      72
      67
      72
      79
      82
      78
      82
      65
      91
      73
      98
      84
      69
      97
      79
      87
      75
      60
      83
      84
      95
      85
      74
     102
     100
      72
      75
      82
      78
      77
      70
      85
      78
      73
      81
      71
      97
      75
      73
     102
      77
      90
      81
      86
      63
     100
      95
      88
      83
      80
     102
      84
      79
      88
     100
      85
      88
      82
      91
      99
      99
      88
      99
      97
      82
      77
     111
      96
      85
      85
      78
      96
      96
      82
      79
      92
      93
      98
     101
      97
      98
      92
     108
      82
     101
      91
      82
      88
      95
      90
      95
      91
      85
      86
      83
      89
      95
      95
     102
      87
     103
      91
     101
     113
      98
      93
     108
      94
      98
      96
     116
      96
     106
      92
      89
     103
     112
     117
      81
     100
     107
     107
     106
     101
     107
      93
      94
      91
      93
      91
      93
      98
     105
     116
     111
     122
     103
     132
     124
     102
      96
      95
      90
     109
     124
     100
     117
      98
     118
     107
     115
      99
     117
     105
     110
     134
     120
      99
      97
     116
     108
     100
     104
     111
      90
     117
     108
     111
     102
     110
     112
     111
     102
     121
     111
     123
     113
     115
     111
     126
     123
      92
     130
     103
     120
     100
     124
     108
     133
     127
     115
     137
     140
     136
     121
     107
     123
     117
     106
     120
     127
     129
     132
     123
     128
     122
     112
     117
     132
     120
     135
     126
     118
     131
     122
     135
     133
     141
     152
     124
     132
     119
     141
     117
     134
     130
     136
     138
     132
     127
     146
     112
     144
     138
     138
     120
     136
     134
     120
     145
     141
     129
     133
     128
     152
     137
     128
     130
     128
     151
     136
     135
     148
     127
     140
     144
     139
     134
     136
     149
     136
     150
     148
     109
     148
     157
     131
     171
     129
     135
     136
     159
     162
     155
     151
     164
     119
     138
     124
     172
     150
     146
     168
     167
     139
     136
     158
     139
     181
     149
     159
     150
     148
     140
     158
     146
     152
     146
     138
     140
     180
     168
     176
     155
     166
     145
     138
     181
     171
     138
     175
     150
     158
     155
     148
     176
     195
     167
     138
     179
     154
     151
     172
     198
     165
     168
     144
     171
     184
     163
     188
     173
     158
     176
     166
     179
     210
     162
     170
     155
     170
     182
     179
     183
     171
     165
     201
     165
     164
     171
     159
     196
     162
     204
     158
     160
     177
     193
     169
     191
     194
     162
     148
     167
     188
     167
     196
     193
     159
     182
     161
     181
     187
     183
     165
     200
     187
     182
     196
     188
     188
     203
     193
     168
     194
     184
     207
     210
     154
     179
     183
     185
     192
     205
     193
     186
     204
     182
     188
     213
     197
     179
     189
     189
     226
     200
     184
     212
     199
     184
     218
     182
     202
     200
     219
     220
     231
     209
     203
     211
     213
     210
     199
     194
     217
     214
     185
     196
     201
     233
     199
     220
     196
     235
     202
     236
     221
     189
     209
     194
     240
     198
     215
     210
     218
     210
     226
     244
     214
     206
     238
     243
     269
     223
     264
     219
     229
     231
     216
     229
     209
     236
     212
     248
     205
     239
     236
     241
     246
     238
     249
     232
     234
     223
     226
     244
     260
     240
     278
     247
     227
     240
     225
     247
     253
     240
     230
     246
     256
     262
     248
     242
     245
     246
     250
     255
     227
     265
     242
     262
     243
     227
     256
     246
     256
     272
     256
     289
     272
     239
     243
     260
     261
     287
     232
     265
     289
     255
     283
     261
     296
     251
     263
     257
     250
     272
     252
     288
     282
     263
     275
     286
     258
     322
     266
     297
     294
     293
     254
     264
     281
     274
     272
     245
     282
     251
     266
     262
     302
     265
     272
     288
     284
     296
     275
     311
     321
     283
     295
     263
     309
     265
     289
     319
     301
     279
     283
     282
     322
     316
     284
     311
     321
     304
     321
     293
     306
     308
     296
     312
     273
     322
     337
     317
     307
     331
     293
     326
     330
     281
     315
     284
     284
     307
     305
     308
     307
     328
     311
     349
     331
     308
     289
     328
     323
     314
     350
     303
     355
     325
     321
     352
     329
     327
     300
     327
     349
     308
     339
     324
     311
     309
     309
     350
     299
     335
     360
     338
     342
     344
     336
     369
     357
     359
     329
     349
     323
     355
     331
     352
     396
     362
     388
     355
     361
     334
     336
     349
     339
     335
     365
     372
     338
     368
     361
     397
     334
     411
     385
     364
     379
     382
     343
     359
     345
     387
     374
     381
     361
     361
     375
     368
     347
     346
     380
     369
     401
     371
     410
     382
     395
     405
     396
     399
     391
     380
     375
     391
     388
     394
     439
     351
     376
     397
     416
     419
     395
     380
     416
     402
     398
     432
     384
     389
     406
     406
     414
     427
     393
     387
     424
     444
     421
     428
     402
     409
     408
     413
     456
     421
     431
     388
     435
     427
     428
     429
     446
     430
     438
     448
     429
     440
     472
     419
     448
     477
     437
     462
     447
     473
     431
     460
     464
     478
     428
     420
     445
     492
     440
     401
     433
     447
     463
     428
     497
     454
     469
     486
     468
     484
     479
     488
     482
     451
     445
     479
     496
     481
     496
     482
     460
     492
     492
     457
     494
     458
     440
     487
     499
     485
     481
     487
     497
     536
     498
     475
     502
     475
     471
     496
     500
     493
     525
     553
     511
     529
     521
     528
     534
     502
     492
     487
     522
     514
     495
     507
     496
     483
     527
     532
     519
     538
     547
     524
     564
     543
     521
     537
     553
     576
     481
     528
     506
     507
     527
     568
     503
     559
     543
     550
     553
     543
     575
     561
     541
     606
     567
     563
     571
     529
     544
     566
     537
     553
     565
     573
     547
     567
     593
     568
     618
     558
     599
     623
     563
     592
     590
     534
     569
     609
     578
     558
     549
     586
     576
     605
     610
     596
     566
     594
     599
     599
     594
     643
     614
     604
     635
     662
     614
     622
     604
     636
     617
     608
     625
     610
     676
     578
     576
     614
     613
     648
     646
     609
     640
     597
     619
     639
     594
     673
     627
     668
     626
     617
     642
     683
     619
     648
     652
     663
     619
     661
     634
     660
     659
     674
     649
     699
     655
     680
     672
     666
     680
     660
     679
     676
     706
     662
     684
     666
     669
     698
     668
     686
     678
     622
     698
     678
     706
     675
     713
     747
     688
     704
     735
     747
     690
     750
     751
     734
     696
     696
     696
     707
     744
     699
     715
     716
     755
     697
     698
     737
     730
     723
     722
     726
     700
     698
     722
     689
     759
     799
     813
     728
     724
     765
     787
     756
     741
     776
     746
     711
     793
     791
     746
     688
     742
     772
     773
     729
     738
     729
     796
     710
     768
     811
     795
     752
     792
     783
     789
     801
     797
     829
     813
     820
     832
     778
     761
     782
     745
     794
     798
     796
     762
     759
     759
     798
     799
     838
     740
     858
     792
     799
     829
     823
     835
     831
     786
     809
     892
     885
     806
     836
     853
     890
     823
     869
     857
     836
     864
     812
     916
     896
     855
     834
     905
     887
     883
     818
     878
     864
     840
     847
     847
     903
     895
     852
     880
     909
     870
     865
     832
     936
     872
     883
     846
     902
     899
     882
     895
     940
     866
     947
     842
     908
     895
     900
     896
     937
     891
     911
     876
     958
     918
     863
     924
     889
     945
     927
     937
     969
     905
     882
     969
     952
     921
     972
     954
     914
     958
     910
     930
     952
     925
     894
     941
     946
     902
     933
     996
    1052
     979
     973
     918
     985
     952
     967
     953
     922
    1005
     960
     943
     963
     974
    1019
     938
     980
     976
     965
     975
     973
    1009
     985
    1051
     962
    1029
    1027
     997
    1086
     993
    1032
     981
    1005
    1065
    1005
    1054
    1034
    1014
    1036
    1009
    1001
    1042
    1049
     979
    1012
    1091
    1044
    1011
    1089
    1021
    1043
    1019
    1084
    1076
    1068
    1072
    1004
    1059
    1067
    1042
    1051
    1078
    1059
    1113
    1054
    1079
     993
    1070
    1105
    1174
    1087
    1142
    1178
    1111
    1086
    1097
    1063
    1062
    1119
    1037
    1124
    1077
    1151
    1056
    1069
    1124
    1136
    1108
    1116
    1062
    1082
    1135
    1121
    1074
    1113
    1124
    1110
    1051
    1099
    1129
    1145
    1174
    1110
    1137
    1186
    1155
    1123
    1091
    1161
    1163
    1194
    1164
    1161
    1191
    1175
    1213
    1153
    1124
    1132
    1176
    1150
    1116
    1214
    1222
    1259
    1217
    1252
    1156
    1207
    1159
    1152
    1209
    1185
    1188
    1175
    1182
    1200
    1183
    1167
    1249
    1239
    1242
    1270
    1201
    1180
    1132
    1195
    1189
    1260
    1248
    1198
    1204
    1284
    1257
    1159
    1163
    1228
    1250
    1252
    1257
    1282
    1311
    1224
    1251
    1245
    1275
    1235
    1229
    1237
    1260
    1292
    1284
    1280
    1324
    1278
    1260
    1265
    1282
    1295
    1294
    1255
    1296
    1319
    1286
    1233
    1287
    1267
    1266
    1246
    1328
    1336
    1240
    1250
    1318
    1332
    1312
    1264
    1310
    1360
    1311
    1252
    1354
    1291
    1383
    1330
    1270
    1311
    1412
    1307
    1296
    1354
    1411
    1327
    1349
    1294
    1359
    1307
    1372
    1293
    1323
    1380
    1327
    1342
    1399
    1328
    1324
    1399
    1309
    1362
    1449
    1368
    1359
    1455
    1362
    1315
    1377
    1346
    1342
    1394
    1341
    1426
    1361
    1417
    1440
    1405
    1319
    1343
    1384
    1391
    1379
    1309
    1392
    1388
    1393
    1383
    1344
    1438
    1435
    1446
    1388
    1416
    1392
    1413
    1420
    1393
    1387
    1408
    1421
    1343
    1439
    1383
    1393
    1425
    1401
    1404
    1426
    1467
    1432
    1434
    1450
    1431
    1376
    1442
    1384
    1426
    1415
    1432
    1400
    1415
    1459
    1468
    1497
    1408
    1484
    1411
    1567
    1527
    1481
    1511
    1431
    1475
    1490
    1539
    1485
    1475
    1478
    1442
    1420
    1442
    1438
    1427
    1469
    1510
    1510
    1458
    1566
    1492
    1474
    1483
    1443
    1450
    1536
    1515
    1484
    1500
    1455
    1496
    1474
    1469
    1454
    1475
    1503
    1499
    1478
    1512
    1552
    1481
    1482
    1465
    1540
    1526
    1500
    1552
    1555
    1492
    1530
    1558
    1490
    1496
    1575
    1558
    1515
    1516
    1603
    1513
    1530
    1490
    1595
    1518
    1598
    1581
    1575
    1516
    1520
    1523
    1554
    1536
    1549
    1568
    1647
    1491
    1512
    1543
    1543
    1526
    1549
    1578
    1587
    1603
    1578
    1598
    1588
    1601
    1581
    1534
    1589
    1633
    1547
    1626
    1562
    1611
    1586
    1539
    1664
    1591
    1565
    1511
    1592
    1571
    1581
    1578
    1542
    1555
    1639
    1595
    1617
    1542
    1583
    1580
    1653
    1637
    1593
    1542
    1659
    1585
    1553
    1637
    1565
    1592
    1567
    1651
    1619
    1602
    1599
    1605
    1588
    1594
    1630
    1607
    1558
    1681
    1594
    1570
    1677
    1651
    1609
    1649
    1617
    1586
    1660
    1636
    1642
    1567
    1600
    1670
    1629
    1579
    1570
    1625
    1610
    1639
    1624
    1536
    1630
    1658
    1608
    1625
    1579
    1573
    1639
    1633
    1580
    1668
    1660
    1652
    1643
    1646
    1616
    1635
    1667
    1685
    1674
    1667
    1672
    1615
    1595
    1628
    1624
    1669
    1612
    1696
    1694
    1663
    1699
    1711
    1714
    1669
    1663
    1595
    1571
    1653
    1601
    1660
    1695
    1700
    1685
    1641
    1660
    1669
    1613
    1633
    1653
    1619
    1638
    1648
    1606
    1620
    1694
    1674
    1661
    1644
    1618
    1737
    1673
    1709
    1672
    1660
    1643
    1614
    1670
    1642
    1621
    1745
    1721
    1689
    1597
    1593
    1809
    1689
    1675
    1587
    1678
    1652
    1693
    1700
    1634
    1677
    1640
    1667
    1648
    1719
    1643
    1732
    1594
    1650
    1592
    1659
    1634
    1661
    1712
    1654
    1638
    1638
    1704
    1732
    1687
    1693
    1705
    1772
    1626
    1610
    1664
    1702
    1659
    1643
    1623
    1645
    1702
    1644
    1718
    1672
    1685
    1588
    1593
    1644
    1673
    1669
    1565
    1699
    1717
    1682
    1666
    1614
    1629
    1636
    1686
    1683
    1746
    1647
    1626
    1596
    1672
    1732
    1680
    1640
    1672
    1654
    1673
    1669
    1671
    1603
    1663
    1716
    1683
    1665
    1728
    1633
    1659
    1754
    1574
    1618
    1686
    1653
    1632
    1670
    1641
    1653
    1627
    1729
    1636
    1614
    1628
    1684
    1672
    1635
    1610
    1616
    1685
    1626
    1621
    1649
    1626
    1593
    1590
    1613
    1666
    1683
    1714
    1729
    1604
    1649
    1735
    1695
    1580
    1578
    1535
    1638
    1690
    1630
    1621
    1568
    1586
    1741
    1700
    1673
    1623
    1698
    1576
    1576
    1646
    1634
    1656
    1641
    1633
    1618
    1628
    1596
    1540
    1579
    1629
    1701
    1585
    1571
    1635
    1618
    1698
    1664
    1557
    1681
    1564
    1668
    1647
    1633
    1657
    1562
    1629
    1587
    1584
    1599
    1592
    1585
    1514
    1662
    1597
    1613
    1589
    1644
    1566
    1588
    1589
    1625
    1583
    1576
    1584
    1546
    1533
    1526
    1577
    1509
    1533
    1618
    1524
    1549
    1526
    1553
    1571
    1587
    1596
    1531
    1546
    1531
    1603
    1580
    1552
    1536
    1518
    1510
    1531
    1539
    1536
    1546
    1555
    1496
    1533
    1482
    1534
    1515
    1519
    1544
    1576
    1571
    1556
    1570
    1531
    1518
    1512
    1474
    1471
    1503
    1454
    1482
    1546
    1416
    1509
    1597
    1522
    1472
    1515
    1527
    1514
    1549
    1533
    1526
    1424
    1479
    1527
    1496
    1549
    1541
    1484
    1517
    1488
    1543
    1574
    1466
    1484
    1457
    1540
    1505
    1423
    1475
    1437
    1522
    1503
    1417
    1510
    1497
    1424
    1546
    1547
    1498
    1459
    1439
    1502
    1529
    1410
    1425
    1401
    1395
    1414
    1373
    1435
    1398
    1436
    1418
    1453
    1437
    1435
    1418
    1385
    1456
    1378
    1446
    1400
    1416
    1405
    1403
    1390
    1465
    1466
    1447
    1475
    1453
    1438
    1367
    1404
    1393
    1439
    1457
    1416
    1376
    1381
    1362
    1365
    1373
    1406
    1420
    1411
    1368
    1282
    1433
    1374
    1451
    1368
    1385
    1376
    1362
    1380
    1344
    1370
    1374
    1330
    1346
    1340
    1359
    1334
    1277
    1352
    1407
    1333
    1312
    1363
    1369
    1298
    1289
    1309
    1288
    1260
    1310
    1307
    1319
    1436
    1308
    1288
    1355
    1264
    1333
    1328
    1343
    1159
    1293
    1293
    1256
    1269
    1242
    1253
    1357
    1260
    1220
    1221
    1227
    1222
    1239
    1273
    1230
    1252
    1265
    1249
    1190
    1247
    1256
    1275
    1302
    1172
    1278
    1304
    1290
    1280
    1190
    1196
    1202
    1195
    1245
    1214
    1232
    1207
    1241
    1297
    1214
    1189
    1202
    1202
    1205
    1230
    1176
    1192
    1224
    1197
    1216
    1163
    1174
    1177
    1224
    1078
    1099
    1183
    1177
    1134
    1169
    1117
    1159
    1134
    1155
    1110
    1170
    1150
    1179
    1092
    1172
    1099
    1150
    1108
    1108
    1148
    1155
    1087
    1107
    1089
    1120
    1118
    1173
    1083
    1110
    1105
    1163
    1122
    1132
    1071
    1122
    1062
    1082
    1101
    1087
    1078
    1038
    1065
    1035
    1046
    1019
    1088
    1072
    1074
    1122
    1064
    1046
    1040
    1017
    1035
    1016
    1038
    1000
    1036
    1108
    1060
     962
    1041
    1041
    1063
     967
     952
     977
     981
     945
    1029
     955
    1049
     971
     959
    1086
     972
     986
     980
     994
     968
     989
     988
     988
     970
     982
     947
     983
     963
     888
     972
     933
     985
     990
     939
     894
     918
     889
     924
     958
     995
     928
     893
     881
     927
     929
     931
     931
     924
     923
     897
     895
     909
     901
     862
     870
     863
     904
     864
     882
     919
     881
     865
     918
     876
     870
     845
     886
     845
     915
     831
     878
     815
     849
     850
     907
     822
     855
     849
     847
     780
     854
     831
     812
     818
     793
     802
     811
     807
     802
     781
     814
     815
     848
     794
     824
     746
     785
     801
     751
     771
     764
     805
     759
     734
     777
     796
     804
     756
     802
     761
     759
     720
     706
     791
     757
     777
     702
     751
     727
     750
     750
     731
     727
     794
     731
     715
     777
     703
     695
     753
     741
     679
     757
     710
     694
     717
     698
     703
     691
     688
     676
     687
     683
     675
     673
     637
     645
     669
     659
     686
     651
     644
     671
     675
     646
     701
     607
     682
     619
     616
     684
     680
     633
     626
     606
     663
     606
     641
     649
     652
     631
     667
     645
     608
     619
     599
     590
     598
     569
     621
     581
     616
     607
     638
     551
     585
     573
     622
     598
     569
     565
     558
     558
     557
     574
     588
     530
     580
     547
     552
     557
     568
     561
     561
     543
     520
     536
     499
     506
     545
     523
     542
     518
     520
     507
     482
     494
     549
     503
     531
     530
     506
     514
     512
     483
     512
     482
     497
     538
     487
     519
     506
     473
     488
     488
     443
     473
     511
     419
     504
     501
     497
     449
     481
     454
     460
     445
     466
     480
     501
     507
     458
     461
     415
     473
     462
     456
     464
     436
     453
     418
     446
     424
     441
     430
     413
     384
     420
     402
     454
     410
     472
     414
     412
     425
     410
     428
     404
     382
     391
     430
     366
     400
     385
     417
     367
     350
     401
     390
     404
     408
     370
     370
     381
     341
     339
     362
     364
     403
     339
     353
     343
     356
     389
     369
     374
     365
     348
     377
     360
     384
     352
     358
     321
     368
     344
     341
     359
     315
     338
     318
     336
     341
     331
     324
     312
     283
     311
     335
     313
     329
     296
     298
     302
     302
     322
     307
     299
     317
     322
     273
     303
     271
     276
     310
     292
     304
     287
     250
     304
     294
     323
     286
     261
     282
     281
     268
     270
     251
     271
     282
     268
     287
     252
     265
     255
     245
     256
     257
     270
     257
     253
     272
     248
     258
     247
     266
     241
     293
     242
     247
     241
     241
     226
     248
     230
     251
     215
     231
     217
     224
     234
     228
     240
     210
     204
     238
     219
     211
     219
     216
     215
     225
     211
     229
     214
     219
     210
     189
     194
     196
     215
     207
     192
     201
     216
     216
     200
     220
     195
     183
     177
     179
     198
     192
     207
     184
     178
     182
     175
     189
     183
     178
     168
     176
     175
     147
     162
     178
     180
     141
     180
     171
     169
     184
     139
     181
     167
     167
     179
     146
     174
     151
     169
     143
     148
     174
     169
     156
     161
     161
     136
     149
     164
     152
     169
     154
     130
     162
     161
     149
     112
     147
     144
     159
     118
     144
     158
     137
     151
     146
     147
     150
     148
     132
     121
     116
     117
     111
     128
     127
     115
     135
     112
     115
     124
     117
     138
     123
     111
     108
     135
     113
     110
     106
     119
     101
     124
      92
     119
      94
      99
     126
     111
     116
     111
     119
     100
     113
      99
     111
     121
     104
      99
      86
     107
      87
      94
      86
      87
     105
      98
     117
      96
      90
      98
     101
      83
      99
      96
     109
      80
      95
     103
      82
      83
      82
      91
      93
      75
      89
      80
      90
      74
      83
      82
      73
      81
      88
     103
      77
      72
      93
      61
      85
      80
      70
      63
      79
      76
      87
      63
      82
      73
      80
      72
      82
      68
      68
      71
      78
      84
      56
      72
      56
      81
      71
      63
      62
      63
      68
      77
      49
      61
      58
      77
      54
      55
      60
      57
      49
      57
      61
      60
      56
      60
      65
      47
      52
      49
      54
      51
      60
      54
      58
      52
      45
      57
      53
      46
      59
      39
      60
      37
      39
      39
      43
      44
      52
      45
      42
      61
      50
      52
      46
      44
      45
      46
      44
      47
      44
      36
      46
      44
      44
      37
      47
      37
      55
      45
      47
      38
      36
      33
      38
      54
      44
      38
      43
      37
      46
      30
      40
      44
      40
      35
      31
      36
      53
      34
      39
      36
      28
      35
      34
      35
      34
      26
      24
      31
      43
      33
      29
      45
      31
      16
      39
      30
      37
      34
      33
      19
      20
      33
      29
      23
      46
      23
      34
      36
      41
      30
      21
      32
      21
      18
      26
      23
      24
      33
      23
      34
      26
      23
      16
      31
      25
      22
      20
      24
      19
      32
      29
      23
      27
      22
      19
      11
      29
      21
      24
      29
      34
      14
      20
      29
      27
      14
      16
      20
      22
      21
      20
      25
      24
      19
      24
      16
      26
      23
      27
      20
      25
      17
      19
      20
      27
      24
      10
      13
      22
      21
      16
      27
      21
      27
      18
      17
      25
      17
      19
      15
      21
      13
      15
      17
      17
      17
       9
      19
      16
      12
      18
      11
      14
      24
      17
      16
      17
       8
       9
      16
      13
      11
      21
      12
       9
      18
      15
      19
      22
      20
      13
       7
      15
      18
      11
      13
      17
      11
      16
      19
      19
      16
      18
      19
      17
       8
      12
      12
      14
      15
      14
      15
       8
      13
      10
       6
       5
       7
      14
      17
      10
      14
      14
      16
      10
       9
      11
       9
      13
      11
       5
      13
       7
      15
      12
      11
      13
       9
       7
      11
      14
       7
      11
      13
      13
       6
       9
       8
       6
      10
       7
       5
      18
      16
      12
      13
       6
       8
      17
       7
       6
       8
       6
       9
      14
       9
       8
      14
       7
      12
       6
      10
      12
      10
       8
       5
      11
       8
       7
       3
       5
       8
       7
       5
      12
       9
       4
       9
       4
       8
       7
       7
      12
      13
       8
       9
      10
       9
       7
       7
       5
       6
       7
       8
       9
       7
       9
       7
       7
       9
       9
       7
       6
       2
       8
       8
       5
       9
       6
       8
       7
       5
       8
       5
       3
       6
       6
       6
      11
       4
       5
       6
       9
       8
       7
       4
       6
       1
      13
       4
       2
       6
       7
       6
       5
       2
       4
       3
       8
       6
       5
       8
       6
       9
       7
       7
       7
       7
       6
       2
       7
       8
       2
       8
       3
       3
       6
       8
       4
       5
       7
       8
       7
       5
       4
       4
       4
       7
       5
       8
       5
       4
       3
       3
       6
       8
       7
       6
       6
       4
       4
       7
       6
       4
       1
       5
       4
       4
       4
       3
       6
       7
       9
       1
       6
       5
       8
       6
       5
       6
       2
       6
      10
       4
       8
       5
       5
       7
       5
       8
       5
       4
       2
       3
       3
       3
       1
       3
       7
       5
       6
       7
       6
       5
       5
       1
       2
       3
       7
       2
       5
       2
       8
       3
       1
       7
       6
       6
       1
       4
       3
       5
       9
       2
       9
       2
       9
       4
       3
       5
       7
       2
       2
       3
       6
       2
       4
       5
       3
       4
       5
       1
       4
       4
       1
       5
       8
       2
       6
       3
       5
       5
       4
       7
       5
       2
       4
       4
       5
       5
       3
       5
       2
       5
       2
       4
       9
       6
       3
       2
       2
       1
       4
       2
       5
       6
       5
       4
       5
       2
       6
       1
       0
       4
       1
       4
       3
       4
       1
       3
       4
       8
       7
       3
       7
       2
       4
       2
       2
       3
       6
       0
       7
       4
       1
       5
       5
       5
       3
       1
       6
       1
       4
       3
       3
       3
       2
       7
       3
       4
       0
       2
       3
       3
       4
       4
       5
       5
       5
       3
       5
       8
       3
       4
       3
       4
       5
       4
       3
       4
       5
       4
       4
       7
       3
       5
       5
       2
       1
       5
       2
       1
       7
       4
       5
       3
       2
       2
       7
       3
       6
       4
       2
       4
       7
       5
       4
       5
       3
       5
       6
       3
       0
       2
       5
       3
       4
       3
       6
       7
       6
       3
       2
       4
       4
       1
       3
       1
       6
       5
       2
       2
       6
       4
       2
       6
       4
       3
       2
       1
       1
       2
       4
       4
       1
       8
       6
       3
       4
       5
       5
       3
       4
       8
       3
       5
       1
       5
       3
       0
       5
       3
       4
       4
       2
       5
       2
       2
       7
       2
       7
       1
       4
       5
       1
       4
       5
       4
       4
       4
       4
       4
       3
       6
       3
       2
       3
       4
       4
       8
       5
       5
       8
       3
       7
       3
       4
       2
       2
       2
       4
       3
       3
       2
       6
       6
       2
       8
       2
       3
       2
       1
       5
       4
       3
       5
       1
       3
       4
       6
       4
       5
       4
       1
       5
       4
       2
       8
       2
       5
       5
       1
       4
       6
       3
       7
       1
       2
       5
       3
       7
       4
       2
       3
       6
       6
       3
       5
       2
       4
       6
       3
       3
       6
       2
       1
       5
       6
      10
       3
       1
       1
       6
       2
       4
       3
       4
       3
       3
       5
       0
       4
      10
       3
       3
       4
       2
       6
       3
       4
       5
       5
       1
       6
       3
       6
       4
       7
       4
       5
       6
       5
       8
       3
       3
       5
       6
       3
       6
       3
       6
       8
       3
       6
       3
       3
       7
       7
       2
       3
       5
       2
       5
       2
       5
       5
       8
       4
       3
       5
       4
       5
       4
       4
       2
       4
       4
       3
       4
       0
       4
       5
       2
       4
       5
       3
       5
       2
       4
       7
       3
       2
       7
       5
       1
       1
       4
       2
       4
       3
       8
       6
       4
       1
       2
       5
       3
       4
       4
       4
       7
       2
       2
       3
       3
       5
       4
       2
       3
       5
       5
       4
       0
       2
       3
       6
       3
       6
       6
       3
       2
       5
       4
       5
       4
       2
       4
       3
       1
       3
       2
       4
       6
       5
       3
       4
       3
       2
       6
       4
       1
       1
       2
       5
       2
       4
       1
       4
       2
       7
       1
       3
       2
       3
       9
       2
       5
       6
       1
       2
       4
       2
       1
       7
       4
       2
       5
       3
       4
       4
       1
       4
       3
       1
       3
       6
       2
       6
       3
       4
       1
       4
       3
       7
       3
       0
       6
       4
       3
       3
       3
       1
       1
       2
       2
       1
       5
       4
       2
       6
       1
       2
       6
       2
       3
       2
       3
       0
       3
       3
       2
       1
       3
       1
       4
       3
       3
       4
       1
       2
       3
       0
       4
       2
       4
       2
       0
       2
       0
       2
       3
       3
       2
       2
       5
       1
       1
       2
       3
       3
       1
       6
       2
       3
       3
       2
       3
       1
       3
       5
       6
       3
       6
       2
       2
       3
       3
       5
       2
       4
       1
       2
       3
       4
       4
       3
       1
       2
       0
       1
       5
       1
       1
       5
       1
       3
       5
       2
       2
       5
       1
       3
       5
       1
       0
       5
       2
       4
       4
       1
       1
       1
       6
       0
       6
       3
       5
       2
       0
       4
       1
       5
       3
       3
       2
       4
       2
       3
       1
       4
       0
       6
       3
       0
       0
       5
       1
       4
       2
       2
       0
       1
       2
       1
       3
       1
       1
       5
       2
       1
       3
       2
       0
       1
       1
       2
       3
       3
       3
       3
       2
       3
       1
       2
       1
       4
       3
       1
       2
       1
       2
       2
       0
       2
       5
       2
       4
       0
       3
       2
       2
       3
       3
       1
       1
       4
       1
       2
       2
       4
       3
       4
       2
       1
       5
       2
       2
       2
       4
       2
       3
       7
       6
       3
       6
       0
       2
       3
       4
       2
       3
       3
       5
       3
       1
       2
       3
       3
       2
       0
       2
       1
       6
       0
       1
       3
       2
       0
       3
       1
       1
       3
       3
       0
       1
       3
       3
       3
       5
       2
       2
       1
       3
       1
       1
       2
       1
       5
       3
       3
       2
       4
       1
       0
       6
       1
       2
       6
       2
       2
       1
       2
       1
       2
       2
       2
       0
       2
       2
       3
       2
       2
       2
       0
       1
       4
       1
       5
       2
       2
       1
       2
       3
       2
       2
       3
       3
       3
       3
       2
       2
       3
       3
       2
       2
       3
       3
       1
       2
       3
       2
       2
       4
       5
       1
       1
       1
       1
       3
       1
       5
       1
       0
       3
       0
       7
       4
       4
       2
       3
       2
       3
       2
       1
       3
       0
       0
       6
       6
       2
       1
       1
       2
       2
       2
       2
       3
       0
       1
       3
       1
       2
       4
       4
       3
       4
       3
       5
       1
       2
       5
       6
       1
       1
       1
       2
       5
       3
       6
       1
       5
       3
       2
       2
       0
       1
       0
       2
       0
       2
       5
       2
       1
       2
       2
       6
       2
       4
       2
       2
       1
       4
       4
       3
       4
       8
       2
       1
       2
       2
       1
       1
       4
       2
       1
       4
       0
       4
       5
       1
       2
       2
       1
       1
       2
       0
       1
       1
       3
       4
       1
       1
       0
       4
       3
       4
       2
       2
       3
       2
       2
       1
       3
       4
       2
       2
       2
       1
       4
       2
       1
       4
       1
       1
       2
       0
       2
       3
       2
       2
       1
       5
       3
       1
       3
       4
       4
       1
       3
       3
       2
       0
       3
       1
       5
       3
       5
       1
       1
       4
       3
       3
       1
       2
       1
       0
       2
       2
       4
       3
       2
       1
       2
       2
       3
       2
       2
       1
       3
       2
       3
       3
       3
       4
       1
       1
       4
       0
       5
       1
       3
       3
       1
       2
       0
       1
       3
       1
       2
       1
       1
       5
       2
       3
       1
       5
       6
       1
       2
       0
       3
       1
       3
       3
       5
       0
       2
       2
       2
       3
       3
       5
       0
       2
       2
       4
       2
       1
       0
       1
       2
       4
       1
       2
       1
       1
       3
       1
       6
       2
       2
       1
       0
       3
       1
       2
       4
       1
       3
       1
       3
       1
       2
       2
       0
       5
       3
       5
       3
       5
       1
       2
       1
       2
       1
       3
       3
       2
       3
       3
       7
       3
       2
       3
       1
       1
       4
       1
       2
       6
       2
       2
       4
       3
       4
       4
       1
       4
       3
       3
       3
       2
       5
       2
       4
       1
       4
       3
       3
       0
       4
       4
       3
       3
       4
       2
       3
       3
       1
       1
       2
       4
       6
       1
       1
       1
       3
       2
       0
       2
       3
       1
       2
       0
       0
       1
       4
       0
       1
       3
       1
       3
       1
       2
       1
       2
       1
       3
       1
       0
       5
       2
       2
       2
       4
       0
       1
       2
       0
       2
       0
       1
       4
       1
       1
       2
       5
       3
       1
       1
       1
       1
       4
       0
       0
       1
       2
       3
       2
       2
       3
       1
       0
       1
       2
       4
       0
       2
       2
       1
       1
       4
       3
       2
       1
       3
       2
       0
       3
       1
       2
       2
       1
       2
       3
       2
       3
       1
       3
       1
       2
       2
       2
       2
       3
       1
       1
       1
       4
       3
       1
       2
       1
       1
       0
       1
       0
       2
       0
       0
       1
       4
       3
       2
       1
       4
       7
       2
       1
       2
       2
       4
       1
       3
       2
       4
       5
       2
       0
       3
       1
       0
       1
       2
       1
       3
       3
       3
       2
       4
       3
       1
       0
       6
       2
       1
       0
       3
       3
       1
       0
       1
       2
       2
       3
       0
       3
       4
       0
       1
       2
       1
       1
       2
       1
       0
       2
       5
       1
       1
       1
       1
       6
       0
       2
       1
       3
       1
       4
       3
       6
       1
       4
       6
       4
       1
       3
       0
       2
       3
       1
       4
       0
       2
       2
       2
       0
       3
       0
       2
       1
       2
       3
       4
       1
       3
       3
       1
       0
       1
       0
       0
       0
       1
       0
       2
       0
       2
       0
       2
       2
       2
       1
       4
       0
       5
       3
       2
       3
       0
       2
       1
       2
       0
       1
       3
       1
       0
       0
       2
       0
       1
       2
       2
       2
       2
       2
       1
       3
       0
       1
       1
       0
       2
       3
       2
       0
       1
       1
       0
       3
       3
       1
       1
       1
       0
       2
       3
       1
       0
       0
       0
       1
       1
       1
       3
       3
       3
       2
       0
       3
       3
       5
       2
       2
       1
       0
       3
       2
       1
       0
       2
       1
       0
       1
       1
       2
       1
       4
       2
       2
       0
       0
       2
       1
       3
       2
       3
       2
       0
       5
       0
       2
       2
       3
       2
       1
       3
       1
       0
       0
       0
       1
       4
       2
       2
       2
       1
       2
       1
       3
       0
       2
       0
       1
       1
       2
       3
       3
       2
       3
       2
       1
       3
       2
       1
       5
       5
       4
       3
       2
       1
       0
       3
       4
       1
       2
       2
       1
       5
       2
       1
       0
       1
       1
       2
       1
       1
       1
       2
       3
       1
       0
       3
       0
       2
       0
       1
       3
       3
       1
       2
       0
       0
       2
       3
       6
       2
       0
       1
       3
       2
       0
       3
       2
       1
       2
       1
       1
       1
       1
       2
       3
       1
       3
       1
       4
       1
       3
       2
       2
       0
       1
       3
       0
       1
       0
       0
       1
       2
       1
       2
       1
       2
       3
       0
       1
       4
       3
       1
       0
       0
       0
       1
       1
       0
       0
       1
       2
       3
       1
       1
       0
       1
       1
       0
       1
       0
       1
       3
       1
       1
       1
       0
       3
       2
       1
       0
       1
       3
       0
       3
       2
       2
       3
       1
       2
       1
       3
       3
       3
       1
       6
       5
       3
       1
       2
       4
       2
       0
       1
       1
       2
       0
       0
       5
       3
       1
       0
       2
       1
       0
       3
       1
       1
       2
       4
       1
       0
       1
       2
       0
       1
       0
       0
       0
       2
       3
       1
       2
       2
       2
       2
       2
       2
       2
       1
       0
       0
       1
       1
       1
       4
       0
       1
       0
       1
       3
       1
       0
       1
       3
       0
       3
       2
       0
       0
       1
       2
       3
       1
       5
       1
       1
       1
       1
       3
       4
       0
       1
       1
       3
       3
       0
       1
       2
       1
       2
       1
       2
       0
       0
       4
       3
       0
       2
       1
       0
       1
       1
       0
       1
       1
       0
       0
       1
       6
       1
       2
       3
       3
       2
       0
       1
       2
       0
       0
       1
       1
       2
       2
       1
       1
       1
       0
       1
       0
       1
       2
       1
       3
       1
       3
       4
       1
       1
       1
       1
       2
       1
       0
       1
       2
       2
       2
       1
       0
       0
       1
       0
       1
       3
       3
       1
       1
       2
       1
       3
       0
       2
       2
       1
       3
       0
       4
       2
       0
       0
       3
       3
       1
       2
       2
       0
       0
       0
       1
       2
       3
       1
       0
       1
       2
       3
       3
       1
       3
       3
       2
       1
       2
       0
       0
       0
       0
       2
       0
       2
       1
       0
       1
       1
       0
       0
       1
       3
       0
       1
       1
       1
       1
       1
       1
       1
       2
       2
       0
       2
       2
       2
       0
       1
       1
       2
       1
       1
       1
       1
       2
       1
       0
       2
       2
       2
       0
       2
       3
       1
       0
       1
       3
       0
       1
       2
       0
       1
       2
       0
       0
       1
       1
       0
       1
       1
       2
       0
       1
       0
       4
       2
       0
       0
       1
       0
       1
       1
       0
       0
       2
       0
       2
       1
       2
       4
       1
       0
       1
       1
       1
       3
       0
       1
       0
       1
       1
       1
       1
       0
       0
       1
       1
       0
       1
       1
       3
       0
       2
       2
       1
       3
       1
       0
       2
       0
       0
       0
       2
       1
       0
       1
       1
       0
       0
       0
       1
       1
       2
       1
       2
       0
       1
       0
       2
       0
       0
       0
       3
       1
       3
       0
       0
       1
       1
       1
       2
       1
       1
       0
       1
       1
       0
       0
       1
       2
       0
       1
       1
       3
       0
       2
       0
       2
       2
       0
       0
       1
       2
       0
       2
       1
       3
       2
       0
       1
       2
       0
       1
       1
       1
       1
       1
       1
       0
       2
       3
       0
       0
       1
       1
       2
       0
       0
       0
       0
       0
       0
       2
       1
       1
       0
       1
       0
       2
       1
       0
       3
       1
       1
       0
       1
       0
       1
       1
       1
       1
       1
       1
       1
       0
       1
       1
       1
       1
       0
       1
       0
       2
       0
       1
       1
       2
       2
       1
       1
       2
       1
       2
       0
       0
       1
       3
       0
       1
       2
       1
       1
       0
       0
       1
       3
       2
       0
       2
       1
       0
       1
       2
       0
       1
       1
       0
       0
       1
       1
       2
       2
       0
       0
       1
       1
       1
       2
       0
       2
       0
       0
       0
       0
       0
       1
       0
       0
       0
       0
       1
       0
       1
       1
       2
       0
       1
       0
       1
       2
       0
       0
       0
       0
       2
       1
       0
       0
       0
       0
       1
       0
       0
       0
       0
       0
       0
       1
       1
       1
       1
       1
       0
       0
       0
       1
       1
       0
       2
       0
       0
       1
       0
       1
       3
       1
       0
       1
       0
       1
       1
       0
       1
       0
       0
       1
       1
       0
       0
       1
       0
       0
       0
       1
       1
       1
       1
       1
       0
       1
       3
       1
       0
       0
       0
       1
       1
       0
       2
       1
       0
       0
       0
       2
       0
       1
       2
       0
       0
       0
       1
       0
       0
       0
       0
       1
       0
       1
       1
       0
       0
       0
       1
       1
       1
       0
       2
       0
       0
       2
       0
       0
       1
       1
       0
       0
       0
       0
       0
       0
       1
       0
       1
       2
       0
       2
       1
       0
       0
       0
       1
       0
       0
       1
       0
       1
       0
       0
       0
       0
       0
       1
       0
       0
       1
       0
       0
       1
       0
       1
       0
       0
       0
       2
       0
       0
       0
       0
       0
       0
       0
       1
       0
       1
       0
       1
       0
       1
       0
       1
       0
       0
       0
       1
       0
       0
       1
       0
       1
       1
       1
       0
       0
       2
       0
       0
       1
       1
       0
       2
       0
       0
       0
       0
       1
       0
       0
       1
       0
       1
       0
       0
       0
       1
       0
       0
       3
       1
       0
       1
       0
       3
       0
       0
       0
       0
       0
       0
       0
       1
       1
       1
       0
       0
       0
       0
       0
       2
       0
       0
       1
       1
       0
       0
       0
       0
       1
       1
       0
       1
       0
       0
       0
       2
       0
       0
       0
       0
       0
       1
       0
       0
       0
       1
       1
       1
       0
       0
       0
       0
       0
       1
       2
       0
       0
       0
       1
       0
       0
       0
       1
       0
       0
       1
       0
       0
       0
       0
       0
       2
       1
       0
       1
       1
       0
       1
       1
       0
       0
       1
       0
       0
       0
       0
       0
       2
       0
       0
       1
       0
       1
       0
       0
       0
       0
       0
       0
       0
       0
       1
       0
       0
       0
       0
       0
       0
       2
       0
       1
       1
       0
       1
       0
       0
       0
       0
       1
       0
       1
       0
       0
       0
       0
       0
       0
       1
       1
       0
       0
       0
       0
       0
       0
       0
       0
       1
       1
       0
       0
       1
       2
       0
       0
       0
       0
       1
       0
       0
       0
       0
       0
       0
       0
       1
       0
       0
       0
       0
       0
       0
       0
       0
       0
       0
       1
       0
       0
       0
       0
       0
       0
       0
       0
       0
       1
       0
       0
       0
       0
       0
       0
       0
       0
       0
       0
       0
       0
       0
       0
       0
       0
       0
       0
       0
       0
       1
       1
       0
       1
       0
       1
       0
       0
       0
       0
       0
       0
       0
       0
       0
       0
       0
       0
       0
       0
       1
       0
       0
       0
       0
       0
       0
       0
       1
       0
       0
       0
       0
       0
       0
       0
       0
       0
       0
       0
       0
       0
       1
       1
       0
       0
       0
       1
       0
       0
       0
       0
       0
       0
       0
       0
       0
       1
       1
       0
       0
       1
       0
       0
       0
       0
       1
       0
       0
       0
       0
       0
       0
       0
       0
       0
       0
       0
       1
       1
       0
       0
       0
       1
       0
       0
       1
       0
       0
       0
       1
       0
       0
       0
       0
       0
       0
       0
       0
       0
       0
       0
       0
       1
       0
       1
       0
       0
       0
       0
       0
       0
       0
       0
       0
       0
       0
       1
       0
       0
       0
       0
       0
       0
       0
       0
       0
       0
       0
       0
       0
       0
       1
       0
       0
       0
       0
       0
       0
       0
       0
       0
       0
       1
       0
       0
       0
       1
       1
       0
       0
       0
       0
       0
       1
       0
       0
       0
       0
       0
       0
       0
       0
       0
       0
       0
       0
       0
       0
       0
       0
       0
       0
       0
       0
       0
       0
       0
       0
       1
       0
       0
       0
       0
       0
       0
       0
       1
       0
       0
       0
       0
       0
       0
       0
       1
       0
       1
       0
       0
       0
       0
       0
       0
       0
       0
       0
       0
       0
       0
       0
       0
       0
       1
       0
       0
       0
       0
       0
       0
       0
       0
       0
       0
       0
       0
       0
       0
       0
       0
       0
       0
       0
       1
       0
       0
       0
       0
       0
       0
       0
       0
       0
       0
       1
       0
       0
       0
       0
       1
       0
       1
       0
       0
       1
       0
       0
       0
       0
       0
       0
       0
       0
       0
       0
       0
       1
       0
       0
       0
       1
       0
       0
       1
       0
       0
       0
       0
       0
       0
       0
       0
       1
       0
       0
       0
       0
       0
       1
       0
       0
       0
       1
       0
       0
       0
       0
       0
       0
       0
       0
       0
       0
       1
       0
       0
       0
       0
       0
       0
       0
       0
       0
       1
       0
       0
       0
       0
       0
       0
       0
       0
       0
       0
       0
       0
       0
       0
       0
       0
       0
       0
       0
       0
       0
       0
       0
       0
       0
       0
       0
       0
       0
       0
       0
       0
       0
       0
       0
       0
       0
       0
       0
       1
       0
       0
       0
       0
       0
       0
       0
       0
       0
       0
       0
       0
       0
       0
       0
       0
       0
       0
       0
       0
       0
       0
       0
       1
       0
       0
       0
       0
       0
       0
       0
       0
       0
       0
       0
       0
       0
       0
       0
       0
       0
       0
       0
       0
       1
       0
       0
       0
       0
       0
       0
       0
       0
       0
       0
       0
       0
       0
       0
       0
       0
       0
       0
       1
       0
       0
       0
       0
       0
       0
       1
       0
       0
       0
       0
       0
       0
       0
       0
       0
       0
       0
       1
       0
       1
       0
       0
       0
       0
       0
       0
       0
       0
       0
       0
       0
       0
       0
       0
       0
       0
       0
       0
       0
       0
       0
       0
       0
       0
       0
       0
       0
       0
       0
       0
       0
       0
       0
       0
       0
       0
       0
       0
       0
       0
       0
       0
       0
       0
       0
       0
       0
       0
       0
       0
       0
       0
       0
       0
       0
       0
       0
       1
       0
       0
       0
       0
       0
       0
       0
       0
       0
       0
       0
       0
       0
       0
       0
       0
       0
       0
       0
       0
       0
       0
       0
       0
       0
       0
       0
       0
       0
       0
       0
       0
       0
       0
       0
       0
       0
       0
       0
       0
       0
       0
       0
       0
       1
       0
       0
       0
       0
       0
       0
       0
       0
       0
       0
       0
       0
       0
       0
       0
       0
       0
       0
       0
       0
       0
       0
       0
       0
       0
       0
       0
       1
       0
       0
       0
       0
       1
       0
       0
       0
       0
       0
       0
       0
       0
       0
       0
       0
       0
       1
       0
       0
       0
       0
       0
       0
       0
       0
       0
       0
       0
       0
       0
       0
       0
       0
       0
       0
       0
       0
       0
       0
       0
       0
       0
       0
       0
       0
       0
       0
       0
       0
       0
       0
       0
       0
       0
       0
       0
       0
       0
       0
       0
       0
       0
       0
       0
       0
       0
       0
       0
       0
       0
       0
       0
       0
       0
       1
       0
       0
       0
       0
       0
       0
       0
       0
       0
       0
       0
       0
       0
       0
       0
       0
       0
       0
       0
       0
       0
       0
       0
       0
       0
       0
       0
       0
       0
       0
       0
       0
       0
       0
       0
       0
       0
       0
       0
       0
       0
       0
       0
       0
       1
       0
       0
       0
       0
       0
       0
       0
       0
       0
       0
       0
       0
       0
       0
       0
       0
       0
       0
       0
       0
       0
       0
       0
       0
       0
       0
       0
       0
       0
       0
       0
       0
       0
       0
       0
       0
       0
       0
       0
       0
       0
       0
       0
       0
       0
       0
       0
       0
       0
       0
       0
       0
       0
       0
       0
       0
       0
       0
       0
       0
       0
       0
       0
       0
       0
       0
       0
       0
       0
       0
       1
       0
       0
       0
       0
       0
       0
       0
       0
       0
       0
       0
       0
       0
       0
       0
       0
       0
       0
       0
       0
       0
       0
       0
       0
       0
       0
       0
       0
       0
       0
       0
       0
       0
       0
       0
       0
       0
       0
       0
       0
       0
       0
       0
       0
       0
       0
       0
       0
       0
       0
       0
       0
       0
       0
       0
       0
       0
       0
       0
       1
       0
       0
       0
       0
       0
       0
       0
       0
       0
       0
       0
       0
       0
       0
       0
       0
       0
       0
       0
       0
       0
       0
       0
       0
       0
       1
       0
       0
       0
       0
       0
       0
       0
       0
       0
       0
       0
       0
       0
       0
       0
       0
       0
       0
       0
       0
       0
       0
       0
       0
       0
       0
       0
       0
       0
       0
       0
       0
       0
       0
       0
       0
       0
       0
       0
       0
       0
       0
       0
       0
       0
       0
       0
       0
       0
       0
       0
       0
       0
       0
       0
       0
       0
       0
       0
       0
       0
       0
       0
       0
       0
       0
       0
       0
       0
       0
       0
       0
       0
       0
       0
       0
       0
       0
       0
       0
       0
       0
       0
       0
       0
       0
       0
       0
       0
       0
       0
       0
       0
       0
       0
       0
       0
       0
       0
       0
       0
       0
       0
       0
       0
       0
       0
       0
       0
       0
       0
       0
       0
       0
       0
       0
       0
       0
       0
       0
       0
       0
       0
       0
       0
       0
       0
       0
       0
       0
       0
       0
       0
       0
       0
       0
       0
       0
       0
       0
       0
       0
       0
       0
       0
       0
       0
       0
       0
       0
       0
       0
       0
       0
       0
       0
       0
       0
       0
       0
       0
       0
       0
       0
       0
       0
       0
       0
       0
       0
       0
       0
       0
       0
       0
       0
       0
       0
       0
       0
       0
       0
       0
       0
       0
       0
       0
       0
       0
       0
       0
       0
       0
       0
       0
       0
       0
       0
       0
       0
       0
       0
       0
       0
       0
       0
       0
       0
       0
       0
       0
       0
       0
       0
       0
       0
       0
       0
       0
       0
       0
       0
       0
       0
       0
       0
       0
       0
       0
       0
       0
       0
       0
       0
       0
       0
       0
       0
       0
       0
       0
       0
       0
       0
       0
       0
       0
       0
       0
       0
       0
       0
       0
       0
       0
       0
       0
       0
       0
       0
       0
       1
       0
       0
       0
       0
       0
       0
       0
       0
       0
       0
       0
       0
       0
       0
       0
       0
       0
       0
       0
       0
       0
       0
       0
       0
       0
       0
       0
       0
       0
       0
       0
       0
       0
       0
       0
       0
       0
       0
       0
       0
       0
       0
       0
       0
       0
       0
       0
       0
       0
       0
       0
       0
       0
       0
       0
       0
       0
       0
       0
       0
       0
       0
       0
       0
       0
       0
       0
       0
       0
       0
       0
       0
       0
       0
       0
       0
       0
       0
       0
       0
       0
       0
       0
       0
       0
       0
       0
       0
       0
       0
       0
       0
       0
       0
       0
       0
       0
       0
       0
       0
       0
       0
       0
       0
       0
       0
       0
       0
       0
       0
       0
       0
       0
       0
       0
       0
       0
       0
       0
       0
       0
       0
       0
       0
       0
       0
       0
       0
       0
       0
       0
       0
       0
       0
       0
       0
       0
       0
       0
       0
       0
       0
       0
       0
       0
       0
       0
       0
       0
       0
       0
       0
       0
       0
       0
       0
       0
       0
       0
$ROI:
3
6725 6813
6948 7045
7244 7256
$PRESETS:
None
0
0
$ENER_FIT:
-0.000074 0.728814
$MCA_CAL:
3
-7.366740E-005 7.288145E-001 -2.624510E-006 keV
$SHAPE_CAL:
3
0.000000E+000 0.000000E+000 0.000000E+000
