$SPEC_ID:
No sample description was entered.
$SPEC_REM:
DET# 1
DETDESC# PPF18-07 Easy-MCA-8k SN 14274550
AP# Maestro Version 7.01
$DATE_MEA:
11/24/2022 12:12:00
$MEAS_TIM:
4335 7167
$DATA:
0 8191
       0
       0
       0
       0
       0
       0
       0
       0
       0
       0
       0
       0
       0
       0
       0
       0
       0
       0
       0
       0
       0
       0
       0
       0
       3
    3990
  259454
 5492961
  421076
   37389
   47491
   65056
   86821
  107660
  117996
  109519
   88454
   65342
   48132
   36999
   30080
   24492
   20153
   15975
   12625
    9566
    7166
    5403
    4031
    3065
    2345
    1912
    1573
    1265
    1176
    1028
     978
     921
     939
     838
     804
     777
     760
     715
     667
     667
     583
     497
     473
     431
     359
     294
     271
     217
     209
     160
     184
     113
     122
     128
     106
     103
     101
     101
     105
     108
      87
      97
      77
      98
     100
      99
      88
      65
      78
      87
      68
      69
      65
      54
      64
      49
      54
      53
      51
      44
      37
      49
      39
      52
      49
      32
      47
      36
      43
      38
      27
      37
      31
      28
      36
      38
      29
      24
      39
      35
      33
      33
      42
      37
      39
      32
      26
      34
      34
      39
      36
      24
      40
      29
      37
      32
      32
      43
      29
      27
      21
      33
      39
      23
      34
      40
      37
      28
      31
      35
      29
      27
      31
      25
      35
      37
      26
      37
      38
      34
      31
      31
      24
      31
      25
      34
      35
      24
      29
      39
      40
      33
      45
      43
      31
      43
      31
      35
      25
      38
      29
      33
      37
      28
      33
      30
      24
      23
      26
      30
      25
      28
      30
      37
      40
      38
      34
      37
      28
      30
      29
      34
      37
      27
      40
      32
      28
      35
      30
      29
      36
      31
      28
      26
      42
      33
      33
      30
      33
      17
      29
      40
      35
      33
      40
      27
      33
      33
      43
      36
      34
      31
      40
      37
      30
      30
      34
      36
      34
      39
      42
      34
      41
      38
      29
      30
      40
      24
      25
      38
      25
      38
      40
      40
      38
      31
      20
      38
      30
      29
      33
      34
      39
      28
      40
      28
      43
      34
      31
      29
      29
      40
      48
      36
      30
      50
      38
      35
      41
      34
      35
      50
      33
      34
      38
      30
      40
      30
      29
      31
      27
      37
      29
      27
      29
      40
      27
      39
      33
      25
      28
      38
      42
      37
      31
      24
      53
      29
      39
      33
      34
      39
      26
      38
      32
      33
      42
      44
      35
      39
      28
      31
      32
      28
      30
      45
      52
      40
      46
      37
      33
      35
      39
      28
      34
      42
      36
      40
      42
      44
      31
      42
      38
      38
      46
      42
      40
      28
      44
      35
      48
      45
      36
      33
      33
      34
      37
      43
      30
      38
      47
      35
      30
      49
      29
      42
      37
      33
      35
      37
      37
      33
      26
      26
      29
      38
      38
      34
      39
      32
      39
      29
      34
      34
      41
      40
      45
      38
      40
      33
      46
      34
      55
      43
      34
      43
      32
      33
      28
      39
      40
      45
      35
      30
      29
      41
      38
      38
      23
      45
      36
      36
      44
      36
      32
      46
      24
      31
      43
      38
      36
      42
      27
      28
      38
      35
      38
      40
      42
      37
      47
      41
      49
      43
      47
      47
      34
      51
      45
      40
      37
      35
      45
      42
      30
      36
      43
      33
      43
      32
      41
      35
      46
      34
      27
      41
      40
      36
      44
      52
      46
      30
      37
      42
      36
      48
      50
      60
      34
      40
      39
      38
      46
      39
      57
      44
      42
      34
      43
      49
      45
      45
      47
      44
      47
      29
      42
      32
      53
      43
      43
      24
      40
      53
      46
      49
      49
      44
      43
      50
      60
      40
      38
      38
      38
      44
      47
      39
      39
      42
      45
      32
      36
      46
      40
      50
      41
      41
      62
      41
      34
      45
      40
      59
      46
      38
      52
      47
      48
      53
      45
      36
      46
      62
      51
      54
      45
      35
      35
      55
      43
      62
      53
      38
      57
      45
      44
      51
      43
      48
      45
      29
      55
      46
      38
      43
      41
      56
      44
      49
      33
      37
      44
      29
      35
      41
      39
      36
      44
      44
      53
      28
      59
      40
      58
      56
      49
      48
      37
      57
      43
      38
      47
      55
      62
      46
      47
      39
      33
      55
      65
      54
      52
      47
      57
      50
      48
      53
      59
      35
      54
      43
      55
      40
      47
      61
      48
      52
      55
      46
      47
      61
      64
      51
      44
      41
      50
      75
      49
      38
      47
      71
      65
      56
      48
      38
      56
      51
      60
      44
      50
      50
      54
      46
      49
      52
      67
      49
      61
      41
      51
      62
      50
      40
      48
      44
      44
      73
      68
      55
      57
      44
      57
      53
      46
      48
      53
      54
      55
      46
      54
      50
      61
      62
      37
      52
      55
      54
      65
      47
      67
      63
      54
      46
      49
      66
      60
      59
      47
      45
      46
      42
      55
      60
      66
      68
      44
      67
      47
      60
      64
      68
      52
      46
      43
      59
      41
      53
      47
      65
      59
      44
      62
      55
      60
      53
      74
      64
      48
      44
      61
      58
      80
      51
      50
      49
      59
      72
      52
      55
      54
      63
      66
      64
      61
      68
      47
      61
      63
      60
      66
      60
      64
      60
      52
      54
      65
      59
      85
      61
      60
      74
      69
      62
      72
      66
      63
      73
      62
      70
      61
      58
      54
      76
      60
      71
      58
      78
      69
      57
      68
      67
      62
      72
      70
      70
      67
      78
      63
      63
      75
      70
      64
      60
      74
      69
      67
      73
      58
      66
      51
      63
      62
      77
      54
      66
      78
      74
      69
      69
      67
      58
      70
      61
      67
      72
      81
      64
      69
      72
      77
      69
      69
      82
      81
      70
      69
      87
      78
      64
      74
      75
      49
      72
      77
      75
      77
      65
      56
      73
      65
      71
      95
      85
      86
      66
      77
      80
      81
      80
      76
      69
      51
      79
      90
      65
      69
      86
      83
      80
      76
      71
      79
      80
      81
      76
      69
      75
      79
      70
      82
      92
      93
      81
      76
      88
      72
      77
      75
      73
      76
      78
      68
      75
      91
      79
      86
      68
      86
      70
      78
      75
      80
      92
      71
      78
      86
      81
      78
      80
      86
      75
      78
      84
      81
      75
      83
      78
      76
      76
      85
      74
      82
      78
      79
     104
      74
      89
      84
      70
     109
      67
      80
      78
      90
      79
      79
      91
     100
      98
      92
      93
     110
      74
      82
      79
      79
      88
      99
      83
      95
     104
      85
      83
      84
     114
     102
      81
      71
      85
      86
      64
      89
      86
      91
      87
      98
     104
      80
     101
      92
      71
     103
      91
      81
      87
      94
      82
     101
     106
      86
     113
     119
      93
      93
      91
      85
     112
      96
      95
     108
     101
     100
     104
     103
     100
      91
      89
     103
      91
      82
      99
      80
      96
      86
      98
     104
      96
     106
      85
     106
     100
      88
     106
     100
     112
      98
     102
      99
     117
     106
     101
     101
     114
     111
      99
     104
     100
      98
      98
      97
      94
     116
     109
      83
     111
     102
     102
     100
     104
     111
     110
      98
     113
     125
     102
     115
     120
     107
      97
     140
      96
     111
     110
     122
     103
     101
      92
     108
     125
      97
     116
     112
     110
      96
     133
     107
     115
     116
     116
     120
     117
     124
     133
     111
     127
     109
     121
     147
     114
     112
     133
     118
     115
     117
     123
     131
     115
      97
     125
     117
     117
     107
     146
     138
     138
     120
     102
     123
     107
     121
     128
     119
     125
     130
     116
     115
     123
     102
     141
     113
     156
     146
     137
     115
     117
     127
     138
     116
     122
     142
     123
     125
     131
     152
     127
     132
     134
     146
     124
     154
     114
     132
     134
     123
     141
     130
     125
     129
     119
     146
     140
     166
     115
     134
     145
     135
     125
     134
     138
     176
     147
     130
     148
     129
     163
     121
     133
     122
     158
     148
     120
     146
     136
     134
     135
     137
     133
     134
     144
     134
     141
     143
     137
     150
     149
     146
     138
     131
     153
     164
     148
     141
     144
     160
     157
     169
     148
     141
     144
     146
     154
     131
     132
     152
     137
     164
     164
     142
     155
     164
     144
     152
     141
     181
     145
     167
     147
     127
     168
     144
     162
     150
     164
     175
     153
     139
     170
     150
     168
     158
     171
     134
     157
     167
     165
     159
     160
     143
     164
     159
     139
     176
     161
     168
     146
     165
     151
     151
     166
     177
     168
     173
     162
     182
     168
     173
     157
     179
     157
     158
     174
     162
     187
     144
     167
     167
     152
     171
     158
     173
     165
     189
     166
     169
     167
     161
     173
     180
     170
     165
     164
     159
     156
     151
     177
     163
     184
     163
     188
     173
     177
     175
     193
     183
     180
     183
     163
     179
     170
     157
     209
     187
     196
     200
     160
     171
     182
     178
     188
     164
     184
     187
     190
     173
     193
     195
     194
     214
     213
     187
     200
     203
     199
     179
     185
     167
     206
     201
     204
     184
     198
     187
     201
     205
     204
     216
     200
     196
     199
     196
     203
     216
     215
     200
     201
     201
     212
     215
     205
     190
     195
     210
     211
     210
     197
     216
     225
     202
     201
     220
     231
     201
     206
     212
     219
     253
     214
     239
     194
     191
     190
     204
     193
     193
     192
     204
     197
     205
     219
     215
     212
     221
     236
     221
     232
     235
     210
     203
     224
     224
     217
     197
     209
     212
     222
     239
     230
     203
     217
     228
     215
     212
     231
     239
     234
     214
     219
     234
     238
     217
     229
     234
     227
     217
     235
     254
     213
     231
     232
     246
     250
     246
     228
     255
     260
     240
     273
     210
     244
     233
     274
     243
     244
     241
     255
     243
     268
     239
     256
     279
     264
     234
     282
     255
     254
     229
     223
     271
     244
     242
     243
     259
     252
     214
     287
     264
     247
     253
     265
     273
     262
     253
     288
     247
     261
     253
     268
     269
     249
     271
     240
     298
     256
     257
     257
     252
     262
     253
     249
     281
     308
     266
     278
     288
     275
     268
     238
     282
     268
     273
     285
     284
     277
     267
     259
     295
     276
     307
     249
     295
     289
     254
     258
     282
     259
     299
     263
     293
     309
     291
     289
     290
     275
     276
     312
     280
     275
     289
     304
     281
     297
     317
     315
     316
     331
     304
     284
     298
     358
     290
     284
     260
     314
     291
     311
     313
     298
     307
     282
     268
     305
     286
     297
     300
     310
     310
     284
     279
     300
     311
     315
     310
     309
     287
     323
     328
     339
     323
     329
     314
     306
     285
     314
     325
     332
     300
     334
     298
     320
     337
     361
     326
     335
     328
     297
     319
     334
     342
     362
     345
     347
     330
     343
     335
     315
     325
     338
     341
     313
     336
     349
     339
     323
     350
     359
     345
     362
     340
     349
     330
     342
     361
     398
     351
     326
     315
     358
     342
     379
     364
     359
     357
     360
     384
     363
     376
     362
     364
     361
     356
     343
     379
     379
     339
     358
     346
     366
     352
     382
     382
     369
     366
     363
     341
     380
     380
     367
     376
     392
     354
     349
     379
     371
     385
     388
     374
     356
     377
     419
     406
     346
     387
     385
     374
     421
     391
     387
     397
     422
     385
     442
     421
     437
     375
     370
     409
     377
     417
     404
     414
     378
     418
     393
     409
     369
     402
     433
     409
     413
     398
     410
     430
     410
     421
     392
     375
     392
     392
     401
     408
     417
     424
     443
     436
     382
     382
     394
     439
     432
     427
     397
     450
     413
     420
     440
     440
     405
     439
     419
     444
     439
     443
     481
     419
     467
     440
     438
     469
     445
     473
     452
     456
     450
     448
     455
     455
     463
     449
     471
     448
     429
     450
     476
     482
     457
     444
     469
     470
     429
     461
     481
     473
     480
     504
     444
     497
     470
     445
     478
     478
     468
     459
     524
     515
     501
     513
     467
     483
     479
     511
     492
     483
     487
     516
     514
     473
     530
     502
     496
     463
     505
     475
     506
     477
     505
     487
     513
     494
     482
     494
     486
     511
     491
     487
     505
     528
     516
     540
     498
     518
     545
     537
     465
     514
     512
     535
     526
     500
     509
     524
     511
     535
     537
     554
     523
     569
     546
     539
     515
     526
     543
     514
     540
     553
     538
     565
     542
     533
     523
     558
     551
     574
     567
     540
     559
     585
     581
     541
     558
     566
     534
     522
     560
     562
     605
     519
     590
     562
     578
     556
     573
     570
     599
     550
     558
     590
     531
     522
     566
     600
     588
     577
     612
     616
     556
     590
     593
     628
     593
     579
     617
     582
     573
     614
     586
     595
     538
     596
     633
     609
     607
     596
     645
     597
     627
     623
     607
     617
     626
     618
     628
     682
     632
     622
     592
     652
     630
     625
     702
     630
     593
     622
     612
     641
     603
     605
     628
     674
     666
     691
     578
     630
     657
     659
     623
     623
     661
     634
     627
     645
     662
     650
     740
     688
     665
     685
     673
     614
     674
     659
     650
     661
     672
     669
     696
     644
     663
     605
     650
     643
     677
     706
     705
     626
     666
     652
     672
     697
     725
     662
     675
     700
     708
     699
     687
     673
     672
     677
     678
     672
     679
     730
     687
     717
     709
     685
     755
     696
     703
     658
     693
     725
     725
     682
     657
     724
     707
     723
     715
     759
     765
     757
     693
     690
     708
     754
     725
     737
     721
     750
     704
     737
     725
     752
     751
     721
     704
     742
     732
     766
     773
     764
     744
     754
     752
     786
     762
     766
     805
     797
     773
     772
     740
     774
     725
     756
     787
     759
     763
     755
     808
     759
     740
     816
     799
     761
     863
     813
     784
     803
     768
     818
     778
     810
     814
     836
     820
     790
     802
     796
     777
     802
     808
     824
     796
     820
     834
     813
     837
     805
     805
     806
     822
     848
     789
     835
     826
     806
     794
     776
     810
     836
     820
     855
     843
     873
     798
     871
     811
     837
     871
     877
     804
     874
     819
     839
     878
     830
     914
     895
     848
     855
     889
     821
     863
     896
     900
     892
     815
     857
     855
     863
     919
     938
     828
     911
     892
     876
     862
     846
     859
     847
     865
     909
     869
     814
     917
     930
     875
     919
     928
     936
     902
     895
     908
     913
     946
     909
     981
     910
     900
     958
     886
     923
     940
     907
     890
     924
     923
     950
     923
     928
     951
     928
     956
     917
     951
     944
     933
     872
     980
     970
     966
     934
     979
    1036
     898
     955
    1001
    1001
     952
    1004
     971
    1015
     967
     969
    1017
     948
     945
     995
     909
    1036
     916
     977
     959
    1005
    1021
     992
     948
     948
    1047
    1025
     987
     996
    1024
    1007
     993
    1002
     986
     985
    1041
     996
    1051
     991
    1096
     950
    1026
     955
    1027
     998
    1036
     997
    1009
    1055
    1018
     982
    1043
    1038
    1046
    1034
    1009
    1015
    1109
    1064
    1059
    1093
    1030
    1049
    1032
    1113
    1108
    1002
    1105
    1078
    1036
    1104
    1055
    1023
    1036
    1038
    1104
    1057
     999
    1050
    1034
    1051
    1095
    1060
    1117
    1094
    1121
    1045
    1124
    1085
    1119
    1090
    1140
    1099
    1103
    1102
    1122
    1016
    1079
    1104
    1089
    1125
    1097
    1172
    1085
    1170
    1134
    1103
    1160
    1122
    1098
    1092
    1136
    1153
    1155
    1171
    1092
    1077
    1075
    1115
    1145
    1165
    1154
    1168
    1127
    1136
    1175
    1108
    1134
    1092
    1126
    1163
    1163
    1148
    1202
    1085
    1138
    1140
    1154
    1172
    1190
    1138
    1156
    1195
    1144
    1151
    1167
    1142
    1189
    1184
    1158
    1186
    1185
    1191
    1179
    1185
    1187
    1122
    1188
    1205
    1264
    1238
    1185
    1162
    1137
    1204
    1209
    1205
    1239
    1178
    1209
    1246
    1276
    1185
    1195
    1187
    1226
    1216
    1147
    1289
    1216
    1202
    1262
    1184
    1209
    1225
    1216
    1208
    1216
    1182
    1296
    1263
    1205
    1159
    1229
    1270
    1259
    1251
    1223
    1259
    1254
    1248
    1233
    1256
    1242
    1254
    1329
    1234
    1257
    1218
    1257
    1247
    1239
    1262
    1280
    1306
    1289
    1259
    1291
    1183
    1241
    1316
    1314
    1282
    1304
    1337
    1246
    1255
    1230
    1301
    1316
    1281
    1311
    1266
    1278
    1320
    1305
    1291
    1300
    1327
    1273
    1304
    1266
    1225
    1312
    1313
    1316
    1222
    1301
    1294
    1348
    1321
    1339
    1309
    1249
    1373
    1333
    1326
    1317
    1334
    1384
    1270
    1320
    1267
    1289
    1334
    1349
    1313
    1340
    1277
    1370
    1379
    1370
    1323
    1356
    1381
    1309
    1272
    1287
    1299
    1305
    1400
    1420
    1384
    1312
    1437
    1365
    1378
    1367
    1317
    1305
    1381
    1334
    1376
    1379
    1331
    1280
    1328
    1368
    1361
    1398
    1335
    1350
    1399
    1362
    1318
    1352
    1368
    1335
    1427
    1394
    1350
    1440
    1408
    1339
    1427
    1378
    1431
    1424
    1373
    1331
    1440
    1366
    1352
    1403
    1367
    1366
    1393
    1430
    1370
    1363
    1382
    1434
    1425
    1335
    1425
    1438
    1406
    1339
    1444
    1453
    1437
    1456
    1371
    1425
    1393
    1426
    1458
    1428
    1345
    1421
    1417
    1387
    1449
    1465
    1382
    1411
    1509
    1393
    1367
    1419
    1448
    1442
    1429
    1406
    1494
    1387
    1380
    1486
    1405
    1519
    1480
    1536
    1383
    1422
    1404
    1488
    1417
    1436
    1513
    1469
    1486
    1486
    1486
    1411
    1420
    1477
    1475
    1419
    1468
    1449
    1461
    1485
    1478
    1447
    1446
    1426
    1427
    1427
    1494
    1470
    1524
    1483
    1367
    1472
    1475
    1521
    1486
    1461
    1527
    1495
    1480
    1503
    1372
    1463
    1511
    1493
    1487
    1528
    1461
    1547
    1424
    1499
    1479
    1585
    1465
    1426
    1473
    1474
    1387
    1461
    1493
    1532
    1496
    1484
    1459
    1440
    1434
    1487
    1494
    1530
    1564
    1522
    1516
    1465
    1437
    1438
    1499
    1510
    1428
    1517
    1473
    1490
    1516
    1585
    1424
    1475
    1489
    1527
    1511
    1548
    1425
    1483
    1478
    1524
    1468
    1508
    1460
    1533
    1528
    1496
    1502
    1492
    1560
    1511
    1534
    1512
    1498
    1505
    1458
    1493
    1521
    1439
    1476
    1541
    1469
    1526
    1517
    1457
    1555
    1456
    1532
    1515
    1568
    1511
    1566
    1565
    1520
    1561
    1493
    1481
    1464
    1541
    1532
    1524
    1534
    1489
    1489
    1508
    1548
    1516
    1551
    1501
    1564
    1523
    1555
    1467
    1498
    1471
    1431
    1566
    1493
    1546
    1491
    1551
    1536
    1453
    1506
    1563
    1503
    1502
    1560
    1490
    1527
    1569
    1514
    1557
    1504
    1532
    1405
    1591
    1515
    1462
    1538
    1512
    1546
    1526
    1460
    1578
    1545
    1458
    1453
    1525
    1481
    1585
    1483
    1482
    1559
    1562
    1537
    1490
    1546
    1524
    1561
    1488
    1456
    1540
    1487
    1490
    1516
    1525
    1515
    1531
    1525
    1482
    1558
    1543
    1530
    1419
    1502
    1615
    1460
    1428
    1480
    1515
    1500
    1530
    1488
    1534
    1504
    1492
    1562
    1390
    1572
    1484
    1528
    1525
    1586
    1541
    1499
    1545
    1532
    1525
    1447
    1550
    1468
    1433
    1492
    1520
    1443
    1507
    1483
    1473
    1498
    1438
    1465
    1462
    1535
    1507
    1482
    1521
    1508
    1592
    1551
    1473
    1480
    1575
    1538
    1515
    1451
    1476
    1534
    1496
    1415
    1473
    1533
    1448
    1506
    1516
    1525
    1473
    1439
    1506
    1489
    1579
    1493
    1467
    1455
    1519
    1445
    1460
    1542
    1433
    1438
    1524
    1430
    1495
    1462
    1449
    1490
    1469
    1474
    1474
    1509
    1426
    1464
    1504
    1516
    1492
    1437
    1493
    1543
    1468
    1514
    1371
    1490
    1517
    1449
    1502
    1429
    1443
    1485
    1492
    1515
    1435
    1428
    1426
    1525
    1434
    1436
    1533
    1446
    1357
    1476
    1460
    1472
    1453
    1445
    1460
    1441
    1465
    1500
    1447
    1515
    1456
    1412
    1359
    1450
    1468
    1478
    1400
    1468
    1371
    1454
    1504
    1444
    1440
    1430
    1507
    1434
    1490
    1481
    1433
    1413
    1449
    1367
    1390
    1445
    1393
    1406
    1435
    1463
    1438
    1397
    1449
    1367
    1381
    1451
    1428
    1393
    1431
    1407
    1354
    1446
    1367
    1393
    1464
    1368
    1399
    1426
    1377
    1389
    1382
    1446
    1472
    1380
    1391
    1462
    1382
    1384
    1319
    1422
    1370
    1377
    1422
    1386
    1383
    1447
    1361
    1364
    1359
    1311
    1331
    1343
    1427
    1355
    1425
    1274
    1444
    1363
    1370
    1321
    1392
    1352
    1320
    1415
    1376
    1377
    1343
    1336
    1383
    1302
    1353
    1321
    1265
    1327
    1282
    1365
    1329
    1302
    1268
    1268
    1329
    1306
    1316
    1380
    1281
    1294
    1286
    1320
    1351
    1367
    1341
    1364
    1332
    1277
    1326
    1298
    1322
    1303
    1319
    1319
    1325
    1291
    1247
    1301
    1306
    1294
    1316
    1240
    1259
    1251
    1252
    1268
    1328
    1270
    1310
    1305
    1258
    1316
    1291
    1252
    1262
    1245
    1244
    1313
    1302
    1255
    1268
    1236
    1268
    1291
    1260
    1297
    1272
    1252
    1211
    1250
    1219
    1233
    1212
    1257
    1262
    1262
    1183
    1210
    1282
    1245
    1206
    1187
    1246
    1257
    1189
    1184
    1228
    1262
    1163
    1168
    1198
    1202
    1186
    1140
    1260
    1192
    1195
    1218
    1195
    1198
    1208
    1179
    1205
    1218
    1196
    1160
    1190
    1165
    1217
    1128
    1184
    1135
    1168
    1195
    1169
    1227
    1169
    1102
    1178
    1132
    1217
    1183
    1093
    1153
    1179
    1138
    1125
    1206
    1190
    1092
    1104
    1085
    1172
    1144
    1156
    1056
    1065
    1072
    1132
    1120
    1093
    1107
    1101
    1139
    1129
    1118
    1146
    1105
    1136
    1055
    1111
    1036
    1035
    1119
    1033
    1112
    1071
    1060
    1061
    1089
    1137
    1034
    1044
    1086
     974
    1073
    1100
    1066
    1019
    1021
    1021
    1029
    1044
    1089
    1034
    1046
    1002
    1019
    1041
    1072
    1077
    1019
    1028
    1002
    1090
     980
    1011
    1026
    1023
    1023
     982
     997
     974
     987
     976
    1010
     950
     982
     998
     954
    1007
     982
     918
     977
     959
    1028
    1005
     947
     942
     999
     974
     988
     922
     970
     981
     965
     917
     961
     917
     974
     954
     971
     966
     898
     931
     931
     890
     969
     924
     958
     912
     943
     968
     911
     976
     901
     893
     901
     963
     921
     908
     864
     855
     922
     861
     913
     853
     910
     931
     855
     864
     875
     872
     842
     870
     916
     866
     852
     863
     845
     898
     893
     885
     867
     807
     833
     870
     884
     816
     819
     872
     824
     833
     848
     826
     773
     833
     880
     843
     836
     789
     885
     848
     800
     871
     838
     828
     827
     831
     806
     786
     806
     810
     815
     800
     803
     807
     828
     797
     800
     761
     786
     823
     767
     779
     749
     802
     752
     784
     744
     747
     761
     734
     733
     801
     734
     728
     771
     769
     711
     715
     744
     750
     695
     732
     749
     747
     701
     737
     732
     730
     762
     672
     722
     668
     739
     707
     711
     692
     715
     730
     657
     699
     689
     709
     656
     672
     682
     721
     692
     724
     697
     692
     706
     659
     709
     652
     640
     699
     658
     685
     678
     664
     680
     643
     618
     665
     685
     685
     624
     584
     643
     691
     631
     582
     623
     632
     604
     666
     618
     647
     634
     640
     658
     633
     632
     630
     595
     610
     593
     592
     605
     597
     645
     600
     573
     574
     577
     630
     585
     615
     534
     590
     550
     554
     572
     564
     552
     553
     523
     581
     558
     531
     556
     554
     552
     556
     597
     562
     549
     533
     535
     544
     518
     523
     510
     514
     559
     536
     538
     516
     533
     542
     554
     518
     512
     530
     540
     488
     459
     449
     501
     480
     523
     500
     505
     482
     465
     474
     473
     501
     478
     457
     486
     476
     467
     477
     497
     514
     458
     476
     507
     447
     461
     466
     454
     435
     449
     439
     481
     457
     448
     430
     457
     446
     451
     440
     459
     449
     466
     460
     428
     451
     432
     439
     405
     409
     425
     390
     434
     441
     420
     440
     434
     389
     383
     396
     417
     412
     438
     389
     375
     438
     348
     407
     383
     391
     418
     364
     405
     390
     376
     415
     377
     389
     371
     368
     353
     358
     379
     361
     392
     348
     345
     372
     343
     359
     380
     349
     398
     366
     382
     337
     333
     356
     337
     364
     330
     342
     349
     324
     331
     359
     303
     343
     316
     349
     341
     333
     306
     300
     316
     320
     315
     313
     316
     311
     350
     320
     318
     293
     324
     322
     330
     310
     312
     321
     261
     303
     296
     285
     324
     313
     284
     333
     307
     290
     300
     283
     326
     283
     276
     323
     282
     247
     260
     279
     270
     290
     315
     272
     287
     253
     269
     255
     278
     235
     244
     287
     238
     260
     258
     236
     248
     247
     236
     244
     236
     249
     231
     256
     264
     237
     245
     253
     245
     212
     228
     239
     247
     206
     213
     239
     211
     221
     178
     269
     223
     234
     228
     239
     230
     213
     200
     200
     206
     203
     238
     246
     211
     227
     202
     191
     237
     183
     195
     212
     204
     212
     208
     204
     192
     188
     223
     196
     219
     192
     206
     185
     175
     202
     211
     174
     200
     211
     187
     174
     180
     166
     179
     201
     213
     204
     164
     176
     161
     164
     158
     169
     165
     188
     151
     176
     150
     193
     154
     171
     165
     167
     163
     144
     154
     172
     159
     154
     151
     182
     146
     156
     160
     136
     133
     147
     177
     149
     143
     151
     146
     143
     156
     141
     131
     144
     118
     122
     127
     133
     122
     137
     140
     142
     154
     143
     170
     133
     132
     117
     128
     118
     129
     132
     114
     107
     130
     103
     119
     100
     123
     127
     119
     135
     107
     125
     122
     140
     124
     132
     110
      93
     110
     131
      98
     120
     123
     123
      95
      96
     124
     100
     118
     123
     107
     108
     114
     105
      93
     105
     104
     103
      71
     112
     103
      84
      95
     114
      88
     112
      86
     103
      91
      84
      98
     100
      80
      74
      85
      98
      78
      86
      97
      96
      90
      93
      72
      88
      93
      75
      80
      79
      79
      81
      93
      83
      89
      73
      87
      85
      73
      78
      74
      69
      69
      80
      88
      87
      83
      66
      86
      77
      73
      79
      77
      71
      90
      66
      75
      64
      70
      66
      86
      85
      53
      84
      57
      60
      68
      66
      71
      71
      60
      50
      81
      50
      52
      65
      68
      56
      67
      60
      66
      73
      57
      70
      57
      62
      61
      60
      57
      56
      64
      60
      47
      48
      57
      57
      67
      42
      38
      69
      59
      53
      41
      47
      57
      56
      44
      49
      61
      50
      53
      65
      53
      50
      41
      44
      57
      46
      49
      43
      43
      39
      37
      47
      49
      28
      48
      43
      39
      54
      45
      48
      45
      43
      37
      36
      33
      38
      34
      45
      40
      42
      28
      44
      44
      32
      35
      43
      53
      34
      39
      35
      48
      42
      38
      35
      37
      44
      40
      45
      37
      31
      31
      32
      40
      36
      24
      33
      33
      41
      31
      30
      31
      33
      26
      36
      35
      37
      30
      29
      24
      31
      21
      25
      36
      26
      31
      33
      33
      26
      24
      30
      23
      27
      29
      31
      38
      29
      17
      15
      21
      28
      24
      32
      22
      23
      34
      32
      24
      32
      23
      25
      26
      24
      19
      26
      31
      32
      20
      22
      15
      17
      25
      25
      28
      22
      29
      24
      20
      17
      18
      18
      28
      33
      19
      18
      16
      18
      23
      16
      11
      26
      16
      19
      19
      18
      23
      15
      21
      23
      13
      19
      25
      11
      12
      16
      14
      16
      15
      19
      16
      20
      20
      20
      15
      20
      14
      17
      16
      15
      19
      18
      23
      13
      23
      11
      10
      17
      14
      15
      22
      16
      15
      18
      14
       9
       9
      13
      18
      13
      15
      11
       8
      17
      16
      14
      21
      13
      15
      17
      14
      14
      19
      11
       8
      13
      11
      14
      13
      13
      18
      11
      13
      15
       9
      12
      13
      16
       7
       8
      11
      11
      17
      16
      12
      12
      16
      10
       9
       8
      12
       9
      10
       8
      11
      15
      10
       5
      13
      12
      15
       4
      13
      14
      12
      12
      15
      10
       9
       9
       7
       5
      11
      17
      13
       9
      12
       9
      10
       9
       8
      15
      12
       9
       8
      15
       8
       9
      14
       7
       6
       6
       8
       7
       8
       2
       9
       8
      14
      10
      10
       6
      10
      12
      13
      12
      10
       9
       9
       8
      12
      10
       9
      13
       8
       5
       6
       9
       9
       9
       5
       5
       6
       7
       5
       7
       4
      10
       9
       6
       2
       6
       8
       5
       6
      10
       9
       8
      11
       8
       7
       9
       8
       7
       4
       4
       5
      11
       4
       6
       5
      10
       7
       6
       9
       9
       6
       5
       2
       7
       7
      10
       6
       3
       7
      10
      10
       5
       7
       9
       6
       7
       9
      11
       6
       7
       6
       5
       3
       6
       4
       3
       6
       8
       8
       8
      14
       4
      11
       5
       5
       7
       6
       8
       4
       8
       2
       5
      13
       5
       4
      10
       9
       9
       3
       3
       9
       4
       3
       5
       9
       3
       5
       6
       5
      10
       6
       5
       3
       2
       8
       8
       8
       8
       2
       5
      11
       7
       6
       6
       2
       4
       4
       7
       2
       5
       2
       7
       6
       8
       4
       2
       4
       4
       6
       2
       4
       6
       5
       5
       5
       8
       2
       3
       5
      10
       6
       4
       3
       3
       6
       6
       4
       5
       3
       2
       5
       3
       5
       4
       1
       5
       3
       5
       3
      15
       4
       8
       1
       4
       5
       6
      10
       4
       5
       2
       3
       7
       5
       3
       8
       5
       7
       3
       7
       6
       2
       2
       2
       3
       2
       1
       1
       2
       5
       4
       1
       4
       2
       3
       1
       5
       2
       6
       7
       4
       5
       5
       2
       5
       3
       4
       4
       2
       7
       1
       6
       4
       6
       1
       6
       3
       5
       2
       2
       5
       3
       6
       6
       2
       2
       5
       5
       4
       3
       1
       3
       4
       3
       5
       8
       3
       2
       3
       5
       3
       4
       3
       4
       4
       2
       6
       1
      10
       4
       2
       4
       7
       3
       7
       6
       6
       5
       2
       6
       2
       7
       3
       3
       3
       2
       1
       3
      10
       1
       4
       2
       2
       1
       5
       1
       3
       2
       4
       3
       1
       3
       5
       7
       2
       6
       4
       4
       3
       4
       6
       3
       2
       6
       7
       6
       0
       5
       3
       5
       1
       1
       3
       4
       0
       6
       3
       4
       3
       5
       3
       7
       5
       4
       6
       3
       0
       2
       3
       6
       3
       0
       3
       6
       2
       4
       5
       3
       4
       2
       2
       2
       5
       7
       3
       2
       1
       0
       3
       2
       3
       4
       3
       2
       7
       3
       2
       3
       2
       3
       0
       2
       5
       3
       2
       1
       3
       2
       4
       2
       4
       3
       8
       5
       3
       6
       3
       4
       4
       1
       4
       4
       7
       8
       5
       3
       5
       3
       5
       6
       7
       2
       3
       1
       6
       2
       5
       2
       2
       3
       2
       3
       3
       2
       2
       5
       2
       4
       7
       2
       5
       3
       2
       7
       1
       7
       4
       4
       1
       5
       2
       2
       6
       2
       5
       3
       3
       4
       4
       1
       3
       2
       4
       4
       5
       3
       5
       6
       5
       4
       5
       3
       3
       5
       5
       2
       3
       2
       4
       5
       5
       2
       3
       4
       3
       4
       3
       3
       4
       2
       6
       1
       5
       3
       1
       4
       3
       3
       7
       2
       1
       2
       1
       3
       1
       2
       4
       4
       2
       5
       4
       2
       8
       2
       4
       2
       3
       4
       5
       4
       2
       1
       2
       0
       1
       3
      10
       4
       6
       4
       5
       4
       2
       6
       5
       4
       5
       5
       9
       6
       3
       5
       4
       3
       3
       5
       5
       0
       4
       6
       4
       9
       5
       6
       6
       3
       3
       5
       2
       1
       3
       3
       5
       5
       6
       8
       0
       2
       2
       2
       4
       5
       3
       5
       2
       4
       5
       5
       5
       4
       4
       3
       2
       2
       4
       8
       8
       6
       3
       2
       8
       8
       3
       4
       3
       3
       4
       1
       7
       1
       4
       2
       5
       5
       2
       5
       8
       8
       9
       5
       5
       2
       2
       3
       5
       2
       2
       6
       7
       5
       3
       3
       4
       4
      10
       4
       1
       3
       2
       2
       4
       7
      11
       4
       2
       3
       2
       3
       7
       4
       9
       2
       2
       4
       4
       1
       6
       2
       8
       3
       5
       3
       7
       1
       5
       2
       6
       3
       3
       5
       2
       3
       3
       5
       2
       4
       5
       3
       2
       4
       2
       2
       5
       2
       4
       3
       2
       3
       2
       1
       1
       5
       5
       5
       2
       1
       4
       4
       3
       1
       2
       5
       6
       2
       6
       1
       6
       1
       7
       2
       5
       2
       0
       5
       3
       3
       1
       6
       3
       2
       2
       4
       5
       3
       2
       5
       1
       1
       1
       3
       1
       3
       3
       1
       3
       3
       5
       4
       1
       2
       3
       3
       2
       2
       1
       1
       1
       0
       1
       0
       3
       1
       2
       1
       4
       1
       0
       5
       3
       4
       8
       6
       3
       3
       1
       1
       4
       0
       3
       3
       4
       2
       1
       1
       2
       2
       3
       1
       1
       3
       0
       2
       5
       1
       0
       6
       2
       1
       1
       3
       3
       4
       6
       9
       1
       3
       3
       0
       0
       1
       4
       1
       3
       2
       3
       3
       1
       2
       1
       2
       5
       0
       1
       5
       3
       1
       4
       5
       1
       2
       3
       5
       3
       0
       2
       3
       3
       3
       4
       3
       2
       3
       2
       2
       6
       2
       1
       3
       1
       4
       2
       2
       2
       9
       0
       6
       3
       3
       1
       3
       5
       2
       3
       2
       4
       1
       2
       2
       2
       3
       0
       1
       1
       1
       1
       3
       1
       2
       1
       2
       3
       1
       0
       5
       4
       3
       3
       6
       2
       3
       4
       1
       2
       1
       3
       3
       2
       1
       2
       2
       5
       2
       1
       1
       4
       3
       2
       0
       3
       4
       2
       2
       2
       2
       0
       2
       3
       2
       3
       4
       3
       1
       2
       1
       1
       2
       5
       1
       1
       2
       1
       0
       2
       2
       1
       2
       2
       2
       2
       4
       1
       0
       1
       1
       2
       3
       2
       0
       1
       2
       0
       1
       2
       4
       1
       2
       3
       5
       0
       1
       2
       3
       2
       2
       2
       3
       5
       5
       2
       1
       0
       3
       2
       1
       0
       0
       2
       2
       4
       1
       1
       2
       1
       0
       1
       1
       1
       3
       2
       3
       2
       1
       1
       2
       2
       4
       1
       2
       3
       2
       6
       2
       4
       3
       2
       2
       4
       0
       1
       0
       2
       4
       1
       1
       2
       2
       0
       1
       2
       1
       0
       2
       1
       2
       3
       1
       2
       0
       2
       3
       2
       1
       1
       3
       3
       2
       0
       2
       2
       0
       2
       2
       4
       4
       1
       1
       1
       1
       4
       1
       4
       1
       2
       2
       3
       3
       0
       1
       3
       2
       1
       0
       1
       3
       0
       0
       6
       3
       1
       1
       1
       1
       2
       4
       1
       1
       1
       2
       3
       2
       2
       1
       1
       2
       3
       4
       1
       5
       4
       2
       2
       1
       4
       1
       0
       1
       1
       1
       2
       2
       3
       4
       3
       3
       4
       2
       0
       1
       1
       2
       4
       4
       2
       2
       2
       3
       3
       2
       2
       4
       2
       3
       0
       1
       2
       4
       2
       4
       4
       2
       1
       4
       1
       1
       2
       1
       3
       1
       0
       1
       0
       2
       1
       1
       3
       1
       2
       0
       1
       0
       1
       1
       1
       3
       1
       2
       1
       5
       0
       1
       4
       2
       4
       0
       3
       0
       2
       2
       0
       1
       2
       1
       0
       0
       2
       3
       1
       4
       1
       3
       0
       0
       1
       2
       2
       1
       1
       0
       1
       5
       1
       0
       2
       2
       1
       3
       1
       2
       4
       1
       0
       1
       3
       1
       1
       2
       3
       0
       2
       0
       3
       1
       2
       1
       2
       1
       6
       1
       1
       0
       3
       1
       2
       1
       1
       8
       1
       1
       2
       1
       1
       1
       0
       0
       0
       3
       2
       0
       1
       3
       1
       3
       2
       2
       1
       2
       2
       3
       2
       3
       2
       1
       0
       2
       2
       5
       2
       1
       3
       0
       3
       2
       0
       0
       0
       1
       2
       2
       1
       2
       1
       3
       1
       1
       2
       1
       0
       1
       1
       1
       1
       1
       3
       2
       3
       2
       1
       1
       3
       0
       2
       1
       1
       2
       2
       1
       2
       1
       0
       2
       4
       1
       1
       1
       1
       2
       1
       3
       2
       2
       1
       4
       2
       4
       1
       0
       1
       4
       2
       1
       1
       1
       0
       5
       5
       4
       0
       0
       3
       2
       2
       0
       1
       1
       4
       4
       2
       2
       1
       0
       3
       0
       1
       1
       0
       0
       0
       0
       1
       3
       3
       0
       1
       1
       0
       2
       2
       1
       1
       1
       1
       0
       0
       3
       2
       1
       0
       1
       0
       2
       0
       3
       0
       1
       1
       3
       2
       0
       1
       1
       3
       0
       3
       1
       5
       1
       1
       2
       3
       2
       3
       0
       0
       0
       1
       3
       1
       2
       5
       0
       3
       2
       2
       2
       0
       1
       5
       4
       1
       1
       1
       1
       3
       0
       2
       1
       0
       0
       2
       1
       2
       2
       1
       2
       1
       1
       0
       0
       0
       1
       5
       1
       0
       1
       1
       4
       0
       1
       1
       2
       1
       0
       2
       1
       2
       3
       1
       4
       0
       2
       1
       0
       1
       1
       3
       0
       1
       1
       2
       1
       4
       1
       1
       0
       0
       1
       0
       2
       1
       1
       3
       1
       2
       0
       3
       2
       0
       3
       1
       2
       2
       1
       0
       1
       1
       0
       0
       2
       1
       1
       1
       1
       3
       2
       0
       0
       1
       0
       1
       2
       2
       2
       1
       3
       0
       3
       1
       4
       0
       4
       2
       2
       3
       4
       1
       2
       3
       2
       2
       5
       0
       0
       1
       1
       0
       1
       2
       0
       2
       2
       1
       2
       1
       1
       4
       0
       0
       2
       0
       1
       0
       0
       0
       1
       0
       0
       1
       1
       0
       0
       0
       2
       0
       0
       1
       2
       2
       1
       0
       0
       0
       1
       1
       3
       1
       1
       2
       1
       1
       1
       2
       0
       1
       0
       1
       1
       2
       0
       0
       1
       1
       2
       2
       0
       1
       1
       0
       1
       1
       1
       1
       0
       2
       0
       1
       3
       1
       0
       0
       3
       2
       2
       4
       1
       2
       0
       1
       2
       2
       2
       3
       0
       1
       3
       0
       3
       0
       0
       0
       1
       1
       3
       0
       0
       0
       3
       3
       1
       2
       0
       0
       2
       1
       0
       1
       1
       2
       2
       0
       3
       2
       0
       2
       1
       0
       1
       1
       4
       3
       1
       0
       1
       0
       0
       0
       1
       1
       0
       1
       2
       0
       0
       3
       2
       1
       0
       1
       2
       1
       0
       2
       0
       0
       1
       0
       2
       1
       2
       1
       1
       0
       2
       0
       1
       1
       0
       2
       0
       1
       0
       2
       1
       1
       2
       1
       2
       1
       0
       1
       1
       2
       2
       1
       0
       1
       0
       2
       0
       0
       0
       3
       0
       2
       1
       0
       3
       0
       0
       2
       2
       0
       1
       1
       0
       3
       1
       0
       0
       0
       1
       0
       1
       4
       0
       0
       0
       1
       2
       0
       4
       1
       2
       0
       1
       2
       1
       1
       2
       1
       0
       1
       2
       0
       0
       4
       0
       1
       1
       1
       0
       0
       2
       0
       0
       0
       0
       2
       1
       0
       1
       1
       1
       0
       0
       0
       0
       2
       0
       0
       3
       1
       1
       0
       2
       1
       0
       0
       1
       1
       0
       1
       0
       1
       0
       1
       2
       0
       2
       2
       0
       1
       0
       0
       1
       0
       2
       0
       0
       0
       2
       1
       1
       0
       0
       0
       0
       1
       1
       1
       2
       0
       0
       0
       1
       1
       0
       0
       0
       1
       1
       1
       0
       0
       0
       1
       1
       2
       1
       0
       2
       0
       0
       0
       1
       0
       1
       1
       0
       0
       1
       0
       1
       0
       1
       0
       0
       0
       0
       2
       1
       1
       0
       0
       1
       1
       0
       1
       1
       1
       4
       1
       1
       1
       1
       1
       2
       0
       0
       1
       0
       2
       0
       0
       0
       0
       1
       1
       0
       0
       0
       1
       0
       0
       0
       2
       0
       1
       0
       0
       2
       2
       0
       1
       0
       1
       0
       0
       1
       0
       0
       0
       0
       1
       0
       1
       0
       1
       0
       2
       0
       1
       0
       1
       0
       2
       0
       0
       0
       1
       0
       1
       0
       0
       0
       1
       0
       0
       2
       0
       0
       0
       0
       0
       0
       0
       0
       0
       0
       0
       1
       0
       0
       2
       0
       2
       1
       2
       0
       2
       0
       1
       1
       1
       1
       0
       0
       1
       0
       0
       0
       0
       0
       0
       0
       1
       0
       1
       1
       0
       4
       0
       2
       0
       1
       0
       0
       0
       2
       1
       0
       0
       0
       2
       3
       0
       0
       1
       1
       0
       0
       0
       0
       1
       1
       0
       0
       0
       0
       0
       1
       2
       1
       0
       0
       1
       0
       0
       0
       1
       1
       0
       2
       0
       0
       1
       1
       0
       0
       0
       0
       1
       1
       1
       0
       1
       0
       1
       0
       1
       1
       0
       0
       0
       0
       0
       0
       0
       1
       2
       1
       2
       0
       0
       0
       0
       1
       0
       1
       0
       0
       0
       3
       0
       0
       0
       0
       0
       0
       1
       1
       1
       0
       1
       1
       1
       1
       1
       0
       2
       0
       1
       0
       0
       0
       0
       1
       1
       3
       0
       1
       3
       0
       0
       0
       0
       0
       0
       0
       0
       0
       0
       1
       0
       0
       0
       2
       0
       0
       0
       1
       1
       0
       0
       0
       0
       0
       0
       0
       2
       1
       0
       0
       0
       1
       1
       1
       1
       0
       0
       0
       1
       1
       1
       0
       1
       0
       0
       1
       0
       0
       1
       0
       0
       1
       0
       1
       0
       0
       0
       0
       0
       0
       0
       0
       0
       0
       1
       1
       0
       0
       0
       0
       1
       2
       0
       0
       0
       0
       1
       0
       0
       1
       4
       1
       0
       0
       1
       0
       1
       1
       1
       0
       0
       0
       0
       1
       0
       0
       0
       0
       0
       1
       1
       1
       0
       0
       0
       0
       2
       0
       0
       1
       0
       0
       0
       1
       0
       0
       0
       1
       0
       1
       0
       1
       0
       1
       0
       0
       1
       0
       0
       0
       0
       0
       0
       0
       0
       1
       1
       1
       0
       0
       0
       0
       0
       0
       1
       0
       0
       0
       0
       1
       0
       0
       0
       0
       3
       0
       0
       2
       0
       0
       0
       0
       0
       0
       0
       0
       0
       2
       0
       2
       0
       1
       0
       0
       1
       0
       0
       0
       0
       2
       0
       1
       0
       0
       0
       0
       0
       0
       0
       0
       0
       1
       0
       1
       0
       2
       1
       1
       1
       0
       0
       1
       0
       3
       0
       1
       0
       0
       0
       2
       0
       0
       0
       0
       1
       0
       1
       0
       0
       1
       0
       0
       0
       0
       0
       1
       0
       0
       1
       0
       2
       0
       0
       0
       1
       0
       0
       0
       0
       0
       0
       2
       0
       0
       0
       0
       1
       0
       0
       1
       0
       0
       0
       0
       0
       0
       0
       0
       1
       1
       0
       0
       0
       1
       0
       0
       0
       0
       0
       1
       0
       0
       1
       0
       0
       0
       0
       1
       0
       0
       1
       0
       0
       0
       0
       0
       0
       0
       0
       0
       1
       0
       0
       0
       0
       0
       0
       0
       1
       0
       0
       0
       0
       0
       0
       0
       0
       0
       1
       0
       0
       0
       0
       0
       1
       0
       0
       0
       0
       1
       1
       0
       1
       0
       0
       0
       0
       0
       0
       1
       0
       0
       0
       0
       0
       1
       0
       0
       0
       1
       1
       1
       1
       0
       0
       1
       0
       0
       0
       1
       0
       0
       1
       0
       0
       0
       0
       0
       0
       0
       0
       0
       0
       3
       0
       0
       0
       0
       0
       0
       0
       0
       0
       0
       1
       0
       0
       0
       0
       0
       1
       0
       0
       0
       0
       0
       0
       0
       0
       0
       0
       0
       0
       0
       0
       0
       0
       0
       0
       0
       0
       0
       0
       0
       0
       0
       0
       1
       0
       0
       0
       0
       0
       0
       0
       0
       0
       0
       2
       0
       0
       2
       0
       1
       1
       0
       0
       0
       0
       1
       0
       0
       0
       0
       0
       0
       0
       0
       0
       0
       0
       0
       0
       0
       0
       0
       0
       0
       0
       0
       0
       0
       0
       1
       0
       0
       0
       0
       1
       0
       0
       0
       0
       0
       0
       0
       0
       0
       0
       0
       0
       0
       0
       0
       0
       0
       0
       0
       1
       0
       0
       0
       0
       0
       0
       0
       0
       0
       0
       0
       0
       0
       1
       0
       0
       1
       0
       0
       1
       0
       0
       0
       0
       0
       0
       0
       0
       0
       0
       0
       0
       0
       0
       0
       0
       0
       0
       0
       0
       1
       0
       0
       0
       0
       0
       0
       0
       0
       0
       0
       0
       0
       0
       0
       0
       1
       0
       0
       0
       0
       0
       0
       0
       0
       0
       0
       0
       0
       0
       0
       0
       0
       0
       0
       0
       0
       0
       0
       0
       0
       0
       0
       0
       0
       0
       0
       0
       0
       0
       0
       0
       0
       0
       0
       0
       0
       0
       0
       0
       0
       0
       0
       0
       0
       0
       1
       0
       0
       2
       0
       0
       0
       0
       0
       0
       0
       1
       0
       0
       0
       0
       1
       0
       0
       0
       0
       0
       0
       0
       0
       0
       0
       0
       0
       0
       0
       0
       0
       0
       0
       0
       0
       0
       0
       0
       0
       0
       0
       0
       0
       0
       0
       0
       0
       0
       0
       0
       0
       0
       0
       0
       0
       1
       0
       0
       0
       0
       0
       0
       0
       0
       0
       0
       0
       0
       0
       0
       0
       0
       0
       0
       0
       1
       0
       0
       1
       0
       0
       0
       0
       0
       0
       0
       0
       0
       0
       0
       0
       0
       0
       0
       0
       0
       0
       0
       0
       0
       0
       1
       0
       0
       0
       0
       0
       0
       0
       0
       0
       0
       0
       0
       0
       0
       0
       0
       0
       0
       0
       0
       0
       0
       0
       0
       0
       0
       0
       0
       0
       0
       0
       0
       0
       0
       0
       0
       0
       0
       0
       0
       0
       0
       0
       0
       0
       0
       0
       0
       0
       0
       0
       0
       0
       0
       0
       0
       0
       0
       0
       0
       0
       0
       0
       0
       0
       0
       0
       0
       0
       0
       0
       0
       0
       0
       0
       0
       0
       0
       0
       0
       0
       0
       0
       0
       0
       0
       0
       0
       0
       0
       0
       0
       0
       0
       0
       0
       0
       0
       0
       0
       0
       0
       0
       0
       0
       0
       0
       0
       0
       0
       0
       0
       0
       0
       0
       0
       0
       0
       0
       0
       0
       0
       0
       0
       0
       0
       0
       0
       0
       0
       0
       0
       0
       0
       0
       0
       0
       0
       0
       0
       0
       0
       0
       0
       0
       0
       0
       0
       0
       0
       0
       1
       0
       0
       0
       0
       0
       0
       0
       0
       0
       0
       0
       0
       0
       0
       0
       0
       0
       0
       0
       0
       0
       0
       0
       0
       0
       0
       0
       0
       0
       0
       0
       0
       0
       0
       0
       0
       0
       0
       0
       0
       0
       0
       0
       0
       0
       0
       0
       0
       0
       0
       0
       0
       0
       0
       0
       1
       0
       0
       0
       0
       0
       0
       0
       0
       0
       0
       0
       0
       0
       0
       0
       0
       0
       0
       0
       0
       0
       0
       0
       0
       0
       0
       0
       0
       0
       0
       0
       1
       0
       0
       0
       0
       0
       0
       0
       0
       0
       0
       0
       0
       0
       0
       0
       0
       0
       0
       0
       0
       0
       0
       0
       0
       1
       0
       0
       0
       0
       0
       0
       0
       0
       0
       0
       0
       0
       0
       0
       0
       0
       0
       0
       0
       0
       0
       0
       0
       0
       0
       0
       0
       0
       0
       0
       0
       0
       0
       0
       0
       0
       0
       0
       0
       0
       0
       0
       0
       0
       0
       0
       0
       0
       0
       0
       0
       0
       0
       0
       0
       0
       0
       0
       0
       0
       0
       0
       0
       0
       0
       0
       0
       0
       0
       0
       0
       0
       0
       0
       0
       0
       0
       0
       0
       0
       0
       0
       0
       0
       0
       0
       0
       0
       0
       0
       0
       0
       0
       0
       0
       0
       0
       0
       0
       0
       0
       0
       0
       0
       0
       0
       0
       0
       0
       0
       0
       0
       0
       0
       0
       0
       0
       0
       0
       0
       0
       0
       0
       0
       0
       0
       0
       0
       0
       0
       0
       0
       0
       0
       0
       0
       0
       0
       0
       0
       0
       0
       0
       0
       0
       0
       0
       0
       0
       0
       0
       0
       0
       0
       0
       0
       0
       0
       0
       0
       0
       0
       0
       0
       0
       0
       0
       0
       0
       0
       0
       0
       0
       0
       0
       0
       0
       0
       0
       0
       0
       0
       0
       0
       0
       0
       0
       0
       0
       0
       0
       0
       0
       0
       0
       1
       0
       0
       0
       0
       0
       0
       0
       0
       0
       0
       0
       0
       0
       0
       0
       0
       0
       0
       0
       0
       0
       0
       0
       0
       0
       0
       0
       0
       0
       0
       0
       0
       0
       0
       0
       0
       0
       0
       0
       0
       0
       0
       0
       0
       0
       0
       0
       0
       0
       0
       0
       0
       0
       0
       0
       0
       0
       0
       0
       0
       0
       0
       0
       0
       0
       0
       0
       0
       0
       0
       0
       0
       0
       0
       0
       0
       0
       0
       0
       0
       0
       0
       0
       0
       0
       0
       0
       0
       0
       0
       0
       0
       0
       0
       0
       0
       0
       0
       0
       0
       0
       0
       0
       0
       0
       0
       0
       0
       0
       0
       0
       0
       0
       0
       0
       0
       0
       0
       1
       0
       0
       0
       0
       0
       0
       0
       0
       0
       0
       0
       0
       0
       0
       0
       0
       0
       0
       0
       0
       0
       0
       0
       0
       0
       0
       0
       0
       0
       0
       0
       0
       0
       0
       0
       0
       0
       0
       0
       0
       0
       0
       0
       0
       0
       0
       0
       0
       0
       0
       0
       0
       0
       0
       0
       0
       0
       0
       0
       0
       0
       0
       0
       0
       0
       0
       0
       0
       0
       0
       0
       0
       0
       0
       0
       0
       0
       0
       0
       0
       0
       0
       0
       0
       0
       0
       0
       0
       0
       0
       0
       0
       0
       0
       0
       0
       0
       0
       0
       0
       0
       0
       0
       0
       0
       0
       0
       0
       0
       0
       0
       0
       0
       0
       0
       0
       0
       0
       0
       0
       0
       0
       0
       0
       0
       0
       0
       0
       0
       0
       0
       0
       0
       0
       0
       0
       0
       0
       0
       0
       0
       0
       0
       0
       0
       0
       0
       0
       0
       0
       0
       0
       0
       0
       0
       0
       0
       0
       0
       0
       0
       0
       0
       0
       0
       0
       0
       0
       0
       0
       0
       0
       0
       0
       0
       0
       0
       0
       0
       0
       0
       0
       0
       0
       0
       0
       0
       0
       0
       0
       0
       0
       0
       0
       0
       0
       0
       0
       0
       0
       0
       0
       0
       0
       0
       0
       0
       0
       0
       0
       0
       0
       0
       0
       0
       0
       0
       0
       0
       0
       0
       0
       0
       0
       0
       0
       0
       0
       0
       0
       0
       0
       0
       0
       0
       0
       0
       0
       0
       0
       0
       0
       0
       0
       0
       0
       0
       0
       0
       0
       0
       0
       0
       0
       0
       0
       0
       0
       0
       0
       0
       0
       0
       0
       0
       0
       0
       0
       0
       0
       0
       0
       0
       0
       0
       0
       0
       0
       0
       0
       0
       0
       0
       0
       0
       0
       0
       0
       0
       0
       0
       0
       0
       0
       0
       0
       0
       0
       0
       0
       0
       0
       0
       0
       0
       0
       0
       0
       0
       0
       0
       0
       0
       0
       0
       0
       0
       0
       0
       0
       0
       0
       0
       0
       0
       0
       0
       0
       0
       0
       0
       0
       0
       0
       0
       0
       0
       0
       0
       0
       0
       0
       0
       0
       0
       0
       0
       0
       0
       0
       0
       0
       0
       0
       0
       0
       0
       0
       0
       0
       0
       0
       0
       0
       0
       0
       0
       0
       0
       0
       0
       0
       0
       0
       0
       0
       0
       0
       0
       0
       0
       0
       0
       0
       0
       0
       0
       0
       0
       0
       0
       0
       0
       0
       0
       0
       0
       0
       0
       0
       0
       0
       0
       0
       0
       0
       0
       0
       0
       0
       0
       0
       0
       0
       0
       0
       0
       0
       0
       0
       0
       0
       0
       0
       0
       0
       0
       0
       0
       0
       0
       0
       0
       0
       0
       0
       0
       0
       0
       0
       0
       0
       0
       0
       0
       0
       0
       0
       0
       0
       0
       0
       0
       0
       0
       0
       0
       0
       0
       0
       0
       0
       0
       0
       0
       0
       0
       0
       0
       0
       0
       0
       0
       0
       0
       0
       0
       0
       0
       0
       0
       0
       0
       0
       0
       0
       0
       0
       0
       0
       0
       0
       0
       0
       0
       0
       0
       0
       0
       0
       0
       0
       0
       0
       0
       0
       0
       0
       0
       0
       0
       0
       0
       0
       0
       0
       0
       0
       0
       0
       0
       0
       0
       0
       0
       0
       0
       0
       0
       0
       0
       0
       0
       0
       0
       0
       0
       0
       0
       0
       0
       0
       0
       0
       0
       0
       0
       0
       0
       0
       0
       0
       0
       0
       0
       0
       0
       0
       0
       0
       0
       0
       0
       0
       0
       0
       0
       0
       0
       0
       0
       0
       0
       0
       0
       0
       0
       0
       0
       0
       0
       0
       0
       0
       0
       0
       0
       0
       0
       0
       0
       0
       0
       0
       0
       0
       0
       0
       0
       0
       0
       0
       0
       0
       0
       0
       0
       0
       0
       0
       0
       0
       0
       0
       0
       0
       0
       0
       0
       0
       0
       0
       0
       0
       0
       0
       0
       0
       0
       0
       0
       0
       0
       0
       0
       0
       0
       0
       0
       0
       0
       0
       0
       0
       0
       0
       0
       0
       0
       0
       0
       0
       0
       0
       0
       0
       0
       0
       0
       0
       0
       0
       0
       0
       0
       0
       0
       0
       0
       0
       0
       0
       0
       0
       0
       0
       0
       0
       0
       0
       0
       0
       0
       0
       0
       0
       0
       0
       0
       0
       0
       0
       0
       0
       0
       0
       0
       0
       0
       0
       0
       0
       0
       0
       0
       0
       0
       0
       0
       0
       0
       0
       0
       0
       0
       0
       0
       0
       0
       0
       0
       0
       0
       0
       0
       0
       0
       0
       0
       0
       0
       0
       0
       0
       0
       0
       0
       0
       0
       0
       0
       0
       0
       0
       0
       0
       0
       0
       0
       0
       0
       0
       0
       0
       0
       0
       0
       0
       0
       0
       0
       0
       0
       0
       0
       0
       0
       0
       0
       0
       0
       0
       0
       0
       0
       0
       0
       0
       0
       0
       0
       0
       0
       0
       0
       0
       0
       0
       0
       0
       0
       0
       0
       0
       0
       0
       0
       0
       0
       0
       0
       0
       0
       0
       0
       0
       0
       0
       0
       0
       0
       0
       0
       0
       0
       0
       0
       0
       0
       0
       0
       0
       0
       0
       0
       0
       0
       0
       0
       0
       0
       0
       0
       0
       0
       0
       0
       0
$ROI:
3
6725 6813
6948 7045
7244 7256
$PRESETS:
None
0
0
$ENER_FIT:
-0.000074 0.728814
$MCA_CAL:
3
-7.366740E-005 7.288145E-001 -2.624510E-006 keV
$SHAPE_CAL:
3
0.000000E+000 0.000000E+000 0.000000E+000
