$SPEC_ID:
No sample description was entered.
$SPEC_REM:
DET# 1
DETDESC# PPF18-07 Easy-MCA-8k SN 14274550
AP# Maestro Version 7.01
$DATE_MEA:
11/17/2022 14:39:07
$MEAS_TIM:
6457 11468
$DATA:
0 8191
       0
       0
       0
       0
       0
       0
       0
       0
       0
       0
       0
       0
       0
       0
       0
       0
       0
       0
       0
       0
       0
       0
       0
       0
      21
    8230
  381627
 4457508
  136656
   26275
   35046
   48282
   65603
   82517
   90229
   85857
   69412
   52345
   39216
   31088
   25468
   20970
   17260
   13876
   11197
    8834
    6663
    5215
    4029
    3258
    2678
    2212
    1837
    1748
    1497
    1412
    1399
    1332
    1309
    1302
    1296
    1161
    1179
    1067
    1057
     945
     821
     792
     663
     605
     488
     413
     380
     330
     272
     233
     228
     179
     169
     149
     146
     119
     114
     117
     105
      99
     101
     101
      99
      79
      86
      71
      63
      70
      64
      51
      66
      52
      52
      54
      47
      42
      28
      36
      33
      25
      40
      31
      24
      26
      21
      19
      17
      28
      21
      19
      23
      26
      25
      19
      23
      16
      27
      21
      24
      18
       5
      16
      19
      22
      14
      19
      16
      12
      19
      11
      15
      29
      14
      18
      21
       9
      12
      20
      18
      14
      10
      13
      17
      12
      20
      11
      10
      11
      13
      11
      16
      11
      12
      11
      11
      12
      12
      16
      12
      13
      18
       9
      15
      19
      11
      15
      16
      22
      10
      10
      15
      13
       8
       9
      10
       9
      10
       9
       8
      15
       7
      11
      13
      12
      14
       8
      13
      16
      16
      14
      12
      12
      15
      13
      11
       6
      10
      10
      11
      12
       6
      12
       9
       9
      16
      14
       7
       9
      13
      13
      13
      15
      11
      15
      15
       9
      12
      17
       6
       8
      18
       7
      12
      10
      16
      11
       9
      13
       6
      12
      17
      12
      10
      10
       4
       6
      12
      15
      14
      15
       6
      12
      10
       6
      14
      10
      12
       9
       8
       9
       9
      11
      15
      10
       9
       9
      12
      10
       8
       8
      14
      12
      12
      16
      14
      10
      11
       9
       5
      10
       9
      12
      12
      10
      13
       9
      12
       9
      15
       8
       9
       4
       7
       5
      16
      12
      11
      13
       8
      10
      11
       3
       9
      11
       4
      15
      12
       7
       8
      10
       7
      17
       7
       7
      11
      10
      14
       5
      10
       4
       6
      13
       6
      11
      12
       6
       9
      13
       9
       9
      11
      11
      11
       9
       6
       9
       6
      12
       7
       8
       9
      10
       5
       8
       6
      11
       7
      13
      10
      11
       9
      12
       6
       5
      16
      10
      11
       8
      10
      11
       6
      13
       6
       6
      11
       6
       6
       6
       6
      10
       6
       4
      11
      13
      10
      10
       5
      12
      14
      10
      13
       6
       7
       9
       5
       8
       6
      14
       8
      10
      13
       4
      10
       7
      14
       9
       8
       8
       7
       7
       6
       9
       3
       6
      11
      14
       9
      11
       9
       7
       9
       8
       6
       6
       6
       9
      10
       9
       8
      12
       4
       6
      10
      11
      10
       8
      10
      13
       6
      14
       5
      10
      12
      10
       8
       8
       7
       9
      13
      12
       6
       5
      11
      14
       6
       9
       6
      11
       6
      10
       5
       9
       9
       6
      12
      12
       9
       7
       9
      13
       9
       8
       8
       8
      10
       7
      13
       7
       8
       8
       4
      13
       8
       7
      12
      10
       7
       8
       9
      10
      12
       8
      10
      14
       8
       4
      10
       6
       5
      11
       8
       7
       9
       5
       9
      10
       8
       5
       7
       7
      12
       6
       5
      14
       7
      10
       4
       6
      11
       5
       3
       5
       7
       7
       7
       6
       8
       9
       6
       9
       7
       4
       8
       4
      12
      11
       5
      14
      11
      10
      10
      11
       7
       7
       8
       6
       8
       5
      13
       8
       3
       9
      12
       5
       7
       9
       5
       6
       6
       4
       8
      11
       8
       7
       8
       6
       8
       9
      11
       8
       5
       9
       7
       7
       6
      11
       7
       4
       8
       9
       8
      12
      13
       4
       5
      11
       6
       5
       8
       8
      10
       4
       6
       5
      12
      15
       7
       8
       6
       5
       5
      13
       4
       6
      10
      16
       8
       6
       6
       8
       7
       5
       7
       9
       6
      13
       3
       6
      11
       8
      10
       8
      12
       7
       5
       7
       9
       2
       8
       3
      11
       9
       7
       5
      12
       7
       2
       7
       5
       3
       5
       5
       8
       4
       9
       9
       9
       5
      13
       7
      10
       5
       2
       4
      12
       5
       6
       5
      10
      11
       7
      10
       8
       6
       6
       9
       9
       9
      12
       8
       4
       8
       3
       7
       9
       8
      10
      11
       9
       7
       4
       5
      13
      12
       8
       8
       9
       6
       5
       7
      12
       9
       5
       7
       5
       6
       6
       9
       9
       5
       7
       8
       9
      12
      12
       7
      11
      10
      13
       5
       4
       7
       7
       8
       7
       6
       5
      10
       7
       6
       6
       8
       6
       8
       7
       7
       9
       4
       9
       5
       6
      13
       4
       6
       8
      10
      11
       4
       7
       6
       9
      10
       5
      13
       9
       3
      12
       8
       7
       5
      10
      10
      10
      11
       7
       5
       6
       9
       5
       5
      10
       6
      10
       1
       6
       6
       4
       8
       7
       4
      11
      14
      13
      10
      11
       8
       5
       5
       9
      10
       7
       6
       9
      10
       8
       8
      12
       8
       2
      15
      10
       7
       4
      12
       5
       9
       9
       4
      13
      11
       6
      13
       9
       3
       9
       6
      10
       9
      13
       9
      13
       9
       6
      10
      12
      10
       6
       9
      12
       2
      13
       5
      12
       7
       9
       4
      10
       7
       5
       8
       6
       6
       3
       6
       6
       7
       5
       5
       8
       9
       7
       7
       6
       7
       8
       7
      13
       4
       8
       8
      11
      10
       9
       7
       8
       7
      11
       6
       7
      12
       7
      11
       6
       7
       7
      10
       9
       5
       8
      10
       5
      10
      11
       4
       5
       5
       4
      10
       7
       8
       7
       5
       5
       8
       7
       6
       9
       9
       7
       5
       8
      13
      15
      12
      11
       8
       4
       3
      10
       8
       9
       9
      10
      10
      15
      10
       9
       7
       9
       4
       3
      13
       7
       9
      12
      12
       8
       8
       6
      10
      10
       7
      10
       9
       9
       7
       7
       9
       6
       2
      12
       9
      12
       4
      10
       7
      10
      11
       8
       6
       8
       6
      11
      15
       5
      10
       4
       8
       5
       6
       9
      11
      11
       9
      10
      10
       7
       6
       1
       4
       5
      14
      15
      10
       6
       6
       7
       9
       5
       5
      14
       6
       7
       7
       6
       9
       9
      12
      12
      13
       4
      10
       6
       9
      12
       5
      14
       9
       9
       9
       6
       7
      19
      11
      11
       4
       3
       6
       5
       6
       4
       8
       7
       9
       8
      10
       6
       9
       2
       6
       8
      13
       9
       9
       8
       7
      10
       3
      11
       6
       8
       8
       8
       6
       2
       7
      10
       6
      10
      12
       7
       6
      11
      10
      10
       9
       7
      10
       5
       6
       3
      10
       7
      10
       8
       4
       9
      15
      15
       7
       7
       7
       9
      11
       9
       9
       5
       9
      12
       7
       7
      10
      12
      11
      11
       8
      10
       3
       7
       8
       6
       9
       8
       3
       8
       8
       6
      13
       8
       8
       8
      14
       9
      11
       7
       5
       6
      12
       7
       6
       7
       7
      10
       3
       9
       6
       2
       6
      14
      12
      10
      12
      11
       8
      16
       4
       9
       3
      15
       6
       9
      11
      11
      10
      18
       7
      12
       4
       8
       8
       4
       7
       7
      11
       6
       7
      11
      12
       6
       8
       9
      14
       5
       7
       9
       5
      11
       4
       6
       9
       9
       6
       6
      10
       2
       6
      11
       4
      13
      14
       8
       8
       7
       5
      11
       8
      12
      14
       6
       6
       6
      13
       6
      17
       9
      10
       9
       8
       3
      11
       6
      13
       8
       7
       2
       5
      12
       8
       7
      10
       2
      11
       9
      13
       7
       7
      11
       7
       6
       6
       3
       7
      12
       9
       9
      11
       9
       8
       5
      11
      11
       8
      12
       9
      13
       7
      12
      12
      12
       5
       7
       8
      12
      11
       9
       9
       3
       9
       8
       6
      13
       5
      11
      10
      12
      14
       9
      11
       8
       4
      11
      11
      12
      12
       8
      12
       6
       9
      12
      13
       9
       8
      10
      10
       8
       4
       6
      11
       5
      13
       9
      10
      10
       3
      10
      12
      14
       5
      14
      15
       5
       7
       7
       9
       8
       6
      11
       6
       8
       6
       7
      16
       6
       7
       7
      14
      10
       6
       9
      11
       9
       8
      12
       4
      13
      10
       3
      11
       9
      10
      13
       7
      10
       5
      11
       7
      11
       7
       9
       8
       5
       9
      13
      10
       8
       8
      14
       7
      12
       9
       4
      11
      12
      12
      13
      16
      11
       5
      15
      10
       6
       9
      13
       2
      10
      10
      11
      10
       3
      10
       8
      11
       6
       8
       6
       9
       8
      11
      12
      13
       9
       8
      11
       9
       9
       9
       7
      13
       6
       8
       5
      12
       9
       9
      14
       6
       7
       8
      13
       9
      10
       7
      10
      11
       9
      10
       8
       7
       9
      16
      13
       8
       8
       9
      10
       8
      10
       8
      10
       9
       7
       4
      12
      10
      11
       7
      11
      10
       7
      14
      14
      10
      16
      10
       8
       8
       9
       4
       9
       9
      11
       6
      13
       9
       5
       9
       8
       8
       8
      12
      11
      14
       6
       8
       5
       8
      12
       9
      13
      10
      19
      13
      11
       6
      11
       7
      10
      12
       6
       9
       6
       9
      12
      14
       6
       9
      13
      10
       7
      11
      12
       6
       9
       8
      10
       8
       9
      10
       8
       9
      14
       7
       8
      13
       9
       8
      10
      10
      10
       8
      14
       9
      11
      13
      10
      15
       9
      13
      10
       9
      10
       7
       8
       9
       6
      12
      10
      18
       9
       7
       7
      13
      13
       7
       4
      15
       7
      15
      12
      12
       8
      11
      10
      11
      10
      14
      10
      16
      14
      10
       7
      11
      11
      13
      14
      10
      14
      13
       9
       9
      16
       9
       5
      11
      16
       6
      10
      10
      11
       5
      14
      10
       5
       9
      10
       8
       7
      12
      12
      14
       9
      11
      13
      11
      10
      11
      11
       8
       8
      13
       9
       9
      10
       8
       9
       9
      14
      11
      24
      16
      12
       7
       8
       7
      14
       5
       9
       7
      14
      11
       9
      13
      13
       7
       5
      14
      12
      14
      11
      14
      12
      12
      15
      11
      14
      11
      15
      17
       8
      14
      10
      11
      13
      12
      10
      11
      14
       9
      11
      12
       9
      13
      13
      11
      11
      14
      11
       7
      11
      12
       8
      20
       9
      10
       4
      12
       8
       9
       8
       8
      14
      12
       8
      14
      16
      10
      10
      14
      13
      11
      14
      13
      13
      13
       9
      12
      16
      10
      13
      13
       9
      16
       9
      11
      11
      10
      15
      15
       9
      14
      13
      10
      14
      12
      17
       9
      10
      15
      15
      10
       6
      10
      12
      10
      17
      15
       8
      11
      11
      10
      12
      16
      10
      11
       8
      10
       8
       8
      13
       9
      15
      12
      13
      12
      14
      13
      12
       7
      10
      17
      17
      15
      16
       9
      12
      14
      14
      16
      12
      14
      15
       6
      12
       9
      12
      13
       9
      16
      10
      13
      13
      14
      24
       9
      11
      10
      14
      15
      12
      20
      15
      14
      10
      16
      10
      13
      14
      13
       8
      16
      14
      13
      17
      12
      17
      14
      10
      14
      18
      13
      16
      11
      10
       9
      14
      11
      10
      10
      15
      11
      18
      14
      13
      16
      16
      11
      15
      17
       7
      15
      14
      10
      10
      10
       7
      17
      15
      13
      11
      18
      15
      12
      17
      15
       9
      14
      13
      18
      14
      11
      12
      16
      13
       8
      15
       8
      13
      10
      13
      16
      18
      15
      20
      14
      18
      10
      13
      13
      13
      13
      14
      11
      19
      18
      15
      15
      12
      10
      16
      19
      13
      13
       8
      16
      12
      15
      11
       9
      18
      18
       9
      17
      14
      19
      15
      11
      19
      18
      19
       7
      14
       7
      12
       9
       9
      17
      11
      11
      12
      23
      13
      15
       6
      13
      13
      14
      16
      11
      14
      10
      14
      17
      15
      15
       8
      19
      18
      10
      17
      11
      10
      14
      19
      10
      15
      11
      16
       9
      12
      14
      16
      12
      19
      11
      12
      11
       9
      14
      10
      17
      17
      12
      14
      12
      21
      11
      16
      13
       7
      14
      23
      14
      19
      12
      14
      11
      17
      16
      17
      11
       7
      20
      17
      19
      14
      17
       9
      16
      11
      11
      25
      13
       8
      15
      13
      11
      19
      17
      17
      20
      11
      13
      13
      17
       9
      17
       9
      10
      18
      18
      18
      12
      17
      14
      16
      16
      21
      13
      12
       9
      12
      10
      16
       8
      19
      11
      14
      15
      18
      19
      15
      13
      15
      15
      19
      15
      10
      10
      15
      23
      12
      23
      16
      11
      17
      10
      15
      15
      14
      12
      12
      14
      13
       8
      12
      17
      20
      20
      14
      15
      18
      13
      14
      14
      13
      19
       9
      15
      13
      22
      10
      10
      13
      15
      15
      11
      14
      15
      13
      15
      13
      19
      15
      13
      21
      14
       7
      18
      22
      14
      16
      18
      20
      14
      21
      18
      18
      22
      16
      16
      12
      17
      17
      20
      17
      17
      17
      16
      16
      20
      12
      23
      19
      18
       9
      17
      18
      12
      20
      13
      23
      13
      20
      19
      19
      11
      20
       8
      12
      17
      18
      11
      17
      14
      22
      22
      16
      18
      18
      16
      11
      12
      22
      21
      17
      11
      15
      14
      15
      14
      31
      17
      18
      15
      16
      13
      14
      20
      21
      15
      19
      18
      12
      15
      13
      24
      18
      20
      23
      12
      17
      13
      15
      22
      17
      19
      18
      28
      15
      27
      14
      18
      17
      23
      20
      13
      19
      14
      20
      15
      18
      17
      19
      12
      14
      23
      15
      20
      26
      15
      18
      18
      15
      11
      22
      17
      13
      23
      20
      15
      23
      19
      24
      19
      13
      18
      10
      18
      18
      22
      16
      19
      22
      21
      14
      17
      29
      19
      24
      16
      14
      22
      22
      18
      15
      23
      20
      13
      19
      14
      22
      15
      16
      17
      15
      13
      13
      21
      15
      21
      28
      22
      25
      25
      19
      24
      19
      19
      15
      19
      20
      19
      19
      23
      21
      23
      16
      22
      20
      21
      19
      15
      24
      17
      24
      16
      21
      20
      21
      19
      29
      21
      24
      26
      15
      17
      12
      14
      23
      23
      32
      18
      13
      18
      15
      18
      24
      18
      20
      20
      23
      16
      20
      21
      21
      25
      17
      19
      25
      15
      20
      18
      13
      21
      19
      21
      31
      25
      23
      29
      20
      28
      18
      23
      23
      22
      33
      25
      21
      15
      21
      20
      24
      15
      21
      25
      13
      20
      22
      30
      21
      21
      20
      26
       6
      25
      29
      15
      23
      29
      28
      21
      14
      20
      22
      21
      15
      21
      23
      28
      27
      20
      19
      19
      23
      30
      28
      29
      19
      24
      25
      25
      22
      29
      19
      22
      25
      20
      18
      30
      17
      26
      24
      24
      23
      18
      25
      20
      25
      27
      34
      19
      17
      28
      22
      16
      19
      27
      24
      35
      18
      18
      24
      28
      20
      23
      30
      28
      21
      15
      20
      20
      26
      27
      20
      26
      23
      20
      22
      20
      26
      23
      23
      24
      27
      30
      30
      23
      22
      27
      19
      28
      20
      24
      19
      21
      34
      27
      24
      23
      26
      31
      27
      26
      20
      30
      22
      30
      20
      24
      15
      33
      32
      25
      26
      39
      20
      27
      40
      26
      29
      33
      22
      24
      19
      33
      34
      26
      21
      31
      26
      24
      27
      24
      41
      30
      33
      28
      18
      33
      24
      28
      14
      29
      23
      32
      36
      39
      22
      24
      37
      27
      22
      23
      23
      27
      30
      19
      26
      27
      18
      24
      28
      33
      24
      26
      28
      26
      31
      40
      27
      24
      15
      20
      26
      26
      25
      29
      31
      27
      28
      31
      34
      26
      38
      41
      33
      22
      30
      40
      21
      28
      35
      32
      28
      31
      33
      24
      28
      28
      37
      30
      23
      27
      24
      24
      32
      24
      31
      42
      28
      28
      39
      32
      26
      32
      32
      29
      28
      35
      31
      28
      34
      40
      35
      21
      33
      31
      36
      30
      45
      36
      38
      34
      23
      39
      33
      40
      33
      39
      40
      32
      33
      24
      29
      40
      38
      27
      36
      25
      31
      33
      38
      36
      38
      44
      43
      33
      42
      24
      33
      32
      37
      34
      30
      37
      37
      40
      31
      41
      41
      28
      36
      42
      50
      40
      38
      41
      34
      36
      52
      27
      45
      34
      55
      42
      29
      36
      33
      32
      50
      34
      31
      38
      32
      38
      31
      44
      42
      32
      43
      26
      40
      52
      37
      34
      47
      43
      36
      35
      48
      45
      29
      40
      37
      36
      34
      41
      29
      50
      38
      40
      43
      40
      39
      37
      28
      32
      35
      41
      46
      43
      53
      45
      37
      46
      29
      47
      34
      40
      54
      51
      40
      44
      40
      60
      38
      36
      47
      52
      40
      41
      38
      39
      48
      38
      46
      41
      46
      46
      41
      43
      39
      39
      55
      33
      44
      37
      53
      47
      43
      48
      44
      42
      50
      47
      45
      47
      54
      37
      46
      56
      49
      44
      45
      42
      43
      45
      54
      41
      43
      50
      43
      45
      38
      56
      44
      40
      44
      56
      50
      49
      45
      47
      50
      39
      34
      49
      49
      55
      48
      37
      62
      59
      45
      62
      48
      47
      51
      45
      48
      55
      61
      52
      49
      52
      46
      71
      46
      43
      56
      51
      58
      56
      52
      45
      45
      56
      52
      40
      64
      56
      49
      61
      68
      60
      56
      51
      54
      52
      56
      49
      55
      50
      56
      48
      57
      67
      53
      66
      61
      65
      58
      64
      50
      49
      62
      50
      55
      54
      56
      70
      66
      61
      57
      50
      61
      60
      68
      63
      59
      66
      56
      59
      72
      60
      68
      51
      58
      68
      64
      63
      53
      61
      65
      62
      62
      72
      70
      69
      66
      57
      49
      70
      70
      69
      75
      65
      70
      61
      71
      89
      66
      65
      66
      71
      61
      65
      79
      56
      56
      64
      68
      68
      68
      72
      64
      65
      64
      81
      69
      70
      87
      65
      69
      74
      80
      51
      69
      76
      78
      64
      88
      65
      76
      71
      80
      84
      87
      70
      74
      72
      62
      67
      79
      75
      86
      78
      72
      65
      80
      87
      84
      69
      73
      88
      76
      67
      88
      81
      86
      90
      85
      78
      86
      99
      74
      83
      77
      81
      64
      81
      95
      87
      67
      86
      69
      93
      74
      85
     101
      84
      76
      95
      73
      79
      84
      91
      89
      86
      96
      86
     100
      84
      93
      72
      99
      76
      86
      83
      82
      93
     105
      95
      79
      79
      86
     108
      96
      71
     100
      84
      90
      89
      88
     104
      97
      96
     100
      91
      94
      95
      84
     111
      99
      87
      89
      99
      95
      88
      86
     101
      98
     107
     101
      96
      96
      93
     107
      89
     106
     101
     113
     111
     120
     113
     111
      84
     108
     117
      88
      91
     131
     102
      93
      93
     106
     104
      99
     103
     118
     129
      97
      89
     113
     108
     115
     105
     106
     102
     108
     128
     130
     115
     119
     133
     124
     116
     105
     104
     124
     106
     114
     136
     117
     110
     100
     121
     123
     110
     138
     155
     127
     129
     131
     108
     128
     122
     105
     127
     129
     125
     128
     111
     118
     126
     137
     150
     125
     131
     144
     119
     110
     126
     153
     103
     133
     130
     132
     111
     124
     140
     157
     135
     122
     148
     140
     128
     154
     152
     133
     137
     131
     155
     129
     128
     131
     127
     151
     144
     140
     143
     144
     142
     131
     156
     148
     139
     161
     137
     133
     134
     152
     129
     141
     132
     164
     159
     141
     147
     130
     182
     147
     162
     156
     161
     154
     166
     151
     144
     167
     152
     158
     142
     157
     144
     151
     166
     159
     154
     173
     166
     169
     155
     162
     138
     150
     169
     169
     166
     159
     165
     163
     157
     153
     179
     182
     166
     167
     161
     179
     172
     171
     172
     180
     202
     177
     152
     185
     175
     187
     181
     182
     181
     203
     174
     159
     197
     182
     165
     201
     184
     205
     189
     181
     210
     176
     195
     185
     193
     184
     188
     210
     167
     217
     180
     176
     181
     216
     192
     189
     160
     194
     180
     203
     190
     201
     192
     197
     188
     180
     214
     215
     231
     201
     174
     207
     186
     198
     229
     195
     233
     201
     216
     227
     217
     226
     225
     187
     192
     247
     208
     204
     237
     253
     211
     221
     229
     229
     219
     240
     240
     232
     228
     224
     209
     237
     241
     234
     221
     230
     232
     244
     245
     217
     229
     239
     238
     236
     244
     228
     255
     231
     227
     245
     249
     244
     219
     270
     236
     236
     233
     231
     221
     240
     277
     239
     260
     253
     283
     268
     252
     230
     258
     278
     261
     216
     270
     269
     259
     262
     295
     236
     252
     236
     273
     308
     265
     273
     272
     242
     268
     264
     264
     281
     279
     272
     292
     302
     278
     257
     301
     280
     287
     290
     294
     295
     332
     319
     273
     290
     280
     303
     316
     314
     295
     298
     332
     290
     289
     317
     314
     319
     291
     297
     342
     322
     287
     317
     312
     299
     298
     315
     281
     338
     309
     336
     321
     305
     334
     334
     350
     329
     333
     307
     324
     318
     320
     335
     338
     318
     342
     334
     392
     334
     351
     360
     324
     335
     334
     345
     385
     337
     328
     335
     372
     320
     341
     355
     399
     332
     378
     369
     348
     335
     372
     377
     371
     402
     340
     376
     394
     368
     361
     388
     368
     425
     372
     393
     381
     380
     394
     379
     327
     348
     373
     404
     414
     410
     390
     391
     381
     392
     378
     388
     431
     421
     382
     414
     416
     414
     392
     395
     420
     445
     461
     444
     411
     424
     421
     456
     426
     470
     407
     440
     447
     456
     443
     493
     446
     450
     452
     417
     414
     466
     472
     440
     474
     451
     461
     462
     451
     452
     439
     473
     461
     508
     448
     456
     512
     484
     436
     488
     504
     485
     505
     481
     485
     444
     483
     502
     458
     495
     513
     475
     524
     513
     507
     532
     522
     501
     475
     506
     481
     517
     533
     526
     531
     533
     516
     539
     507
     539
     518
     459
     508
     508
     533
     549
     565
     571
     559
     502
     541
     596
     558
     578
     543
     568
     567
     550
     517
     560
     548
     564
     588
     628
     592
     590
     588
     504
     577
     563
     578
     611
     553
     565
     554
     608
     585
     622
     568
     629
     604
     581
     584
     587
     617
     620
     629
     638
     610
     568
     658
     643
     609
     637
     662
     655
     654
     614
     645
     654
     657
     689
     643
     632
     675
     660
     625
     656
     647
     694
     619
     615
     675
     628
     731
     667
     690
     624
     672
     660
     673
     682
     673
     689
     635
     675
     686
     694
     718
     624
     677
     741
     715
     721
     647
     740
     737
     754
     741
     730
     732
     711
     730
     692
     750
     763
     766
     706
     758
     782
     718
     695
     734
     776
     772
     789
     752
     784
     762
     767
     765
     816
     748
     804
     794
     796
     798
     761
     779
     802
     789
     810
     807
     766
     763
     799
     838
     834
     757
     833
     769
     833
     817
     819
     863
     838
     857
     875
     843
     879
     830
     841
     814
     883
     837
     874
     900
     835
     873
     896
     879
     894
     881
     844
     908
     910
     886
     900
     874
     960
     902
     894
     929
     893
     941
     925
     881
     892
     988
     906
     977
     942
     896
     950
     935
     921
     951
     925
     949
     957
     979
     938
    1024
    1047
     950
    1003
     975
     998
     977
     985
     991
     982
     952
     975
     990
    1003
    1024
     973
     990
    1041
     989
     984
    1046
    1029
     958
    1004
    1070
    1027
    1014
     980
    1053
    1050
    1103
    1065
    1059
    1094
    1072
    1095
    1081
    1074
    1126
    1087
    1103
    1089
    1071
    1061
    1094
    1077
    1138
    1180
    1130
    1193
    1122
    1088
    1123
    1105
    1079
    1150
    1083
    1211
    1194
    1187
    1183
    1194
    1141
    1260
    1154
    1145
    1200
    1160
    1178
    1169
    1189
    1189
    1237
    1177
    1215
    1187
    1189
    1158
    1257
    1231
    1191
    1182
    1223
    1151
    1253
    1184
    1266
    1269
    1238
    1271
    1220
    1202
    1340
    1286
    1323
    1343
    1286
    1286
    1316
    1300
    1372
    1276
    1293
    1346
    1219
    1301
    1305
    1271
    1330
    1311
    1339
    1372
    1333
    1326
    1307
    1323
    1323
    1310
    1375
    1407
    1332
    1364
    1394
    1388
    1386
    1450
    1421
    1337
    1388
    1369
    1474
    1444
    1470
    1459
    1448
    1483
    1384
    1457
    1395
    1479
    1499
    1427
    1424
    1432
    1466
    1506
    1442
    1431
    1480
    1502
    1458
    1519
    1531
    1526
    1464
    1473
    1515
    1513
    1527
    1471
    1512
    1507
    1513
    1566
    1501
    1498
    1516
    1558
    1513
    1521
    1494
    1563
    1596
    1546
    1632
    1522
    1535
    1574
    1528
    1611
    1556
    1620
    1602
    1585
    1631
    1622
    1657
    1654
    1616
    1595
    1594
    1594
    1678
    1612
    1775
    1669
    1693
    1676
    1650
    1646
    1728
    1660
    1736
    1709
    1746
    1712
    1774
    1724
    1785
    1624
    1708
    1753
    1679
    1696
    1705
    1722
    1758
    1769
    1775
    1767
    1749
    1714
    1812
    1795
    1841
    1698
    1780
    1795
    1845
    1742
    1811
    1851
    1821
    1820
    1851
    1884
    1807
    1761
    1846
    1868
    1846
    1888
    1871
    1865
    1859
    1832
    1859
    1791
    1872
    1875
    1887
    1884
    1954
    1907
    1948
    1917
    1930
    1978
    1967
    1891
    1848
    1874
    1903
    1895
    1924
    1938
    2007
    1955
    1951
    1964
    2038
    1933
    2010
    1945
    1933
    1896
    1969
    2026
    2077
    1957
    2011
    1980
    2043
    1974
    2105
    2139
    1990
    2043
    2019
    2015
    2029
    1990
    2031
    2013
    2041
    2046
    2126
    2057
    2017
    2145
    2131
    2048
    2028
    2121
    2106
    2137
    2065
    2172
    2124
    2205
    2199
    2169
    2173
    2196
    2105
    2196
    2180
    2165
    2111
    2171
    2218
    2111
    2184
    2250
    2181
    2219
    2182
    2306
    2263
    2229
    2227
    2275
    2335
    2243
    2199
    2160
    2223
    2231
    2294
    2286
    2272
    2187
    2336
    2304
    2288
    2235
    2265
    2234
    2375
    2314
    2293
    2306
    2415
    2334
    2356
    2282
    2337
    2467
    2391
    2386
    2317
    2285
    2358
    2335
    2371
    2402
    2394
    2382
    2350
    2361
    2365
    2375
    2375
    2482
    2336
    2463
    2371
    2417
    2391
    2378
    2471
    2409
    2462
    2430
    2450
    2498
    2413
    2471
    2520
    2411
    2381
    2466
    2497
    2482
    2564
    2560
    2538
    2563
    2482
    2497
    2504
    2571
    2552
    2507
    2537
    2569
    2487
    2517
    2595
    2564
    2526
    2510
    2614
    2512
    2588
    2712
    2589
    2572
    2492
    2636
    2590
    2568
    2576
    2529
    2604
    2553
    2598
    2551
    2541
    2529
    2634
    2664
    2712
    2682
    2697
    2641
    2618
    2683
    2670
    2686
    2691
    2691
    2710
    2605
    2696
    2655
    2683
    2697
    2803
    2708
    2675
    2628
    2792
    2644
    2607
    2755
    2693
    2643
    2759
    2731
    2669
    2691
    2697
    2684
    2733
    2706
    2734
    2820
    2776
    2736
    2688
    2776
    2706
    2795
    2780
    2792
    2778
    2750
    2758
    2768
    2792
    2800
    2724
    2793
    2770
    2746
    2844
    2818
    2815
    2806
    2763
    2861
    2775
    2797
    2891
    2759
    2874
    2832
    2812
    2920
    2913
    2811
    2842
    2850
    2812
    2868
    2812
    2917
    2841
    2956
    2961
    2908
    2837
    2821
    2940
    2909
    2878
    2780
    2919
    2875
    2882
    2942
    2876
    2872
    2929
    2820
    2954
    2946
    2908
    2876
    2907
    2875
    2975
    2945
    2868
    2929
    3007
    2930
    2951
    2911
    2926
    3016
    2906
    2890
    2980
    2974
    2974
    3019
    2892
    3008
    3025
    2881
    2997
    2955
    2888
    3015
    2884
    3067
    2918
    2912
    2954
    3020
    3050
    2964
    2935
    2871
    2924
    3185
    3051
    3094
    3008
    3101
    2969
    3029
    3065
    2917
    2905
    3144
    2908
    3058
    3081
    3037
    3085
    3021
    3045
    3037
    3221
    3001
    3060
    2956
    3063
    3012
    3002
    3008
    3016
    3110
    3006
    3072
    3007
    3036
    3068
    3040
    3116
    3019
    3015
    3056
    2926
    3064
    3110
    3124
    3136
    3073
    3077
    3022
    2983
    2988
    3111
    3131
    3007
    3044
    2988
    3124
    3131
    3100
    3147
    2941
    3113
    3160
    3185
    3089
    3157
    3151
    3106
    3066
    3171
    3180
    3042
    3068
    3057
    3152
    3004
    3047
    3153
    3078
    3030
    2975
    3161
    3078
    3143
    3054
    2993
    3167
    3083
    3029
    3147
    3093
    3025
    3122
    3127
    3114
    3112
    3120
    2997
    3109
    3088
    3095
    3044
    3147
    3023
    3123
    3081
    3146
    3039
    3132
    3101
    3141
    3119
    3161
    3111
    3142
    3039
    3169
    3083
    3204
    3058
    3111
    3028
    3125
    3060
    3200
    3083
    3098
    3074
    2985
    3096
    3082
    3067
    3081
    3062
    3081
    2991
    3040
    3002
    3094
    2915
    3087
    3062
    3150
    3017
    3049
    3039
    3091
    3035
    3072
    3049
    3168
    3023
    3046
    3143
    3080
    3127
    2995
    3050
    3041
    3049
    2999
    3067
    3062
    3041
    2917
    3045
    3102
    2989
    3003
    3002
    3040
    3020
    3118
    2994
    3103
    3043
    3099
    3093
    3037
    2945
    2987
    3071
    3002
    2986
    2963
    3016
    3005
    2919
    2967
    2957
    2819
    3032
    3049
    3069
    3006
    2976
    3032
    3059
    2940
    3002
    3001
    2957
    3006
    2916
    2945
    2925
    2929
    2951
    2899
    2982
    2966
    2951
    2953
    2957
    2970
    2935
    2969
    2840
    2963
    2917
    2971
    2983
    2868
    2897
    2946
    2889
    2867
    2856
    2907
    2986
    2927
    2966
    2945
    2894
    2948
    2895
    2891
    2843
    2873
    2889
    2883
    2878
    2840
    2848
    2999
    2986
    2872
    2875
    2854
    2909
    2861
    2712
    2849
    2879
    2802
    2812
    2923
    2878
    2907
    2809
    2814
    2852
    2808
    2694
    2721
    2850
    2883
    2790
    2777
    2872
    2745
    2803
    2731
    2733
    2826
    2712
    2704
    2796
    2785
    2736
    2806
    2819
    2722
    2724
    2631
    2763
    2758
    2675
    2814
    2670
    2595
    2691
    2661
    2603
    2655
    2718
    2718
    2676
    2744
    2637
    2671
    2664
    2632
    2604
    2565
    2717
    2544
    2657
    2705
    2565
    2573
    2572
    2639
    2581
    2639
    2538
    2653
    2679
    2574
    2546
    2546
    2589
    2600
    2628
    2564
    2537
    2599
    2489
    2563
    2595
    2577
    2538
    2592
    2536
    2445
    2611
    2470
    2469
    2518
    2517
    2500
    2421
    2504
    2493
    2468
    2474
    2406
    2420
    2531
    2423
    2471
    2490
    2425
    2417
    2411
    2359
    2380
    2363
    2395
    2353
    2456
    2496
    2402
    2382
    2303
    2393
    2395
    2403
    2351
    2363
    2359
    2274
    2364
    2322
    2343
    2308
    2301
    2315
    2272
    2274
    2279
    2338
    2343
    2298
    2301
    2356
    2186
    2267
    2276
    2166
    2163
    2317
    2274
    2161
    2272
    2153
    2319
    2207
    2215
    2192
    2193
    2142
    2152
    2181
    2119
    2122
    2294
    2110
    2135
    2210
    2128
    2233
    2120
    2051
    2131
    2108
    2160
    2080
    2110
    2078
    2086
    2011
    2098
    2144
    1984
    1942
    2034
    2023
    2026
    2024
    2036
    2035
    2073
    2036
    2034
    2034
    1995
    2000
    2009
    2028
    1968
    1999
    1901
    1902
    1984
    1968
    1872
    1863
    1931
    1889
    1859
    1886
    1920
    1929
    1926
    1914
    1880
    1879
    1826
    1905
    1818
    1796
    1818
    1819
    1831
    1826
    1845
    1802
    1731
    1898
    1792
    1834
    1793
    1836
    1785
    1761
    1794
    1727
    1810
    1742
    1738
    1778
    1729
    1741
    1772
    1665
    1765
    1772
    1733
    1714
    1687
    1729
    1659
    1660
    1649
    1576
    1674
    1705
    1673
    1653
    1650
    1614
    1668
    1611
    1589
    1594
    1527
    1600
    1565
    1646
    1584
    1635
    1507
    1584
    1600
    1522
    1544
    1588
    1535
    1572
    1591
    1514
    1596
    1483
    1527
    1503
    1474
    1503
    1607
    1429
    1517
    1531
    1395
    1457
    1482
    1470
    1401
    1436
    1451
    1466
    1476
    1445
    1463
    1400
    1387
    1456
    1354
    1341
    1335
    1331
    1381
    1344
    1333
    1323
    1391
    1369
    1363
    1340
    1302
    1294
    1298
    1348
    1294
    1286
    1282
    1243
    1300
    1222
    1308
    1244
    1276
    1315
    1192
    1282
    1218
    1250
    1166
    1254
    1208
    1252
    1185
    1228
    1153
    1187
    1244
    1179
    1153
    1166
    1182
    1209
    1192
    1148
    1146
    1178
    1160
    1147
    1124
    1107
    1121
    1188
    1130
    1075
    1131
    1118
    1109
    1143
    1098
    1098
    1059
    1049
    1105
    1009
    1112
    1081
    1089
     938
    1068
     963
    1038
    1048
    1039
    1033
    1027
    1031
    1056
     926
    1019
     968
     977
    1003
     979
     968
     989
     991
     931
     866
     936
     870
     944
     950
     864
     931
     936
     953
     910
     921
     935
     855
     911
     866
     863
     913
     895
     900
     855
     886
     848
     894
     830
     844
     789
     863
     808
     887
     871
     845
     846
     783
     817
     836
     826
     778
     824
     822
     772
     801
     773
     737
     790
     777
     737
     752
     726
     698
     787
     718
     720
     743
     757
     758
     744
     707
     684
     708
     672
     744
     676
     742
     704
     738
     726
     695
     706
     642
     646
     670
     678
     645
     681
     640
     648
     659
     631
     637
     634
     618
     661
     647
     611
     615
     633
     566
     587
     633
     627
     591
     591
     572
     578
     565
     567
     586
     595
     529
     587
     512
     532
     520
     570
     577
     537
     527
     554
     558
     544
     506
     528
     572
     522
     525
     538
     532
     514
     481
     518
     517
     494
     473
     519
     484
     462
     502
     473
     481
     502
     502
     463
     469
     466
     417
     485
     463
     399
     467
     432
     450
     426
     465
     425
     408
     426
     433
     395
     412
     412
     413
     433
     391
     431
     374
     399
     415
     445
     429
     385
     392
     373
     350
     370
     363
     386
     353
     356
     373
     370
     341
     348
     372
     320
     358
     335
     345
     338
     339
     318
     338
     327
     361
     357
     345
     327
     323
     300
     290
     305
     315
     319
     325
     326
     296
     288
     305
     297
     308
     280
     302
     279
     297
     267
     293
     295
     284
     255
     306
     290
     262
     271
     272
     276
     263
     251
     290
     284
     239
     282
     255
     240
     234
     265
     265
     251
     257
     228
     241
     227
     238
     240
     249
     236
     223
     223
     211
     205
     218
     216
     207
     227
     229
     192
     216
     198
     206
     208
     198
     205
     207
     184
     201
     198
     197
     202
     209
     209
     164
     188
     187
     202
     166
     181
     199
     171
     180
     164
     164
     162
     170
     176
     161
     174
     166
     166
     175
     175
     151
     160
     168
     146
     168
     162
     144
     158
     157
     155
     157
     148
     141
     147
     145
     120
     129
     145
     126
     126
     136
     149
     138
     137
     143
     139
     107
     132
     128
     115
     126
     120
     140
     113
     122
     132
      99
     125
     115
     136
     125
     104
     123
     121
     100
     120
      89
     103
     117
     106
      98
      97
     101
      90
     101
      91
      85
     101
     111
      84
      93
      97
     103
      85
      96
     102
      81
     102
      90
     103
      96
      85
     101
      91
      90
      81
      87
      74
      80
      81
      88
      84
      67
      66
      87
      79
      77
      79
      84
      70
      78
      67
      73
      62
      71
      67
      76
      54
      71
      67
      76
      65
      68
      61
      68
      65
      61
      55
      66
      63
      56
      66
      53
      52
      69
      53
      57
      51
      63
      58
      40
      62
      66
      44
      53
      45
      48
      45
      56
      51
      45
      53
      55
      55
      46
      47
      49
      46
      42
      49
      40
      61
      36
      44
      41
      44
      51
      45
      44
      41
      37
      36
      43
      39
      42
      48
      37
      33
      31
      44
      30
      47
      32
      33
      38
      33
      38
      38
      37
      42
      41
      44
      37
      32
      33
      36
      40
      24
      34
      27
      37
      38
      26
      29
      27
      36
      40
      21
      29
      31
      43
      33
      25
      20
      33
      37
      25
      37
      31
      25
      28
      31
      23
      26
      35
      28
      25
      18
      25
      27
      27
      31
      22
      31
      25
      27
      25
      24
      20
      21
      17
      28
      16
      22
      23
      22
      26
      32
      21
      20
      18
      25
      20
      11
      15
      18
      20
      13
      23
      19
      21
      25
      25
      28
       8
      17
      23
      19
      11
      16
      16
      16
      15
      15
      16
      14
      17
      14
       9
      19
      24
      16
      19
      15
      17
      16
      16
      11
      18
      24
      13
      18
      13
      19
       6
      18
      13
      14
       9
      11
      16
      13
      19
      12
      20
      13
      16
      18
       9
      18
      13
      11
       6
      14
      12
      10
      15
      12
      17
      10
      10
       7
      18
      13
      13
      10
      14
      19
      15
       7
       9
       8
      18
      10
       9
      10
       8
      13
      11
       7
      12
      10
       9
       6
      11
      17
      15
      12
      10
      11
      11
      11
       8
      17
      10
       4
       9
       8
       8
      12
       7
       8
       9
      11
       4
       9
       8
      10
       8
       5
       6
       5
      11
       4
       5
       9
       8
       4
       6
       1
       8
       6
       6
       6
       7
       7
       8
       9
      10
       5
       6
       6
       7
       4
       5
       8
      11
      12
       6
       5
       5
       5
       4
       9
       7
      10
       7
      12
       9
       7
       8
       9
       6
       3
      10
       8
       3
       4
       8
       3
       4
       4
       8
       6
       7
       8
       9
      10
       7
       8
       7
       3
       4
       8
       4
      10
       9
       6
       6
       3
       7
       2
       2
       8
       4
       6
       6
       1
       4
       7
       3
       4
       3
       5
       3
       8
       2
       6
       7
       5
       2
       1
       2
       5
       3
       5
       5
       4
       8
       7
       4
       4
       5
       9
       4
       5
       3
       6
       3
       4
       1
       5
       5
       6
       4
       2
       3
       8
       3
       7
       5
      12
       4
       5
       4
       7
       4
       4
       5
       8
       5
       7
       6
       6
       1
       6
       6
       2
       3
       6
       7
       8
       7
       6
       7
       6
       7
       6
       8
       7
       6
       4
       3
       5
       1
       9
       4
       9
       4
       4
       5
       5
       2
       2
       6
       5
       7
       6
       4
       3
       7
       6
       5
       3
       5
       4
       3
      10
       2
       0
       7
       6
       4
       4
       4
       6
       4
       7
       6
       2
       7
       5
       3
       8
       3
       5
       6
       7
       6
       2
       4
       5
       5
       4
       5
       7
       3
       5
       3
       3
       7
       7
       7
       0
       3
       4
       1
       2
       6
       6
       4
       3
       4
       4
       3
       4
       4
       4
       2
       4
       4
       7
       3
       8
       6
       3
       7
       2
       4
       5
       4
       3
       7
       4
       6
       3
       4
       4
       4
       1
       7
       2
       0
       3
       6
       2
       5
       7
       0
       3
       3
       4
       0
       2
       3
       5
       6
       2
       6
       4
       8
       8
       4
       4
       3
       4
       3
       2
       3
       4
       2
       3
       2
       3
       5
       2
       6
       6
       7
       2
       2
       1
       6
       3
       5
       2
       2
       0
       7
       2
       6
       5
       3
       2
       3
       3
       5
       5
       4
       1
       7
       0
       4
       3
       1
       4
      10
       4
       7
       9
       4
       2
       3
       8
       6
       3
       2
       9
       9
       8
       4
       6
       5
       2
       3
       4
       2
      10
       4
       1
       4
       6
       6
       5
       2
       4
       4
       6
       2
       5
       3
       7
       6
       1
       4
       2
       3
       6
       6
       4
       3
       7
       5
       4
       4
       4
       6
       3
       3
       4
       5
       2
       3
       6
       3
       4
       1
       8
       9
       2
       4
       8
       2
       4
       3
       4
       9
       3
       7
       5
       7
       5
       5
       3
       4
       5
       4
       4
       5
       4
       5
       3
       5
       5
       9
       4
      10
       1
       3
       1
       2
       4
       7
       2
       5
       5
       3
       4
       4
       6
       1
       2
       9
       6
       6
       6
       5
       4
       9
       3
       7
       2
       4
       6
       4
       5
       3
       4
       6
       1
       1
       2
       7
       2
       8
       1
       6
       3
       7
       7
       6
       7
       8
       6
       5
       2
       3
       2
       5
       5
       6
       8
       4
       3
       1
       8
       6
       6
       8
       1
       8
       4
       4
       8
       1
       7
       5
       4
       3
       4
       3
       6
       3
       5
       7
       3
       8
       6
       6
       4
       3
       6
       8
       3
       4
       2
       3
      10
       6
       6
       5
       7
       5
       2
       7
       1
       7
       7
       6
       4
       3
       1
       2
       4
       5
       6
       5
       3
       7
       3
       5
       5
       1
       5
       4
       5
       6
       2
       1
       3
       4
       7
       0
       5
       3
       5
       7
       5
       4
       1
       4
       7
       5
       3
       5
       6
       3
       2
       4
       3
       2
       8
       3
       4
       7
       5
       2
       2
       1
       2
       2
       4
       4
       4
       6
       1
       1
       7
       5
       4
       3
       3
       2
       3
       1
       4
       4
       5
       1
       3
       1
       1
       2
       4
       5
       3
       0
       2
       8
       1
       2
       3
       2
       3
       3
       3
       3
       2
       6
       0
       2
       3
       5
       1
       4
       2
       2
       5
       6
       1
       2
       7
       0
       2
       2
       3
       3
       1
       2
       1
       5
       1
       4
       3
       1
       2
       5
       2
       3
       3
       3
       4
       0
       2
       4
       0
       1
       1
       2
       2
       2
       2
       4
       1
       1
       1
       0
       3
       2
       4
       5
       0
       3
       2
       1
       2
       0
       2
       3
       4
       1
       1
       8
       1
       3
       3
       2
       2
       2
       0
       1
       4
       4
       1
       4
       2
       2
       0
       1
       8
       3
       1
       0
       3
       4
       2
       2
       1
       2
       2
       0
       0
       2
       3
       2
       1
       1
       1
       2
       2
       2
       2
       1
       4
       2
       2
       1
       3
       1
       2
       5
       2
       2
       1
       2
       1
       3
       1
       2
       3
       0
       0
       3
       6
       2
       1
       3
       2
       2
       6
       3
       3
       2
       5
       2
       1
       2
       1
       2
       1
       2
       4
       2
       3
       2
       5
       1
       3
       2
       2
       2
       4
       3
       4
       3
       1
       5
       3
       2
       2
       0
       4
       4
       1
       1
       1
       4
       1
       1
       3
       0
       4
       3
       4
       3
       2
       1
       1
       2
       2
       0
       3
       3
       0
       2
       0
       3
       3
       1
       0
       0
       3
       3
       3
       3
       2
       3
       2
       1
       4
       3
       3
       1
       5
       1
       1
       1
       3
       4
       2
       3
       2
       1
       4
       0
       3
       4
       1
       4
       7
       2
       0
       3
       1
       3
       2
       4
       3
       2
       4
       1
       2
       2
       4
       4
       3
       1
       0
       0
       0
       1
       3
       1
       2
       3
       4
       1
       1
       4
       0
       3
       0
       2
       3
       3
       1
       1
       3
       3
       3
       2
       1
       2
       4
       3
       4
       2
       2
       4
       2
       2
       3
       3
       2
       0
       5
       0
       3
       2
       1
       1
       4
       3
       2
       4
       2
       1
       2
       3
       4
       3
       2
       9
       3
       1
       2
       4
       1
       2
       4
       0
       4
       3
       2
       1
       3
       2
       1
       1
       1
       1
       3
       2
       3
       2
       0
       4
       1
       2
       5
       1
       3
       5
       4
       2
       5
       2
       1
       2
       0
       2
       2
       3
       2
       2
       3
       1
       3
       2
       2
       2
       0
       4
       1
       3
       0
       0
       2
       1
       2
       0
       3
       0
       1
       0
       1
       6
       6
       2
       2
       2
       3
       3
       5
       4
       2
       1
       2
       4
       3
       2
       4
       4
       5
       1
       3
       1
       1
       2
       0
       5
       4
       0
       5
       6
       3
       1
       4
       3
       3
       2
       2
       1
       0
       2
       1
       3
       2
       1
       2
       4
       3
       4
       2
       3
       2
       4
       4
       5
       3
       3
       2
       6
       4
       3
       1
       3
       2
       1
       5
       1
       1
       3
       4
       1
       1
       1
       1
       4
       3
       6
       3
       1
       4
       2
       1
       2
       3
       1
       2
       2
       0
       1
       1
       2
       1
       4
       0
       0
       1
       3
       3
       1
       2
       0
       4
       5
       0
       2
       3
       0
       3
       3
       1
       1
       0
       1
       1
       2
       2
       1
       0
       7
       2
       3
       2
       0
       2
       3
       4
       6
       1
       5
       2
       2
       1
       1
       4
       2
       1
       6
       1
       3
       4
       4
       4
       3
       5
       7
       3
       2
       2
       1
       5
       8
       1
       1
       6
       3
       3
       2
       2
       2
       1
       2
       2
       1
       0
       4
       2
       1
       1
       2
       0
       2
       3
       1
       4
       2
       5
       4
       6
       2
       2
       1
       2
       2
       4
       2
       4
       2
       0
       5
       1
       1
       2
       2
       2
       4
       0
       5
       1
       4
       4
       0
       2
       1
       1
       0
       3
       2
       4
       4
       0
       5
       2
       2
       1
       1
       4
       2
       1
       2
       4
       2
       2
       3
       2
       2
       3
       1
       3
       4
       3
       0
       2
       2
       2
       2
       1
       4
       2
       2
       2
       1
       2
       0
       7
       2
       3
       3
       4
       2
       5
       0
       3
       3
       1
       2
       1
       2
       4
       2
       4
       1
       3
       1
       3
       3
       2
       2
       2
       2
       3
       1
       5
       3
       2
       3
       1
       1
       0
       4
       1
       2
       0
       3
       6
       2
       9
       1
       5
       4
       2
       4
       4
       2
       1
       3
       3
       2
       2
       4
       0
       3
       2
       3
       1
       3
       2
       1
       2
       0
       3
       1
       4
       4
       2
       4
       1
       4
       3
       1
       2
       2
       1
       2
       3
       2
       2
       1
       1
       2
       3
       1
       4
       2
       3
       3
       3
       3
       1
       1
       1
       4
       3
       3
       3
       0
       1
       5
       6
       2
       1
       3
       4
       2
       2
       2
       5
       1
       0
       2
       4
       2
       4
       3
       5
       1
       2
       3
       1
       7
       2
       1
       2
       1
       4
       1
       4
       4
       5
       3
       2
       2
       3
       2
       3
       2
       2
       5
       5
       0
       1
       3
       2
       1
       1
       4
       2
       3
       4
       6
       2
       1
       4
       0
       2
       1
       8
       2
       1
       1
       2
       6
       5
       3
       3
       4
       3
       4
       2
       4
       2
       2
       1
       4
       2
       1
       7
       3
       3
       2
       5
       4
       3
       3
       1
       1
       3
       3
       2
       3
       3
       4
       1
       2
       1
       0
       1
       2
       3
       3
       1
       1
       2
       1
       5
       1
       1
       0
       2
       4
       3
       4
       3
       1
       3
       1
       0
       1
       2
       2
       1
       3
       2
       1
       2
       3
       4
       4
       3
       3
       3
       1
       2
       5
       1
       2
       2
       3
       0
       3
       3
       2
       3
       0
       3
       0
       4
       1
       0
       3
       3
       5
       4
       3
       1
       2
       3
       2
       1
       3
       1
       4
       6
       3
       3
       5
       1
       2
       4
       5
       3
       1
       3
       3
       2
       4
       1
       2
       3
       4
       1
       4
       4
       2
       0
       3
       3
       1
       4
       2
       4
       4
       1
       2
       2
       3
       3
       2
       2
       2
       5
       4
       4
       2
       1
       5
       3
       4
       1
       1
       2
       3
       4
       1
       2
       1
       2
       2
       1
       3
       2
       3
       2
       3
       1
       1
       3
       4
       3
       2
       4
       2
       2
       2
       2
       7
       2
       4
       1
       2
       4
       3
       4
       3
       3
       7
       1
       1
       4
       2
       3
       4
       1
       3
       3
       4
       1
       0
       4
       8
       3
       1
       2
       0
       3
       4
       1
       3
       2
       2
       3
       3
       8
       2
       2
       2
       5
       3
       1
       5
       0
       3
       3
       3
       4
       6
       5
       3
       2
       4
       0
       7
       5
       3
       4
       1
       2
       2
       2
       1
       6
       4
       4
       2
       4
       1
       3
       3
       0
       2
       0
       4
       2
       3
       3
       1
       4
       6
       2
       2
       3
       4
       3
       1
       3
       0
       4
       2
       4
       6
       3
       3
       5
       2
       3
       5
       5
       3
       2
       1
       3
       3
       4
       2
       3
       4
       4
       5
       4
       2
       7
       1
       4
       1
       2
       0
       3
       5
       4
       2
       3
       2
       1
       4
       3
       5
       3
       5
       2
       4
       0
       2
       3
       1
       1
       4
       2
       2
       4
       4
       2
       3
       4
       4
       3
       2
       4
       3
       8
       4
       4
       3
       2
       4
       1
       2
       3
       3
       3
       3
       3
       2
       3
       1
       3
       3
       2
       3
       3
       1
       1
       4
       4
       3
       2
       3
       3
       1
       3
       3
       0
       1
       4
       1
       2
       1
       3
       5
       2
       4
       5
       2
       0
       3
       5
       3
       3
       3
       5
       4
       4
       2
       2
       1
       4
       1
       1
       4
       1
       3
       1
       3
       1
       3
       5
       3
       2
       2
       1
       0
       2
       1
       4
       4
       2
       5
       1
       4
       1
       3
       3
       1
       4
       2
       5
       2
       4
       2
       2
       3
       2
       4
       8
       5
       1
       2
       3
       4
       3
       0
       1
       4
       5
       3
       1
       2
       4
       1
       3
       3
       5
       3
       1
       4
       5
       3
       1
       1
       2
       0
       6
       1
       6
       0
       2
       3
       4
       6
       1
       5
       4
       2
       3
       4
       4
       4
       2
       3
       6
       0
       4
       5
       4
       1
       4
       3
       3
       6
       8
       3
       1
       3
       4
       2
       3
       1
       5
       2
       1
       4
       2
       2
       2
       2
       2
       1
       4
       2
       1
       3
       4
       2
       6
       2
       3
       2
       4
       4
       2
       7
       1
       3
       1
       5
       3
       5
       0
       3
       6
       2
       1
       3
       8
       1
       2
       3
       0
       5
       2
       5
       2
       1
       3
       6
       4
       6
       4
       1
       1
       2
       0
       3
       4
       3
       1
       2
       2
       3
       1
       4
       2
       3
       1
       2
       2
       2
       3
       3
       4
       3
       1
       1
       2
       3
       3
       3
       2
       2
       2
       1
       2
       3
       1
       3
       1
       2
       2
       3
       1
       5
       2
       3
       2
       0
       1
       6
       3
       2
       1
       3
       3
       3
       4
       5
       3
       3
       1
       1
       3
       3
       3
       4
       6
       2
       2
       2
       4
       3
       4
       3
       3
       0
       6
       3
       0
       2
       3
       2
       2
       5
       2
       4
       3
       1
       2
       1
       1
       2
       0
       1
       4
       5
       4
       3
       2
       4
       0
       2
       3
       6
       3
       3
       5
       3
       4
       1
       1
       1
       1
       2
       2
       2
       4
       2
       3
       3
       3
       4
       1
       1
       5
       4
       6
       0
       2
       2
       2
       3
       4
       6
       1
       0
       0
       2
       3
       3
       3
       1
       3
       2
       3
       0
       0
       3
       3
       1
       3
       1
       3
       0
       4
       7
       2
       4
       1
       3
       3
       2
       4
       8
       6
       3
       4
       6
       6
       5
       5
       4
       3
       3
       4
       2
       3
       4
       1
       1
       4
       0
       5
       0
       1
       4
       5
       3
       3
       2
       0
       1
       4
       1
       3
       1
       6
       2
       4
       3
       0
       9
       2
       3
       3
       4
       7
       3
       7
       3
       2
       2
       9
       4
       4
       3
       3
       2
       4
       6
       3
       5
       2
       3
       3
       3
       2
       2
       5
       4
       1
       4
       3
       4
       1
       2
       1
       2
       0
       4
       2
       0
       1
       3
       4
       1
       2
       3
       3
       3
       0
       2
       4
       7
       2
       2
       1
       3
       2
       3
       4
       1
       1
       5
       3
       1
       4
       3
       4
       2
       5
       1
       2
       7
       1
       4
       3
       0
       3
       3
       2
       2
       5
       4
       4
       3
       4
       1
       3
       3
       5
       3
       2
       3
       5
       1
       2
       2
       2
       4
       2
       5
       3
       2
       1
       5
       6
       1
       3
       6
       3
       5
       3
       1
       5
       2
       2
       4
       3
       8
       4
       5
       3
       1
       5
       2
       0
       3
       6
       4
       1
       4
       4
       4
       3
       4
       4
       0
       5
       3
       3
       6
       7
       5
       4
       3
       3
       5
       2
       4
       4
       1
       1
       3
       2
       4
       1
       8
       0
       2
       1
       5
       3
       2
       4
       2
       4
       5
       5
       0
       0
       1
       3
       4
       3
       2
       7
       3
       6
       2
       5
       1
       2
       2
       6
       2
       2
       2
       6
       3
       2
       5
       0
       3
       6
       1
       0
       3
       3
       6
       5
       3
       3
       8
       1
       2
       7
       1
       1
       7
       2
       5
       5
       2
       2
       3
       1
       4
       2
       6
       1
       5
       5
       6
       2
       2
       3
       2
       1
       1
       2
       2
       5
       5
       4
       4
       1
       2
       3
       7
       4
       3
       3
       2
       0
       5
       2
       3
       6
       3
       1
       1
       2
       5
       4
       3
       5
       4
       5
       0
       0
       3
       4
       2
       3
       6
       3
       4
       1
       2
       4
       3
       3
       5
       4
       2
       3
       3
       9
       4
       3
       3
       2
       3
       0
       1
       5
       3
       3
       5
       4
       3
       5
       2
       7
       4
       5
       5
       1
       0
       1
       1
       1
       2
       7
       4
       5
       3
       4
       2
       2
       3
       3
       1
       4
       3
       4
       4
       2
       5
       2
       4
       3
       1
       0
       5
       3
       2
       6
       3
       4
       1
       1
       4
       2
       2
       2
       2
       2
       3
       3
       5
       7
       4
       4
       3
       4
       1
       1
       4
       5
       0
       4
       3
       5
       4
       4
       4
       2
       3
       4
       4
       6
       3
       4
       0
       3
       2
       3
       2
       4
       4
       2
       3
       4
       5
       4
       3
       3
       1
       3
       6
       1
       5
       3
       2
       7
       5
       1
       1
       5
       4
       0
       7
       5
       5
       1
       3
       0
       1
       5
       3
       2
       3
       4
       3
       1
       0
       5
       4
       3
       2
       1
       5
       4
       2
       3
       2
       8
       2
       4
       4
       5
       5
       2
       1
       2
       2
       2
       3
       4
       3
       8
       4
       2
       1
       6
       3
       7
       3
       5
       4
       4
       3
       4
       2
       4
       3
       3
       6
       4
       5
       3
       4
       4
       7
       6
       4
       0
       3
       4
       3
       2
       2
       2
       1
       1
       4
       1
       3
       1
       3
       2
       7
       2
       2
       1
       3
       4
       3
       5
       7
       5
       2
       4
       3
       4
       4
       2
       6
       6
       2
       3
       2
       4
       3
       7
       4
       4
       3
       4
       3
       1
       4
       4
       4
       5
       5
       4
       4
       0
       5
       2
       2
       2
       1
       2
       4
       7
       1
       3
       7
       4
       3
       3
       2
       2
       1
       1
       4
       1
       2
       4
       5
       3
       3
       2
       3
       7
       2
       4
       3
       3
       4
       3
       4
       3
       5
       2
       3
       5
       5
       3
       1
       0
       1
       4
       4
       1
       5
       1
       3
       4
       2
       5
       2
       0
       0
       0
       0
       0
       0
       0
       0
       0
       0
       0
       0
       0
       0
       0
       0
       0
       0
       0
       0
       0
       0
       0
       0
       0
       0
       0
       0
       0
       0
       0
       0
       0
       0
       0
       0
       0
       0
       0
       0
       0
       0
       0
       0
       0
       0
       0
       0
       0
       0
       0
       0
       0
       0
       0
       0
       0
       0
       0
       0
       0
       0
       0
       0
       0
       0
       0
       0
       0
       0
       0
       0
       0
       0
       0
       0
       0
       0
       0
       0
       0
       0
       0
       0
       0
       0
       0
       0
       0
       0
       0
       0
       0
       0
       0
       0
       0
       0
       0
       0
       0
       0
       0
       0
       0
       0
       0
       0
       0
       0
       0
       0
       0
       0
       0
       0
       0
       0
       0
       0
       0
       0
       0
       0
       0
       0
       0
       0
$ROI:
3
6725 6813
6948 7045
7244 7256
$PRESETS:
None
0
0
$ENER_FIT:
-0.000074 0.728814
$MCA_CAL:
3
-7.366740E-005 7.288145E-001 -2.624510E-006 keV
$SHAPE_CAL:
3
0.000000E+000 0.000000E+000 0.000000E+000
