$SPEC_ID:
No sample description was entered.
$SPEC_REM:
DET# 1
DETDESC# PPF18-07 Easy-MCA-8k SN 14274550
AP# Maestro Version 7.01
$DATE_MEA:
11/24/2022 14:13:33
$MEAS_TIM:
4081 6679
$DATA:
0 8191
       0
       0
       0
       0
       0
       0
       0
       0
       0
       0
       0
       0
       0
       0
       0
       0
       0
       0
       0
       0
       0
       0
       0
       0
       2
    3596
  258452
 5482951
  415234
   37279
   47124
   64417
   86134
  106646
  116654
  108403
   88017
   64578
   47667
   37137
   29936
   24414
   19936
   15895
   12525
    9326
    7257
    5466
    4132
    3096
    2432
    1804
    1489
    1281
    1098
    1004
     904
     821
     895
     835
     825
     756
     753
     745
     676
     642
     582
     477
     453
     407
     372
     288
     247
     233
     216
     191
     172
     162
     136
     124
     111
     121
     103
     103
     103
     114
      94
     101
      93
      96
     101
      96
      97
      98
      95
      66
      80
      61
      73
      55
      59
      64
      69
      58
      50
      50
      54
      45
      41
      34
      46
      35
      52
      46
      46
      45
      39
      45
      49
      43
      36
      39
      46
      48
      42
      41
      42
      49
      47
      41
      39
      33
      39
      48
      25
      37
      46
      41
      32
      48
      48
      45
      41
      50
      37
      45
      36
      48
      38
      53
      37
      38
      41
      36
      51
      47
      39
      35
      41
      43
      42
      33
      32
      47
      44
      44
      41
      37
      39
      41
      40
      40
      33
      33
      55
      39
      41
      59
      32
      56
      36
      45
      44
      35
      44
      45
      29
      46
      50
      58
      42
      45
      33
      55
      45
      38
      39
      47
      51
      36
      44
      45
      33
      39
      46
      55
      41
      40
      50
      40
      41
      42
      41
      50
      33
      47
      53
      42
      40
      53
      42
      39
      46
      49
      51
      37
      46
      43
      38
      50
      51
      45
      43
      39
      40
      58
      48
      52
      50
      54
      40
      43
      47
      58
      52
      41
      33
      58
      38
      48
      36
      44
      40
      52
      48
      51
      61
      51
      48
      42
      38
      38
      47
      37
      45
      45
      45
      35
      51
      33
      46
      32
      51
      51
      47
      44
      48
      55
      43
      36
      53
      44
      41
      43
      44
      30
      55
      34
      48
      35
      41
      48
      50
      47
      51
      46
      48
      59
      41
      50
      44
      59
      58
      43
      49
      38
      30
      58
      59
      45
      39
      38
      41
      51
      37
      36
      44
      49
      53
      44
      34
      48
      46
      58
      56
      49
      58
      47
      36
      43
      42
      40
      47
      47
      51
      47
      48
      56
      50
      46
      47
      47
      51
      45
      46
      51
      51
      50
      46
      56
      37
      47
      42
      52
      50
      47
      38
      42
      59
      39
      44
      56
      47
      48
      44
      49
      49
      40
      54
      57
      49
      53
      54
      42
      54
      48
      60
      40
      58
      39
      63
      43
      45
      51
      49
      41
      51
      54
      54
      60
      54
      54
      60
      63
      48
      50
      43
      43
      34
      59
      49
      61
      59
      49
      45
      35
      55
      48
      46
      51
      63
      67
      58
      47
      59
      61
      53
      46
      64
      43
      54
      67
      54
      60
      52
      55
      66
      58
      66
      50
      65
      65
      56
      48
      49
      53
      61
      52
      60
      53
      52
      59
      46
      54
      50
      46
      67
      55
      54
      54
      52
      66
      41
      47
      50
      57
      51
      55
      56
      55
      71
      40
      38
      60
      49
      50
      57
      66
      55
      55
      66
      65
      55
      64
      50
      50
      52
      61
      57
      59
      57
      61
      56
      56
      64
      72
      68
      60
      43
      73
      56
      69
      68
      50
      54
      70
      51
      51
      66
      49
      53
      65
      68
      53
      52
      59
      59
      53
      60
      69
      68
      82
      55
      62
      47
      68
      57
      57
      65
      47
      54
      67
      53
      65
      59
      69
      54
      81
      63
      50
      53
      74
      74
      67
      53
      75
      69
      75
      56
      61
      65
      58
      74
      65
      65
      55
      59
      66
      68
      65
      59
      58
      67
      66
      51
      58
      56
      82
      62
      60
      65
      90
      61
      62
      59
      75
      67
      84
      63
      61
      76
      61
      66
      73
      74
      59
      69
      57
      55
      75
      66
      60
      67
      68
      67
      58
      71
      77
      61
      60
      63
      62
      83
      67
      73
      67
      68
      61
      63
      68
      83
      84
      64
      77
      80
      67
      78
      65
      67
      76
      84
      79
      76
      70
      66
      62
      57
      78
      67
      70
      73
      62
      72
      86
      78
      71
      80
      85
      68
      82
      66
      70
      76
      62
      77
      68
      64
      80
      69
      75
      64
      64
      65
      48
      75
      89
      68
      78
      69
      91
      70
      71
      74
      55
      90
      67
      89
      76
      70
      67
      77
      85
      72
      68
      83
      86
      75
      90
      88
      93
      87
      79
      79
      88
      86
      73
      73
      79
      79
      66
      84
      82
      72
      75
      73
      96
      65
      79
      79
      81
      88
      89
      96
      78
      72
      84
      84
      71
      81
      90
      95
      94
      79
      89
      85
      75
      95
      90
      81
      81
      80
      97
      77
      86
      88
      61
      84
      79
      79
      90
      83
      78
      80
      79
      89
      86
      93
      84
      92
      92
      87
      84
      76
      78
      80
      73
      91
      86
      86
      83
      83
      94
      84
      93
      85
      94
      89
      85
      99
      94
      82
      78
      98
      88
      73
      90
      96
     114
      97
      89
      88
      80
      87
      95
      87
      77
     101
      94
      77
     100
      90
      88
      96
      99
      93
      84
      84
     105
     100
      92
      98
      96
      90
     102
      88
      98
      78
      90
      89
      91
      96
      91
      85
     105
      76
     108
      95
      92
      98
     103
      86
      88
      85
     106
      98
     105
     111
     108
     104
     103
     113
     112
      89
      85
      97
      90
     108
      94
      85
     107
     109
     112
     101
     113
     113
     104
     117
     116
      92
     103
     110
     119
     106
      97
      94
     117
     107
     107
     107
     112
     102
     103
     111
      95
     107
     121
     112
     107
     113
     115
      97
     119
     100
     112
      92
     105
     111
     122
     115
     114
      94
     131
     109
     125
     109
      99
     113
     115
     100
     125
     108
     105
     118
     112
     109
     117
      92
      89
     115
     107
     120
     135
     120
     130
     121
     117
     107
     124
     113
     107
     123
     116
     117
     121
     110
     114
     112
     109
     118
     119
     121
     106
     127
     113
     106
     134
     121
     118
     110
     123
     118
     115
     120
     128
     134
     112
     119
     118
     132
     130
     134
     121
     136
     121
     130
     131
     125
     117
     128
     131
     131
     130
     125
     122
     135
     127
     115
     128
     109
     128
     120
     153
     115
     138
     128
     134
     148
     103
     123
     135
     120
     138
     134
     142
     128
     131
     111
     130
     132
     132
     130
     128
     130
     138
     138
     130
     142
     123
     139
     142
     121
     145
     132
     168
     135
     126
     153
     131
     141
     134
     153
     145
     141
     142
     140
     156
     137
     138
     129
     141
     148
     143
     158
     134
     122
     138
     167
     131
     147
     146
     128
     138
     152
     155
     130
     169
     125
     136
     129
     157
     158
     179
     152
     150
     168
     162
     159
     159
     159
     161
     134
     146
     159
     152
     147
     163
     182
     142
     163
     150
     155
     144
     152
     145
     161
     169
     139
     150
     163
     135
     163
     145
     180
     159
     154
     150
     170
     174
     152
     146
     150
     147
     160
     156
     179
     149
     158
     164
     146
     165
     166
     191
     178
     191
     157
     181
     175
     202
     167
     138
     149
     180
     177
     154
     150
     160
     158
     165
     182
     156
     168
     177
     188
     153
     149
     195
     147
     200
     159
     181
     192
     166
     160
     169
     195
     180
     185
     175
     187
     177
     182
     191
     183
     165
     181
     178
     203
     161
     178
     154
     187
     180
     189
     178
     178
     213
     180
     190
     193
     199
     190
     165
     195
     193
     187
     174
     208
     186
     167
     176
     192
     174
     195
     208
     185
     197
     196
     190
     191
     189
     191
     188
     206
     197
     217
     204
     187
     175
     212
     220
     194
     196
     237
     193
     192
     191
     211
     190
     204
     195
     196
     204
     188
     199
     194
     199
     200
     201
     209
     220
     203
     224
     208
     211
     199
     202
     197
     213
     190
     202
     193
     213
     201
     211
     211
     213
     191
     191
     209
     217
     222
     231
     182
     210
     225
     201
     202
     224
     235
     234
     205
     206
     235
     224
     232
     236
     225
     216
     235
     263
     206
     239
     237
     216
     215
     241
     227
     234
     232
     210
     203
     244
     214
     248
     209
     226
     225
     212
     219
     207
     196
     224
     208
     213
     229
     234
     208
     203
     269
     234
     241
     216
     216
     258
     246
     256
     222
     233
     224
     220
     228
     250
     244
     235
     237
     217
     248
     240
     249
     277
     262
     250
     285
     251
     251
     267
     235
     261
     244
     255
     267
     247
     239
     253
     275
     251
     254
     242
     280
     259
     257
     270
     234
     276
     263
     239
     270
     257
     269
     247
     254
     245
     275
     251
     270
     242
     266
     253
     253
     272
     261
     250
     280
     290
     236
     278
     235
     248
     279
     254
     271
     276
     297
     290
     283
     264
     295
     278
     257
     230
     283
     284
     271
     269
     268
     280
     264
     301
     297
     272
     280
     258
     293
     270
     276
     313
     283
     309
     295
     317
     287
     278
     304
     308
     278
     296
     306
     280
     314
     294
     313
     303
     319
     281
     293
     293
     293
     301
     283
     296
     309
     310
     286
     273
     289
     316
     307
     295
     308
     281
     257
     294
     269
     360
     330
     328
     307
     324
     303
     308
     303
     309
     313
     317
     308
     301
     316
     317
     289
     332
     320
     313
     352
     317
     330
     353
     302
     343
     332
     344
     350
     320
     328
     319
     301
     328
     314
     310
     346
     339
     350
     354
     365
     327
     322
     303
     318
     343
     300
     336
     349
     364
     367
     364
     334
     349
     356
     361
     355
     343
     374
     349
     346
     355
     354
     390
     376
     364
     316
     328
     365
     365
     352
     342
     325
     362
     364
     325
     400
     377
     391
     362
     351
     353
     414
     379
     395
     373
     377
     376
     345
     372
     368
     382
     378
     395
     384
     357
     394
     376
     396
     407
     357
     349
     386
     336
     386
     382
     368
     392
     415
     400
     357
     358
     424
     399
     400
     374
     385
     396
     421
     360
     408
     367
     397
     433
     399
     393
     401
     415
     380
     386
     386
     418
     401
     389
     434
     391
     389
     423
     415
     388
     422
     443
     412
     379
     365
     393
     420
     377
     402
     409
     372
     385
     401
     399
     409
     419
     428
     436
     406
     405
     444
     424
     403
     379
     415
     394
     435
     468
     486
     445
     415
     453
     443
     435
     444
     412
     412
     429
     464
     421
     419
     387
     443
     442
     405
     414
     463
     424
     492
     453
     453
     440
     444
     457
     461
     464
     487
     447
     465
     470
     483
     432
     498
     474
     479
     458
     444
     494
     527
     469
     474
     489
     488
     495
     433
     480
     467
     463
     495
     475
     473
     467
     463
     471
     493
     466
     541
     488
     480
     468
     472
     452
     481
     499
     482
     501
     512
     490
     513
     505
     500
     520
     489
     505
     518
     481
     521
     517
     504
     471
     532
     533
     507
     508
     468
     486
     531
     543
     472
     532
     490
     536
     504
     535
     521
     531
     498
     504
     542
     548
     495
     528
     515
     520
     522
     531
     547
     509
     532
     536
     524
     544
     520
     551
     554
     527
     596
     576
     544
     521
     537
     559
     508
     537
     549
     532
     574
     585
     546
     532
     595
     550
     534
     572
     525
     543
     557
     567
     560
     559
     571
     558
     558
     528
     605
     581
     599
     569
     578
     582
     577
     557
     562
     566
     600
     562
     642
     603
     558
     607
     612
     576
     578
     578
     638
     605
     621
     612
     598
     588
     585
     634
     582
     631
     602
     610
     617
     622
     591
     591
     596
     604
     618
     610
     597
     611
     588
     621
     617
     571
     639
     614
     633
     590
     591
     610
     624
     582
     620
     655
     599
     638
     559
     650
     672
     629
     653
     638
     653
     636
     618
     647
     572
     697
     690
     607
     637
     653
     681
     710
     639
     668
     655
     695
     624
     662
     677
     694
     713
     654
     633
     637
     679
     658
     621
     661
     649
     688
     645
     682
     678
     651
     657
     669
     629
     667
     743
     692
     694
     675
     630
     662
     677
     725
     666
     682
     720
     741
     658
     659
     683
     707
     723
     697
     725
     738
     731
     651
     724
     694
     756
     725
     715
     709
     697
     692
     719
     693
     698
     696
     750
     713
     738
     724
     719
     755
     700
     747
     732
     736
     726
     762
     787
     739
     781
     701
     726
     797
     748
     781
     752
     721
     737
     731
     760
     747
     711
     768
     759
     758
     778
     747
     737
     764
     741
     791
     782
     759
     714
     748
     779
     784
     765
     733
     774
     766
     763
     775
     842
     757
     805
     819
     792
     789
     799
     799
     838
     818
     769
     753
     836
     771
     778
     768
     799
     798
     787
     876
     779
     874
     788
     797
     834
     898
     811
     816
     857
     807
     858
     822
     826
     824
     857
     794
     856
     864
     839
     863
     827
     838
     804
     849
     827
     798
     849
     854
     836
     806
     834
     845
     833
     818
     840
     849
     834
     842
     798
     870
     880
     812
     874
     843
     909
     863
     836
     871
     881
     845
     803
     857
     830
     859
     844
     869
     890
     850
     908
     870
     940
     857
     871
     848
     882
     917
     894
     872
     933
     886
     929
     875
     863
     881
     937
     907
     862
     913
     908
     951
     861
     943
     862
     989
     930
     916
     856
     945
     887
     923
     914
     889
     926
     870
     930
     912
     894
     951
     915
     906
     910
     981
     961
     966
     949
     891
     971
     954
     971
     958
    1011
     914
    1030
     975
     933
     999
     961
    1006
     932
     941
    1030
     951
     984
     915
     954
     984
     960
     923
     966
     991
     999
    1008
     993
     976
    1025
     990
     978
     956
     957
    1027
     928
    1003
     977
    1024
     960
     965
     964
     974
    1011
     995
     971
     967
     943
     964
    1044
    1011
     937
     980
    1047
     991
     991
     978
     964
    1056
     979
    1031
    1015
    1020
    1038
    1017
    1009
    1058
    1044
    1013
    1055
    1051
    1009
     993
     984
    1053
     981
    1050
    1005
     997
    1059
    1043
    1061
    1089
    1081
    1064
    1017
     994
    1024
    1057
    1022
     997
    1015
     987
    1112
    1074
    1038
    1074
    1073
    1078
    1023
    1042
    1093
    1039
    1052
    1047
    1059
    1089
    1047
    1085
    1077
    1120
    1061
    1101
    1051
    1017
    1113
    1109
    1083
    1109
    1106
    1108
    1075
    1103
    1101
    1085
    1068
    1091
    1067
    1074
    1103
    1118
    1106
    1113
    1157
    1082
    1102
    1123
    1138
    1127
    1116
    1068
    1120
    1119
    1167
    1142
    1145
    1193
    1137
    1129
    1085
    1176
    1118
    1145
    1124
    1161
    1168
    1121
    1106
    1097
    1173
    1115
    1119
    1171
    1127
    1170
    1135
    1147
    1156
    1140
    1121
    1175
    1140
    1194
    1151
    1156
    1173
    1133
    1116
    1178
    1113
    1181
    1171
    1110
    1177
    1073
    1191
    1182
    1156
    1116
    1121
    1136
    1198
    1165
    1172
    1129
    1224
    1216
    1187
    1213
    1187
    1243
    1221
    1162
    1191
    1199
    1191
    1163
    1167
    1172
    1188
    1250
    1203
    1173
    1170
    1235
    1225
    1203
    1214
    1202
    1201
    1228
    1200
    1206
    1186
    1225
    1178
    1244
    1300
    1259
    1232
    1192
    1241
    1190
    1283
    1204
    1285
    1256
    1249
    1243
    1259
    1242
    1175
    1165
    1268
    1278
    1279
    1191
    1292
    1228
    1259
    1294
    1280
    1298
    1271
    1209
    1256
    1252
    1220
    1339
    1219
    1256
    1275
    1224
    1192
    1311
    1259
    1213
    1239
    1301
    1300
    1239
    1285
    1231
    1279
    1275
    1317
    1193
    1258
    1304
    1286
    1292
    1234
    1222
    1283
    1262
    1265
    1273
    1245
    1268
    1271
    1251
    1272
    1292
    1234
    1260
    1286
    1252
    1268
    1315
    1330
    1271
    1345
    1242
    1242
    1297
    1209
    1292
    1319
    1231
    1277
    1296
    1293
    1300
    1247
    1325
    1293
    1305
    1318
    1360
    1310
    1272
    1254
    1325
    1294
    1240
    1294
    1273
    1277
    1293
    1316
    1350
    1301
    1323
    1321
    1357
    1299
    1320
    1312
    1305
    1301
    1363
    1276
    1281
    1306
    1341
    1288
    1341
    1290
    1407
    1348
    1272
    1354
    1294
    1350
    1329
    1354
    1345
    1315
    1350
    1370
    1340
    1326
    1328
    1371
    1359
    1385
    1324
    1319
    1336
    1323
    1278
    1292
    1394
    1370
    1320
    1397
    1292
    1329
    1331
    1330
    1366
    1356
    1375
    1378
    1310
    1367
    1378
    1397
    1358
    1358
    1399
    1339
    1399
    1374
    1341
    1299
    1405
    1369
    1364
    1302
    1350
    1311
    1346
    1398
    1360
    1343
    1372
    1326
    1352
    1390
    1341
    1409
    1373
    1380
    1381
    1431
    1325
    1372
    1431
    1384
    1326
    1298
    1405
    1400
    1345
    1352
    1418
    1345
    1313
    1342
    1402
    1424
    1400
    1381
    1379
    1336
    1358
    1367
    1343
    1349
    1347
    1317
    1399
    1394
    1434
    1400
    1405
    1366
    1440
    1418
    1372
    1329
    1352
    1407
    1468
    1412
    1410
    1411
    1350
    1311
    1436
    1383
    1255
    1401
    1341
    1303
    1339
    1361
    1392
    1320
    1403
    1399
    1439
    1386
    1436
    1346
    1417
    1377
    1348
    1398
    1346
    1441
    1444
    1404
    1362
    1372
    1355
    1350
    1456
    1355
    1362
    1390
    1342
    1409
    1372
    1342
    1336
    1391
    1370
    1354
    1400
    1351
    1368
    1422
    1333
    1407
    1393
    1404
    1344
    1336
    1427
    1334
    1407
    1444
    1419
    1385
    1315
    1373
    1343
    1315
    1400
    1409
    1351
    1351
    1411
    1325
    1403
    1405
    1393
    1397
    1392
    1361
    1383
    1349
    1374
    1323
    1414
    1418
    1412
    1334
    1370
    1351
    1384
    1357
    1383
    1392
    1447
    1438
    1431
    1372
    1351
    1402
    1370
    1355
    1362
    1380
    1384
    1364
    1320
    1401
    1400
    1390
    1446
    1465
    1385
    1371
    1409
    1411
    1428
    1324
    1411
    1373
    1373
    1325
    1356
    1392
    1429
    1351
    1383
    1431
    1407
    1374
    1393
    1355
    1378
    1383
    1372
    1308
    1329
    1327
    1406
    1308
    1465
    1427
    1404
    1333
    1424
    1374
    1395
    1367
    1364
    1383
    1375
    1335
    1375
    1419
    1375
    1310
    1300
    1413
    1335
    1367
    1361
    1389
    1362
    1401
    1353
    1369
    1378
    1356
    1374
    1340
    1310
    1394
    1351
    1391
    1309
    1315
    1351
    1297
    1342
    1372
    1291
    1320
    1383
    1368
    1356
    1368
    1346
    1305
    1367
    1332
    1366
    1294
    1351
    1314
    1363
    1338
    1359
    1373
    1364
    1374
    1325
    1334
    1380
    1285
    1322
    1367
    1307
    1320
    1384
    1320
    1246
    1325
    1288
    1327
    1368
    1345
    1255
    1357
    1329
    1300
    1307
    1331
    1313
    1389
    1322
    1311
    1307
    1323
    1391
    1339
    1331
    1268
    1275
    1306
    1372
    1243
    1339
    1308
    1309
    1376
    1351
    1304
    1357
    1260
    1328
    1296
    1298
    1166
    1279
    1224
    1357
    1271
    1328
    1355
    1269
    1200
    1321
    1245
    1316
    1206
    1272
    1269
    1265
    1251
    1307
    1266
    1218
    1295
    1295
    1195
    1302
    1266
    1344
    1228
    1204
    1269
    1274
    1270
    1329
    1252
    1310
    1180
    1260
    1268
    1252
    1244
    1245
    1248
    1206
    1272
    1267
    1272
    1150
    1218
    1256
    1250
    1220
    1208
    1271
    1242
    1230
    1260
    1260
    1221
    1233
    1187
    1307
    1246
    1242
    1217
    1218
    1236
    1235
    1206
    1208
    1223
    1214
    1225
    1195
    1183
    1231
    1187
    1225
    1246
    1164
    1252
    1188
    1179
    1209
    1225
    1181
    1231
    1242
    1211
    1216
    1228
    1227
    1224
    1210
    1180
    1238
    1137
    1215
    1180
    1101
    1092
    1211
    1219
    1145
    1223
    1217
    1166
    1173
    1179
    1159
    1143
    1160
    1165
    1166
    1142
    1116
    1078
    1163
    1144
    1144
    1181
    1144
    1131
    1171
    1141
    1098
    1223
    1149
    1127
    1111
    1116
    1138
    1188
    1185
    1146
    1187
    1156
    1105
    1090
    1096
    1129
    1120
    1157
    1107
    1102
    1076
    1120
    1156
    1163
    1126
    1195
    1089
    1077
    1080
    1116
    1128
    1118
    1094
    1174
    1100
    1118
    1071
    1068
    1073
    1026
    1058
    1084
    1046
    1091
    1084
    1086
    1059
    1085
    1098
    1047
    1050
    1088
    1099
    1139
     995
    1119
    1075
    1053
    1053
    1043
    1035
    1086
    1045
    1077
    1096
    1034
    1089
    1013
    1023
    1112
    1016
    1026
    1020
    1050
    1089
    1057
    1043
    1059
    1060
    1085
    1047
    1049
    1015
    1023
    1026
    1020
    1032
    1013
    1012
    1021
     963
    1034
     982
    1034
    1015
     955
     972
     955
    1007
    1002
     996
     983
     971
     956
     971
     959
     952
     925
     945
     982
     941
     990
     942
     979
     951
     961
     971
     977
     951
     985
     955
     944
     952
     900
     916
     955
     952
     902
     948
     961
     968
     936
     964
     932
     934
     923
     895
     908
     867
     996
     928
     909
     894
     946
     907
     898
     876
     912
     931
     844
     926
     881
     920
     884
     929
     865
     824
     881
     859
     907
     867
     879
     875
     855
     929
     866
     835
     824
     915
     814
     870
     873
     871
     832
     859
     789
     868
     860
     837
     825
     824
     849
     841
     815
     827
     810
     801
     826
     846
     815
     830
     853
     815
     821
     810
     804
     804
     858
     844
     803
     780
     771
     805
     772
     808
     821
     816
     841
     735
     818
     831
     753
     791
     802
     782
     761
     763
     803
     726
     770
     758
     750
     715
     782
     733
     753
     761
     770
     779
     777
     763
     740
     726
     721
     737
     747
     779
     751
     713
     721
     784
     702
     716
     791
     715
     670
     693
     728
     716
     763
     688
     697
     678
     763
     759
     723
     701
     736
     680
     710
     671
     677
     695
     711
     687
     730
     659
     651
     685
     686
     674
     712
     664
     650
     673
     661
     631
     633
     679
     670
     684
     645
     637
     635
     613
     692
     694
     657
     640
     694
     617
     604
     645
     594
     658
     623
     650
     612
     629
     590
     642
     614
     641
     630
     624
     580
     582
     587
     631
     623
     580
     571
     581
     582
     596
     587
     623
     591
     595
     584
     549
     611
     578
     558
     566
     572
     529
     576
     604
     617
     553
     582
     578
     586
     499
     587
     573
     584
     533
     556
     535
     591
     590
     575
     548
     525
     504
     535
     527
     564
     537
     555
     557
     519
     533
     558
     533
     522
     514
     542
     544
     516
     488
     551
     478
     511
     505
     523
     531
     526
     468
     486
     523
     491
     533
     500
     464
     530
     506
     506
     543
     475
     510
     443
     498
     500
     446
     488
     482
     480
     437
     455
     460
     498
     457
     451
     447
     449
     474
     450
     433
     461
     472
     436
     419
     458
     456
     426
     443
     434
     436
     442
     435
     462
     397
     431
     428
     398
     417
     435
     420
     379
     396
     403
     412
     398
     410
     441
     420
     388
     389
     404
     382
     420
     408
     381
     441
     374
     383
     398
     408
     375
     369
     369
     392
     378
     335
     383
     367
     351
     357
     395
     366
     375
     393
     369
     335
     350
     373
     401
     350
     336
     371
     359
     371
     355
     361
     349
     368
     333
     335
     335
     315
     349
     336
     334
     361
     353
     368
     311
     320
     301
     318
     310
     339
     314
     307
     299
     353
     333
     310
     331
     335
     309
     287
     298
     329
     292
     318
     305
     339
     294
     295
     358
     299
     307
     292
     279
     265
     291
     295
     307
     280
     282
     291
     295
     283
     275
     272
     276
     302
     278
     263
     296
     286
     288
     286
     260
     237
     260
     260
     250
     273
     252
     249
     254
     256
     251
     245
     254
     266
     278
     221
     270
     275
     234
     247
     212
     260
     243
     241
     222
     228
     209
     265
     248
     256
     237
     213
     222
     206
     201
     225
     218
     201
     221
     228
     229
     216
     220
     227
     206
     201
     227
     207
     227
     223
     229
     210
     219
     214
     230
     220
     208
     181
     190
     209
     210
     205
     213
     177
     191
     201
     209
     187
     188
     188
     209
     187
     197
     178
     163
     185
     199
     165
     180
     188
     198
     192
     197
     153
     183
     188
     176
     178
     171
     168
     162
     186
     181
     168
     169
     164
     181
     162
     157
     173
     168
     167
     158
     176
     172
     142
     167
     151
     187
     155
     161
     145
     153
     136
     170
     160
     155
     167
     149
     167
     136
     145
     145
     128
     145
     142
     169
     157
     156
     127
     134
     167
     144
     141
     141
     125
     134
     121
     120
     149
     144
     134
     114
     123
     144
     126
     117
     131
     131
     111
     120
     115
     124
     127
     129
     129
     115
     116
     115
     130
      92
     112
     123
     138
     110
     129
     116
     109
     130
     104
     115
     100
      98
     124
      96
     118
     127
      94
     105
     124
     101
      95
     103
      86
      98
     119
      99
      96
     122
      92
      97
      84
      95
     102
     106
      98
      88
     105
      95
      87
      83
      92
      94
      92
      82
      82
      87
      84
     117
      85
      99
     109
      94
      84
      84
      90
      87
      80
      88
      78
      71
      66
      80
      86
      79
      68
      71
      83
      67
      93
      84
      84
      92
      82
      60
      67
      74
      60
      82
      81
      66
      72
      88
      89
      67
      76
      78
      86
      77
      70
      60
      78
      77
      52
      67
      54
      67
      60
      68
      48
      53
      69
      82
      57
      59
      57
      63
      59
      59
      56
      48
      64
      72
      65
      42
      61
      59
      59
      49
      57
      47
      60
      42
      46
      47
      54
      70
      54
      54
      58
      54
      36
      51
      56
      49
      53
      64
      56
      61
      39
      60
      56
      60
      46
      51
      44
      54
      45
      57
      39
      46
      56
      41
      37
      41
      53
      38
      44
      50
      41
      38
      38
      35
      44
      32
      41
      45
      57
      39
      36
      55
      40
      32
      34
      37
      41
      42
      35
      37
      38
      32
      41
      41
      45
      36
      37
      38
      38
      31
      29
      36
      36
      43
      33
      34
      32
      30
      31
      33
      39
      44
      43
      33
      39
      32
      25
      56
      19
      35
      39
      26
      24
      35
      33
      27
      31
      36
      33
      23
      35
      23
      30
      19
      36
      20
      30
      33
      25
      31
      33
      30
      23
      25
      26
      31
      34
      26
      27
      22
      24
      29
      22
      22
      30
      24
      24
      29
      27
      23
      19
      33
      28
      18
      24
      21
      20
      14
      21
      20
      25
      17
      22
      21
      17
      22
      21
      33
      21
      25
      22
      22
      15
      20
      20
      14
      26
      14
      18
      20
      17
      20
      17
      22
      20
      10
      14
      16
      17
      17
      14
      18
      21
      15
      22
      14
      26
      15
      18
      14
      17
      19
      17
      22
      19
      20
      22
      13
      19
      13
      14
      11
      15
      23
      19
      15
      17
      16
      18
      15
      10
      11
      16
      11
      21
      14
      14
      17
      15
      10
      13
      13
      19
      10
      13
      14
      11
      12
      19
      14
      14
      10
       7
      12
      11
      11
      13
      15
      17
      14
      13
      20
      14
       7
       8
      18
      13
      14
      21
      12
       8
      18
      12
      14
       7
      10
       4
      10
       9
       9
      14
      13
      15
      10
      13
       9
      10
       8
      17
       8
      10
       9
      15
      15
      10
      11
      11
       9
       5
       8
       5
      10
      11
       7
      11
      12
       7
       5
       9
      10
       9
       9
      13
       6
       8
      10
      10
       6
       9
      13
      11
       8
       7
       9
       7
      10
      11
       4
       9
       7
       6
       6
      18
       8
       4
       8
       7
       7
       8
       6
      12
      12
       4
       6
       6
      12
      14
       6
       8
       3
      12
       9
      10
      12
       8
       9
       3
       5
       7
       8
       6
      14
       9
       5
      11
      10
       2
      14
      12
      11
       9
       4
       9
       6
       7
       3
       5
       4
       7
       6
       7
       6
       5
       6
       8
       6
       7
      12
       8
       7
       8
       9
       7
       9
       3
       5
       4
       6
       6
      10
       7
       4
      10
       5
       6
       3
       6
       6
       7
       5
       7
      12
       6
       6
       9
       3
       7
       5
       5
       4
       6
      10
       2
      10
       3
      12
       5
       5
       7
      10
       6
       4
       6
       4
       2
       8
       7
       7
       5
       7
       2
       7
       6
       3
       5
       4
       5
       7
       3
       6
       4
       5
       3
      11
       5
       5
       4
       5
       4
       5
       5
       4
       1
       4
       3
       2
       5
       6
       5
       5
       3
       5
       5
       4
       7
       3
       6
       6
       2
       3
       9
       6
       7
       5
       1
       7
       7
       3
       5
       2
       6
       7
       1
       4
       5
       4
       7
       3
       2
       3
       3
       6
       5
       4
       4
       7
       6
       5
       0
       9
       8
       6
       1
       7
       6
       5
       5
       3
       1
       3
       5
       2
       2
       4
       6
       3
       6
       3
       5
       1
       5
       3
       2
       6
       6
       2
       4
       1
       3
       6
       3
       2
       4
       3
       2
       3
       7
       3
       1
       6
       1
       2
       7
       5
       5
       1
       6
       7
       1
       3
       4
       2
       5
       5
       1
       1
       3
       5
       8
       1
       1
       2
       3
       3
       6
       5
       3
       4
       4
       4
       1
       6
       3
       2
       7
       3
       4
       2
       5
       1
       3
       3
       6
       4
       6
       5
       4
       3
       5
       7
       2
       5
       4
       7
       3
       5
       1
       5
       6
       2
       6
       5
       2
       2
       3
       7
       5
       6
       2
       3
       7
       5
       3
       4
       2
       3
       2
       2
       4
       4
       5
       5
       5
       3
       6
       2
       3
       2
       2
       4
       4
       7
       3
       5
       3
       4
       5
       4
       0
       4
       1
       3
       5
       5
       3
       4
       3
       3
       5
       4
       2
       3
       3
       2
       3
       1
       6
       5
       3
       4
       3
       4
       2
       2
       4
       3
       7
       1
       4
       2
       4
       0
       5
       5
       4
       7
       2
       2
       7
       0
       5
       2
       5
       4
       4
       7
       5
       7
       5
       6
       4
       3
       4
       2
       2
       2
       9
       6
       2
       3
       3
       4
       6
       1
       3
       5
       0
       1
       2
       2
       3
       4
       1
       2
       3
       4
       2
       0
       5
       3
       3
       2
       3
       6
       2
       3
       1
       2
       2
       2
       3
       4
       4
       2
       3
       5
       2
       6
       3
       2
       2
       6
       5
       6
       4
       7
       1
       2
       6
       2
       3
       6
       5
       4
       2
       3
       3
       3
       3
       3
       5
       1
       5
       1
       4
       3
       5
       2
       4
       2
       9
       2
       3
       2
       2
       3
       3
       3
       3
       2
       5
       0
       2
       4
       2
       3
       4
       3
       0
       1
       1
       4
       3
       4
       3
       3
       2
       3
       1
       3
       0
       4
       7
       3
       3
       3
       6
       5
       5
       3
       1
       3
       5
       4
       4
       2
       1
       4
       9
       2
       4
       5
       1
       2
       1
       3
       3
       4
       2
       2
       3
       3
       3
       4
       5
       2
       3
       4
       3
       4
       5
       6
       2
       3
       0
       4
       3
       2
       2
       5
       0
       3
       2
       1
       5
       4
       1
       4
       6
       4
       8
       2
       6
       1
       2
       5
       6
       4
       3
       4
       2
       1
       3
       2
       3
       3
       1
       2
       3
       4
       2
       3
       5
       5
       4
       8
       2
       3
       5
       6
       6
       1
       2
       3
       2
       4
       4
       4
       8
       4
       4
       3
       2
       6
       4
       3
       3
       5
       5
       4
       4
       0
       1
       2
       2
       3
       1
       2
       2
       4
       5
       3
       7
       3
       2
       2
       2
       1
       5
       2
       0
       2
       5
       6
       5
       3
       2
       1
       4
       2
       3
       2
       4
       4
       5
       6
       2
       3
       2
       3
       1
       3
       3
       2
       5
       7
       5
       3
       3
       7
       3
       4
       3
       7
       7
       3
       4
       3
       4
       1
       2
       3
       3
       2
       1
       3
       1
       3
       1
       3
       1
       4
       5
       5
       3
       4
       2
       0
       9
       2
       4
       2
       1
       1
       2
       3
       2
       2
       4
       2
       3
       1
       4
       2
       0
       3
       1
       1
       2
       2
       3
       3
       5
       3
       4
       4
       2
       2
       3
       1
       3
       6
       3
       2
       2
       0
       3
       2
       2
       3
       1
       4
       2
       2
       3
       0
       0
       1
       4
       3
       2
       4
       6
       1
       1
       1
       4
       0
       2
       2
       3
       3
       0
       0
       3
       0
       1
       1
       1
       2
       1
       5
       4
       6
       1
       2
       4
       2
       0
       2
       2
       2
       0
       3
       1
       2
       1
       6
       6
       1
       1
       5
       1
       1
       2
       1
       0
       2
       0
       4
       2
       0
       4
       2
       2
       3
       3
       1
       1
       0
       2
       1
       1
       2
       2
       3
       1
       0
       1
       0
       3
       2
       2
       2
       1
       0
       3
       1
       3
       2
       2
       0
       2
       3
       1
       2
       2
       0
       1
       3
       2
       2
       5
       5
       2
       1
       2
       2
       2
       0
       0
       4
       0
       2
       2
       1
       4
       4
       0
       1
       1
       5
       1
       2
       1
       2
       0
       3
       0
       1
       0
       2
       2
       1
       2
       1
       1
       3
       0
       3
       3
       1
       3
       1
       2
       0
       3
       2
       1
       3
       2
       0
       2
       3
       1
       0
       2
       1
       2
       2
       3
       5
       1
       3
       1
       3
       1
       0
       2
       1
       2
       3
       2
       1
       2
       4
       1
       2
       3
       4
       5
       1
       3
       2
       0
       1
       4
       5
       3
       1
       4
       0
       4
       1
       2
       3
       1
       4
       0
       5
       1
       2
       1
       0
       3
       3
       0
       0
       3
       0
       2
       1
       0
       2
       1
       2
       1
       4
       2
       0
       6
       5
       5
       3
       3
       4
       1
       0
       2
       0
       1
       3
       0
       4
       5
       3
       2
       1
       2
       1
       1
       1
       2
       0
       2
       2
       2
       2
       1
       3
       4
       3
       0
       1
       1
       2
       2
       0
       4
       1
       2
       1
       2
       1
       3
       1
       0
       0
       3
       2
       4
       0
       0
       1
       2
       3
       2
       3
       3
       1
       1
       2
       3
       1
       3
       4
       4
       2
       4
       1
       0
       2
       2
       2
       1
       4
       0
       3
       0
       3
       2
       2
       0
       3
       1
       1
       0
       2
       2
       1
       1
       1
       3
       1
       0
       2
       1
       0
       2
       3
       0
       2
       1
       1
       0
       1
       2
       3
       2
       2
       1
       2
       0
       1
       2
       1
       2
       2
       1
       3
       2
       3
       2
       0
       2
       3
       1
       3
       3
       3
       2
       1
       0
       1
       0
       2
       2
       0
       1
       3
       1
       0
       1
       1
       1
       2
       1
       3
       0
       3
       2
       4
       1
       0
       2
       3
       1
       2
       2
       0
       2
       0
       4
       0
       1
       0
       4
       1
       3
       3
       2
       2
       0
       4
       2
       1
       1
       3
       1
       1
       1
       2
       2
       2
       2
       1
       1
       0
       1
       2
       0
       3
       2
       0
       0
       3
       0
       1
       1
       4
       1
       2
       1
       1
       3
       0
       2
       1
       1
       0
       3
       2
       2
       0
       0
       1
       3
       3
       2
       2
       0
       2
       1
       1
       2
       2
       1
       1
       1
       2
       2
       1
       3
       2
       1
       1
       2
       1
       3
       2
       2
       3
       1
       1
       2
       1
       2
       1
       0
       0
       0
       2
       1
       0
       4
       2
       0
       0
       0
       1
       3
       2
       1
       2
       3
       2
       1
       1
       0
       1
       1
       4
       0
       2
       0
       1
       1
       1
       3
       1
       2
       0
       0
       2
       1
       0
       3
       1
       4
       1
       1
       1
       2
       2
       1
       1
       1
       0
       0
       2
       0
       2
       3
       0
       0
       1
       0
       0
       0
       0
       2
       1
       1
       1
       2
       1
       0
       1
       2
       0
       1
       1
       0
       0
       3
       1
       4
       1
       0
       0
       1
       0
       0
       2
       0
       0
       2
       2
       1
       0
       4
       2
       2
       3
       0
       1
       1
       2
       2
       2
       4
       1
       3
       1
       1
       1
       3
       2
       0
       2
       0
       1
       2
       0
       0
       2
       2
       2
       1
       0
       2
       2
       2
       0
       2
       2
       0
       1
       1
       0
       1
       1
       0
       2
       0
       0
       1
       3
       0
       2
       1
       1
       2
       1
       0
       4
       0
       1
       3
       1
       0
       0
       0
       2
       1
       2
       0
       1
       3
       0
       1
       3
       1
       1
       1
       1
       2
       1
       1
       2
       0
       1
       1
       4
       0
       0
       3
       2
       2
       0
       1
       1
       1
       2
       1
       0
       2
       1
       0
       1
       0
       1
       1
       1
       1
       1
       1
       0
       1
       0
       2
       1
       0
       3
       1
       2
       1
       1
       1
       2
       2
       1
       1
       0
       1
       0
       2
       1
       0
       3
       2
       1
       2
       3
       1
       1
       1
       1
       0
       2
       2
       0
       2
       2
       0
       3
       2
       1
       0
       1
       1
       0
       1
       0
       1
       1
       0
       2
       0
       2
       1
       2
       2
       2
       0
       1
       0
       0
       1
       1
       0
       1
       0
       1
       0
       1
       3
       0
       0
       0
       1
       0
       0
       0
       1
       2
       0
       1
       3
       1
       2
       0
       0
       0
       1
       4
       1
       0
       1
       2
       0
       2
       2
       0
       1
       1
       1
       0
       0
       2
       1
       0
       0
       1
       0
       0
       1
       0
       0
       1
       0
       2
       3
       2
       1
       1
       1
       1
       2
       0
       1
       1
       3
       0
       1
       0
       1
       0
       1
       1
       0
       0
       1
       0
       1
       2
       0
       0
       3
       1
       1
       1
       1
       2
       1
       0
       2
       2
       1
       1
       0
       2
       0
       1
       0
       0
       1
       1
       1
       0
       0
       0
       0
       0
       3
       0
       1
       0
       0
       2
       3
       3
       0
       1
       1
       1
       1
       0
       1
       0
       1
       1
       0
       0
       0
       2
       0
       1
       0
       1
       2
       2
       1
       2
       1
       2
       1
       2
       1
       0
       2
       1
       1
       0
       0
       0
       0
       1
       0
       0
       0
       0
       2
       1
       1
       3
       0
       0
       0
       0
       1
       1
       1
       2
       1
       0
       1
       1
       0
       0
       0
       0
       2
       1
       2
       0
       0
       1
       0
       0
       1
       0
       0
       0
       0
       0
       1
       0
       2
       0
       1
       1
       2
       1
       0
       0
       1
       3
       0
       2
       0
       1
       0
       2
       1
       0
       1
       0
       1
       0
       0
       3
       1
       0
       3
       3
       2
       0
       0
       0
       3
       0
       0
       1
       0
       1
       0
       0
       2
       1
       0
       1
       1
       1
       2
       2
       2
       0
       1
       1
       0
       0
       0
       0
       2
       0
       0
       1
       0
       0
       0
       2
       0
       1
       0
       0
       0
       1
       1
       0
       0
       0
       1
       0
       1
       1
       1
       0
       0
       0
       2
       0
       1
       1
       0
       2
       0
       0
       0
       0
       1
       0
       0
       0
       1
       0
       1
       0
       0
       0
       0
       0
       0
       1
       2
       3
       1
       0
       2
       3
       1
       0
       0
       0
       1
       0
       2
       0
       1
       0
       1
       0
       1
       0
       2
       0
       1
       2
       0
       1
       0
       0
       0
       1
       0
       0
       4
       0
       0
       0
       1
       0
       0
       2
       0
       2
       1
       0
       1
       1
       0
       1
       0
       1
       0
       0
       0
       1
       0
       2
       1
       0
       1
       0
       0
       0
       0
       2
       0
       0
       0
       1
       0
       0
       0
       1
       1
       0
       0
       0
       0
       3
       0
       0
       0
       0
       0
       0
       0
       0
       1
       0
       2
       0
       1
       0
       1
       1
       0
       0
       0
       0
       0
       1
       0
       0
       0
       1
       1
       1
       0
       0
       0
       0
       0
       1
       1
       0
       1
       3
       0
       0
       0
       1
       0
       1
       0
       1
       1
       0
       0
       0
       0
       0
       1
       0
       2
       0
       0
       0
       1
       0
       0
       0
       0
       0
       0
       0
       0
       2
       0
       2
       0
       2
       0
       1
       0
       0
       1
       0
       0
       0
       1
       3
       0
       0
       0
       0
       0
       0
       0
       0
       1
       0
       1
       0
       0
       0
       0
       0
       1
       0
       0
       0
       1
       0
       1
       0
       0
       2
       0
       1
       3
       0
       1
       0
       0
       0
       0
       0
       1
       0
       0
       0
       1
       1
       0
       0
       2
       0
       0
       1
       0
       1
       1
       0
       0
       0
       0
       0
       1
       1
       1
       1
       0
       1
       0
       0
       0
       0
       0
       0
       0
       0
       0
       0
       0
       0
       1
       0
       1
       0
       1
       0
       0
       0
       0
       0
       0
       0
       0
       0
       0
       1
       0
       0
       0
       0
       0
       0
       0
       0
       0
       0
       0
       0
       0
       3
       0
       0
       0
       0
       1
       0
       0
       0
       0
       0
       0
       0
       0
       0
       0
       0
       0
       1
       0
       0
       0
       0
       0
       0
       0
       1
       0
       0
       0
       0
       0
       0
       0
       0
       0
       1
       1
       0
       0
       0
       0
       1
       0
       2
       0
       0
       2
       1
       1
       0
       1
       0
       0
       0
       1
       0
       0
       0
       0
       0
       1
       0
       0
       1
       0
       0
       0
       0
       0
       0
       0
       0
       1
       1
       1
       0
       0
       0
       0
       0
       0
       1
       0
       1
       0
       0
       0
       0
       0
       0
       1
       0
       0
       0
       0
       0
       0
       0
       1
       0
       0
       1
       0
       1
       0
       0
       0
       0
       0
       0
       0
       0
       0
       0
       0
       0
       1
       0
       0
       0
       0
       0
       0
       0
       0
       0
       1
       0
       0
       0
       0
       0
       1
       0
       0
       0
       0
       0
       0
       0
       0
       0
       0
       0
       0
       0
       0
       0
       0
       0
       0
       0
       0
       0
       0
       0
       0
       0
       0
       0
       0
       1
       0
       1
       0
       0
       0
       0
       0
       0
       0
       0
       1
       0
       0
       0
       0
       0
       2
       0
       0
       0
       0
       0
       0
       0
       1
       1
       0
       0
       0
       2
       0
       0
       0
       0
       0
       2
       0
       0
       0
       0
       2
       0
       1
       1
       0
       0
       0
       0
       0
       0
       0
       0
       0
       0
       0
       0
       0
       1
       0
       0
       1
       0
       0
       0
       0
       0
       2
       0
       0
       1
       0
       0
       0
       0
       0
       0
       0
       0
       0
       0
       0
       0
       1
       0
       0
       0
       0
       1
       1
       0
       0
       0
       0
       0
       0
       0
       0
       0
       0
       0
       1
       1
       0
       0
       0
       0
       0
       0
       0
       0
       0
       0
       0
       0
       0
       0
       0
       0
       0
       0
       0
       0
       0
       0
       0
       0
       0
       0
       1
       0
       0
       0
       0
       0
       0
       0
       1
       0
       0
       0
       0
       0
       0
       0
       0
       0
       0
       0
       0
       0
       0
       0
       0
       0
       0
       0
       0
       0
       1
       0
       0
       0
       0
       0
       0
       0
       0
       0
       0
       0
       0
       1
       1
       0
       1
       0
       0
       0
       0
       1
       0
       0
       0
       0
       0
       0
       0
       0
       1
       0
       0
       1
       0
       0
       0
       0
       0
       0
       0
       0
       0
       0
       0
       0
       0
       0
       0
       0
       0
       0
       0
       0
       0
       0
       0
       0
       0
       0
       0
       0
       0
       0
       0
       0
       1
       0
       0
       0
       0
       0
       0
       0
       0
       0
       0
       0
       1
       0
       0
       0
       2
       0
       0
       0
       0
       0
       0
       0
       0
       0
       0
       0
       0
       0
       0
       0
       0
       1
       0
       0
       0
       0
       0
       0
       0
       0
       0
       0
       1
       0
       0
       1
       0
       0
       1
       0
       0
       0
       0
       0
       0
       0
       0
       0
       0
       0
       0
       0
       0
       0
       0
       0
       0
       1
       0
       0
       0
       0
       0
       0
       0
       1
       0
       0
       0
       0
       0
       0
       1
       0
       0
       0
       0
       0
       0
       0
       0
       0
       0
       0
       0
       0
       0
       0
       0
       0
       0
       0
       0
       0
       0
       0
       0
       0
       0
       0
       0
       0
       0
       0
       0
       0
       0
       0
       0
       0
       0
       0
       0
       0
       0
       0
       0
       0
       0
       0
       0
       1
       0
       0
       0
       0
       0
       0
       0
       0
       0
       0
       0
       0
       0
       0
       0
       0
       0
       0
       0
       0
       1
       0
       1
       0
       0
       0
       0
       0
       1
       0
       0
       0
       0
       0
       0
       0
       0
       0
       0
       0
       0
       0
       0
       0
       0
       0
       0
       0
       0
       0
       0
       0
       0
       0
       0
       1
       0
       0
       0
       0
       0
       0
       0
       0
       0
       0
       0
       0
       0
       0
       0
       0
       0
       0
       0
       0
       0
       1
       0
       0
       0
       0
       0
       0
       0
       0
       0
       0
       0
       0
       0
       1
       0
       0
       0
       0
       0
       0
       0
       0
       0
       1
       0
       0
       0
       0
       0
       0
       0
       0
       0
       0
       0
       0
       0
       0
       0
       0
       0
       0
       0
       0
       0
       0
       0
       0
       0
       0
       0
       0
       0
       0
       0
       0
       0
       0
       0
       0
       0
       0
       0
       0
       0
       0
       0
       0
       0
       0
       0
       0
       0
       0
       0
       0
       0
       0
       0
       0
       0
       0
       0
       0
       0
       0
       0
       0
       0
       0
       0
       0
       0
       0
       0
       0
       0
       0
       0
       0
       0
       0
       0
       0
       0
       0
       0
       0
       0
       0
       0
       0
       0
       0
       0
       0
       0
       0
       0
       0
       0
       0
       0
       0
       0
       0
       0
       0
       0
       0
       0
       0
       0
       0
       0
       0
       0
       0
       0
       0
       0
       0
       0
       0
       0
       0
       0
       0
       0
       0
       0
       1
       0
       0
       0
       0
       0
       0
       0
       0
       0
       0
       0
       0
       0
       0
       0
       0
       0
       0
       0
       0
       0
       0
       0
       0
       1
       0
       0
       0
       0
       0
       0
       0
       0
       0
       0
       0
       0
       0
       0
       0
       0
       0
       0
       0
       0
       0
       0
       0
       0
       0
       0
       0
       0
       0
       0
       0
       0
       0
       0
       0
       0
       0
       0
       0
       0
       0
       0
       0
       0
       0
       0
       0
       0
       0
       0
       0
       0
       0
       0
       0
       0
       0
       0
       0
       0
       0
       0
       0
       0
       0
       0
       0
       0
       0
       0
       0
       0
       0
       1
       0
       0
       0
       0
       0
       0
       0
       0
       0
       0
       0
       0
       0
       0
       0
       0
       0
       0
       0
       0
       0
       0
       0
       0
       0
       0
       0
       0
       0
       0
       0
       0
       0
       0
       0
       0
       0
       0
       0
       0
       0
       0
       0
       0
       0
       0
       0
       0
       0
       0
       0
       0
       0
       0
       0
       0
       0
       0
       0
       0
       0
       0
       0
       0
       0
       0
       0
       0
       0
       0
       0
       0
       0
       0
       0
       0
       0
       0
       0
       0
       0
       0
       0
       0
       0
       0
       0
       0
       0
       0
       0
       0
       0
       0
       0
       0
       0
       0
       0
       0
       0
       0
       0
       0
       0
       0
       0
       0
       0
       0
       0
       0
       0
       0
       0
       0
       0
       0
       0
       0
       0
       0
       0
       0
       0
       0
       0
       0
       0
       0
       0
       0
       0
       0
       0
       0
       0
       0
       0
       0
       0
       0
       0
       0
       0
       0
       0
       0
       0
       0
       0
       0
       0
       0
       0
       0
       0
       0
       0
       0
       0
       0
       0
       0
       0
       0
       0
       0
       0
       0
       0
       0
       0
       0
       0
       0
       0
       0
       0
       0
       0
       0
       0
       0
       0
       0
       0
       0
       0
       0
       0
       0
       0
       0
       0
       0
       0
       0
       0
       0
       0
       0
       0
       0
       0
       0
       0
       0
       0
       0
       0
       0
       0
       0
       0
       0
       0
       0
       0
       0
       0
       0
       0
       0
       0
       0
       1
       0
       0
       0
       0
       0
       0
       0
       0
       0
       0
       0
       0
       0
       0
       0
       0
       0
       0
       0
       0
       0
       0
       0
       0
       0
       0
       0
       0
       0
       0
       0
       0
       0
       0
       0
       0
       0
       0
       0
       0
       0
       0
       0
       0
       0
       0
       0
       0
       0
       0
       0
       0
       0
       0
       0
       0
       0
       0
       0
       0
       0
       0
       0
       0
       0
       0
       0
       0
       0
       0
       0
       0
       0
       0
       0
       0
       0
       0
       0
       0
       0
       0
       0
       0
       0
       0
       0
       0
       0
       0
       0
       0
       0
       0
       0
       0
       0
       0
       0
       0
       0
       0
       0
       0
       0
       0
       0
       0
       0
       0
       0
       0
       0
       0
       0
       0
       0
       0
       0
       0
       0
       0
       0
       0
       0
       0
       0
       0
       0
       0
       0
       0
       0
       0
       0
       0
       0
       0
       0
       0
       0
       0
       0
       0
       0
       0
       0
       0
       0
       0
       0
       0
       0
       0
       0
       0
       0
       0
       0
       0
       0
       0
       0
       0
       0
       0
       0
       0
       0
       0
       0
       0
       0
       0
       0
       0
       0
       0
       0
       0
       0
       0
       0
       0
       0
       0
       0
       0
       0
       0
       0
       0
       0
       0
       0
       0
       1
       0
       0
       0
       0
       0
       0
       0
       0
       0
       0
       0
       0
       0
       0
       0
       0
       0
       0
       0
       0
       0
       0
       0
       0
       0
       0
       0
       0
       0
       0
       0
       0
       0
       0
       0
       0
       0
       0
       0
       0
       0
       0
       0
       0
       0
       0
       0
       0
       0
       0
       0
       1
       0
       0
       0
       0
       0
       0
       0
       0
       0
       0
       0
       0
       0
       0
       0
       0
       0
       0
       0
       0
       0
       0
       0
       0
       0
       0
       0
       0
       0
       0
       0
       0
       0
       0
       0
       0
       0
       0
       0
       0
       0
       0
       0
       0
       0
       0
       0
       0
       0
       0
       0
       0
       0
       0
       0
       0
       0
       0
       0
       0
       0
       0
       0
       0
       0
       0
       0
       0
       0
       0
       0
       0
       0
       0
       0
       0
       0
       0
       0
       0
       0
       0
       0
       0
       0
       0
       0
       0
       0
       0
       0
       0
       0
       0
       0
       0
       0
       0
       0
       0
       0
       0
       0
       0
       0
       0
       0
       0
       0
       0
       0
       0
       0
       0
       0
       0
       0
       0
       0
       0
       0
       0
       0
       0
       0
       0
       0
       0
       0
       0
       0
       0
       0
       0
       0
       0
       0
       0
       0
       0
       0
       0
       0
       0
       0
       0
       0
       0
       0
       0
       0
       0
       0
       0
       0
       0
       0
       0
       0
       0
       0
       0
       0
       0
       0
       0
       0
       0
       0
       0
       0
       0
       0
       0
       0
       0
       0
       0
       0
       0
       0
       0
       0
       0
       0
       0
       0
       0
       0
       0
       0
       0
       0
       0
       0
       0
       0
       0
       0
       0
       0
       0
       0
       0
       0
       0
       0
       0
       0
       0
       0
       0
       0
       0
       0
       0
       0
       0
       0
       0
       0
       0
       0
       0
       0
       0
       0
       0
       0
       0
       0
       0
       0
       0
       0
       0
       0
       0
       0
       0
       0
       0
       0
       0
       0
       0
       0
       0
       0
       0
       0
       0
       0
       0
       0
       0
       0
       0
       0
       0
       0
       0
       0
       0
       0
       0
       0
       0
       0
       0
       0
       0
       0
       0
       0
       0
       0
       0
       0
       0
       0
       0
       0
       0
       0
       0
       0
       0
       0
       0
       0
       0
       0
       0
       0
       0
       0
       0
       0
       0
       0
       0
       0
       0
       0
       0
       0
       0
       0
       0
       0
       0
       0
       0
       0
       0
       0
       0
       0
       0
       0
       0
       0
       0
       0
       0
       0
       0
       0
       0
       0
       0
       0
       0
       0
       0
       0
       0
       0
       0
       0
       0
       0
       0
       0
       0
       0
       0
       0
       0
       0
       0
       0
       0
       0
       0
       0
       0
       0
       0
       0
       0
       0
       0
       0
       0
       0
       0
       0
       0
       0
       0
       0
       0
       0
       0
       0
       0
       0
       0
       0
       0
       0
       0
       0
       0
       0
       0
       0
       0
       0
       0
       0
       0
       0
       0
       0
       0
       0
       0
       0
       0
       0
       0
       0
       0
       0
       0
       0
       0
       0
       0
       0
       0
       0
       0
       0
       0
       0
       0
       0
       0
       0
       0
       0
       0
       0
       0
       0
       0
       0
       0
       0
       0
       0
       0
       0
       0
       0
       0
       0
       0
       0
       0
       0
       0
       0
       0
       0
       0
       0
       0
       0
       0
       0
       0
       0
       0
       0
       0
       0
       0
       0
       0
       0
       0
       0
       0
       0
       0
       0
       0
       0
       0
       0
       0
       0
       0
       0
       0
       0
       0
       0
       0
       0
       0
       0
       0
       0
       0
       0
       0
       0
       0
       0
       0
       0
       0
       0
       0
       0
       0
       0
       0
       0
       0
       0
       0
       0
       0
       0
       0
       0
       0
       0
       0
       0
       0
       0
       0
       0
       0
       0
       0
       0
       0
       0
       0
       0
       0
       0
       0
       0
       0
       0
       0
       0
       0
       0
       0
       0
       0
       0
       0
       0
       0
       0
       0
       0
       0
       0
       0
       0
       0
       0
       0
       0
       0
       0
       0
       0
       0
       0
       0
       0
       0
       0
       0
       0
       0
       0
       0
       0
       0
       0
       0
       0
       0
       0
       0
       0
       0
       0
       0
       0
       0
       0
       0
       0
       0
       0
       0
       0
       0
       0
       0
       0
       0
       0
       0
       0
       0
       0
       0
       0
       0
       0
       0
       0
       0
       0
       0
       0
       0
       0
       0
       0
       0
       0
       0
       0
       0
       0
       0
       0
       0
       0
       0
       0
       0
       0
       0
       0
       0
       0
       0
       0
       0
       0
       0
       0
       0
       0
       0
       0
       0
       0
       0
       0
       0
       0
       0
       0
       0
       0
       0
       0
       0
       0
       0
       0
       0
       0
       0
       0
       0
       0
       0
       0
       0
       0
       0
       0
       0
       0
       0
       0
       0
       0
       0
       0
       0
       0
       0
       0
       0
       0
       0
       0
       0
       0
       0
       0
       0
       0
       0
       0
       0
       0
       0
       0
       0
       0
       0
       0
       0
       0
       0
       0
       0
       0
       0
       0
       0
       0
       0
       0
       0
       0
       0
       0
       0
       0
       0
       0
       0
       0
       0
       0
       0
       0
       0
       0
       0
       0
       0
       0
       0
       0
       0
       0
       0
       0
       0
       0
       0
       0
       0
       0
       0
       0
       0
       0
       0
       0
       0
       0
       0
       0
       0
       0
       0
       0
       0
       0
       0
       0
       0
       0
       0
       0
       0
       0
       0
       0
       0
       0
       0
       0
       0
       0
       0
       0
       0
       0
       0
       0
       0
       0
       0
       0
       0
       0
       0
       0
       0
       0
       0
       0
       0
       0
       0
       0
       0
       0
       0
       0
       0
       0
       0
       0
       0
       0
       0
       0
       0
       0
       0
       0
       0
       0
       0
       0
       0
       0
       0
       0
       0
       0
       0
       0
       0
       0
       0
       0
       0
       0
       0
       0
       0
       0
       0
       0
       0
       0
       0
       0
       0
       0
       0
       0
       0
       0
       0
       0
       0
       0
       0
       0
       0
       0
       0
       0
       0
       0
       0
       0
       0
       0
       0
       0
       0
       0
       0
       0
       0
       0
       0
       0
       0
       0
       0
       0
       0
       0
       0
       0
       0
       0
       0
       0
       0
       0
       0
       0
       0
       0
       0
       0
       0
       0
       0
       0
       0
       0
       0
       0
       0
       0
       0
       0
       0
       0
       0
       0
       0
       0
       0
       0
       0
       0
       0
       0
       0
       0
       0
       0
       0
       0
       0
       0
       0
       0
       0
       0
       0
       0
       0
       0
       0
       0
       0
       0
       0
       0
       0
$ROI:
3
6725 6813
6948 7045
7244 7256
$PRESETS:
None
0
0
$ENER_FIT:
-0.000074 0.728814
$MCA_CAL:
3
-7.366740E-005 7.288145E-001 -2.624510E-006 keV
$SHAPE_CAL:
3
0.000000E+000 0.000000E+000 0.000000E+000
