$SPEC_ID:
No sample description was entered.
$SPEC_REM:
DET# 1
DETDESC# PPF18-07 Easy-MCA-8k SN 14274550
AP# Maestro Version 7.01
$DATE_MEA:
11/23/2022 11:11:43
$MEAS_TIM:
4360 7373
$DATA:
0 8191
       0
       0
       0
       0
       0
       0
       0
       0
       0
       0
       0
       0
       0
       0
       0
       0
       0
       0
       0
       0
       0
       0
       0
       0
       2
    3786
  273257
 5025061
  304679
   32768
   42158
   58365
   78905
   99656
  110082
  105135
   86165
   64887
   48893
   38941
   31407
   26265
   21670
   17339
   13839
   10900
    8257
    6386
    4705
    3750
    2925
    2300
    1794
    1470
    1240
    1147
    1009
     978
     956
     839
     859
     835
     773
     698
     672
     605
     580
     507
     483
     426
     387
     306
     293
     226
     217
     182
     151
     150
     117
      93
      88
      79
      92
      86
      74
      78
      69
      61
      58
      75
      76
      61
      54
      48
      65
      62
      54
      51
      51
      39
      51
      41
      40
      38
      31
      31
      30
      28
      27
      30
      28
      28
      21
      21
      28
      22
      18
      24
      23
      30
      16
      25
      26
      20
      27
      16
      25
      20
      24
      26
      17
      17
      20
      20
      22
      21
      17
      18
      23
      21
      16
      19
      17
      21
      22
      14
      14
      14
      19
      27
      22
      15
      22
      25
      23
      18
      21
      22
      19
      14
      24
      19
      16
      21
      14
      16
      20
      13
      22
      17
      24
      16
      16
      24
      21
      15
      22
      28
      17
      13
      20
      19
      15
      18
      17
      20
      16
      12
      16
      17
      18
      14
      12
      16
      20
      21
      18
      10
      19
      15
      17
      18
      16
      17
      16
      21
      16
      23
      22
      16
      13
      23
      21
      17
      20
      19
      16
       9
      20
      17
      13
      12
      18
      17
      17
      18
      15
      11
      19
      17
      19
      18
      16
      18
      19
      20
      16
      12
      18
      16
      14
      15
      16
      18
      22
      13
      13
      13
      12
      14
      15
      16
      19
      20
      17
      18
      16
      13
      17
      12
      18
      27
      14
      14
      15
       9
      21
      12
      21
      15
      16
      17
      18
      12
      12
      18
      25
      13
      12
      18
      12
      22
      13
      15
      15
      19
      20
      16
      21
      17
      18
      15
      14
      13
      15
      12
      21
      17
      21
      19
      16
      16
      16
      18
      21
      15
      17
      14
      11
      13
      20
      18
      18
      16
      19
      12
      11
      25
       8
      22
      16
      19
      21
      19
      19
      22
      18
      15
      17
      13
      19
      17
      16
      14
      19
      10
      11
      22
      20
      11
      18
       8
      18
      18
      14
      15
      13
      13
      17
      19
      12
      19
      16
      15
      12
      15
      16
      20
      20
      17
      22
      10
      15
      16
      14
       8
      13
      14
      10
      22
      17
      18
      13
      18
      15
      16
      20
      19
      22
      13
      15
      18
      16
      19
      11
      15
      21
      17
      15
      21
      21
      11
      23
      18
      21
      20
      26
      19
      15
      19
      11
      11
       8
      21
      18
      15
      22
      15
      15
      20
      24
      14
      18
      23
      20
      16
      18
      12
      13
      12
      22
      15
      17
      11
      20
      16
      23
      11
      23
      20
      26
      17
      18
      21
      18
      14
      10
      15
      27
      18
      16
      14
      16
       9
      18
      25
      17
      11
      17
      13
      20
      13
      22
      17
      21
      14
      18
      19
      19
      14
      15
      22
      17
      12
      16
      13
      14
      14
      10
      22
      20
      21
      16
      19
      13
      19
      18
      17
      13
      13
      16
      20
      25
      19
      16
      16
      14
      16
      21
      12
      19
      20
      19
      18
      22
      14
      21
      15
      20
      19
      17
      21
      11
      20
      22
      15
      19
      17
      18
      13
      16
      14
      17
      17
      14
      12
      10
      26
      31
      12
      18
      18
      19
      15
      16
      12
      19
      19
      20
      10
      25
      23
      19
      19
      17
      20
      15
      20
      20
      22
      20
      21
      16
      22
      19
      21
      21
      19
      15
      16
      11
      15
      26
      15
      21
      13
      29
       9
      13
      23
      17
      21
      18
      24
      19
      22
      24
      24
      19
      23
      25
      19
      15
      22
      19
      15
      18
      18
      16
      12
      17
      25
      16
      20
      22
      21
      15
      22
      17
      22
      18
      19
      19
      21
      14
      31
      14
      21
      20
      16
      24
      22
      26
      29
      14
       8
      27
      22
      18
      22
      16
      20
      27
      23
      13
      22
      18
      16
      20
      14
      25
      20
      17
      30
      19
      17
      17
      19
      20
      13
      16
      22
      20
      18
      12
      17
      18
      24
      24
      21
      23
      30
      10
      14
      21
      24
      15
      15
      24
      15
      18
      25
      29
      21
      24
      27
      19
      24
      18
      12
      16
      19
      22
      25
      19
      15
      22
      20
      30
      26
      26
      18
      23
      28
      21
      24
      30
      18
      18
      28
      30
      22
      25
      25
      10
      18
      22
      26
      18
      22
      18
      15
      20
      25
      22
      24
      17
      19
      18
      21
      19
      18
      31
      22
      21
      24
      23
      29
      27
      26
      26
      18
      27
      17
      23
      33
      20
      13
      27
      21
      19
      24
      28
      24
      29
      27
      32
      21
      11
      25
      37
      25
      22
      18
      21
      27
      29
      23
      27
      20
      27
      25
      28
      26
      30
      28
      31
      22
      27
      24
      29
      24
      38
      22
      30
      24
      22
      22
      25
      22
      21
      18
      21
      23
      27
      26
      30
      32
      19
      25
      29
      23
      36
      27
      23
      20
      30
      34
      28
      25
      31
      29
      28
      22
      29
      33
      26
      24
      26
      33
      29
      25
      22
      22
      29
      24
      28
      27
      21
      27
      25
      26
      29
      23
      31
      17
      24
      28
      31
      27
      22
      25
      35
      22
      26
      25
      25
      26
      26
      23
      26
      22
      22
      22
      25
      30
      22
      26
      28
      27
      17
      24
      20
      26
      31
      33
      30
      29
      26
      25
      23
      27
      42
      31
      27
      19
      28
      29
      20
      27
      25
      19
      36
      19
      37
      24
      27
      27
      23
      23
      35
      31
      29
      32
      35
      27
      23
      29
      19
      27
      25
      28
      29
      33
      24
      37
      30
      32
      25
      34
      35
      25
      37
      46
      29
      30
      30
      33
      30
      34
      33
      32
      24
      36
      28
      36
      30
      35
      33
      17
      26
      33
      26
      32
      39
      37
      36
      33
      33
      37
      26
      29
      26
      37
      35
      35
      28
      34
      29
      36
      47
      27
      33
      38
      40
      31
      46
      34
      32
      37
      36
      38
      28
      34
      34
      26
      40
      40
      35
      34
      30
      42
      33
      30
      45
      34
      39
      26
      29
      43
      22
      24
      32
      47
      33
      34
      32
      26
      36
      40
      36
      29
      43
      28
      28
      34
      40
      26
      35
      37
      32
      41
      34
      29
      34
      42
      51
      30
      25
      37
      27
      40
      34
      40
      39
      29
      34
      35
      37
      39
      36
      47
      32
      27
      48
      50
      32
      33
      35
      31
      38
      37
      37
      50
      36
      38
      40
      40
      41
      43
      38
      40
      50
      25
      40
      31
      25
      31
      45
      46
      42
      38
      42
      36
      46
      33
      37
      43
      39
      30
      31
      38
      44
      41
      48
      42
      35
      37
      57
      44
      30
      37
      38
      39
      46
      42
      53
      33
      43
      24
      46
      45
      45
      41
      40
      55
      47
      37
      41
      40
      35
      44
      42
      50
      43
      38
      40
      50
      52
      49
      43
      48
      47
      42
      35
      40
      44
      39
      46
      42
      49
      33
      51
      42
      41
      40
      35
      49
      46
      51
      33
      47
      57
      53
      42
      58
      41
      60
      49
      61
      50
      53
      50
      48
      44
      48
      36
      37
      42
      42
      39
      53
      48
      44
      51
      40
      49
      42
      40
      49
      56
      44
      61
      48
      46
      48
      48
      51
      58
      54
      45
      54
      41
      45
      46
      42
      50
      50
      57
      53
      56
      53
      42
      49
      54
      49
      47
      55
      48
      49
      53
      49
      47
      48
      48
      55
      46
      43
      65
      51
      56
      47
      57
      58
      58
      42
      52
      40
      52
      50
      46
      47
      50
      44
      48
      55
      45
      66
      48
      49
      41
      65
      46
      57
      51
      59
      52
      62
      55
      58
      64
      64
      51
      52
      52
      51
      55
      61
      53
      67
      72
      70
      58
      67
      71
      59
      47
      44
      51
      58
      53
      61
      71
      54
      59
      60
      53
      72
      46
      62
      59
      47
      56
      53
      68
      60
      61
      59
      70
      61
      76
      67
      58
      63
      77
      63
      62
      47
      58
      58
      64
      64
      64
      64
      67
      53
      68
      76
      72
      53
      63
      64
      74
      69
      73
      64
      58
      63
      65
      64
      59
      72
      63
      70
      56
      63
      85
      72
      72
      63
      72
      63
      62
      57
      74
      62
      85
      63
      60
      70
      68
      71
      70
      86
      67
      63
      75
      64
      76
      75
      65
      83
      65
      65
      88
      69
      58
      86
      79
      58
      68
      58
      76
      77
      75
      67
      67
      75
      69
      83
      63
      61
      66
      75
      71
      66
      90
      77
      73
      78
     101
      78
      67
      61
      85
      72
      67
      82
      86
      79
      89
      73
      77
      83
      68
      71
      83
      68
      60
      71
      77
      72
      84
      69
      73
      95
      83
      70
      78
      66
      70
      72
      79
      88
      90
      84
      83
     105
      94
      82
      87
      87
      87
      75
      82
      85
      81
      77
     105
      72
      94
      90
      73
      84
      78
      84
      82
      76
      78
     104
      86
      96
      90
      79
     100
      87
     101
      80
      78
      96
      78
      94
      98
      72
      86
      74
      79
      88
      81
      89
      94
      98
      84
      87
      90
      90
      80
      90
     107
      83
      96
      91
      90
      90
     105
      94
      96
      91
     117
      78
     104
      87
      82
      92
     107
      79
      98
     108
      83
     100
     116
      96
      99
     100
      94
     108
     108
     130
     103
      82
      70
      98
     110
     106
     103
     113
      96
      96
     110
     103
     101
     119
     103
     100
      86
      99
     100
     102
     106
     121
      94
      88
     113
     100
     118
     103
     108
     109
      87
     120
     110
     108
     112
     120
     107
      98
     101
     108
     114
     114
      99
      91
      96
     120
     109
      90
     130
     111
      98
      98
     124
     122
     107
     121
     120
     122
     118
     129
     110
     117
     101
     136
      94
     118
     110
     118
     101
     113
     112
     101
     107
     129
     125
     120
     116
     119
     121
     121
     118
     112
     106
     104
     100
     106
     109
     115
     115
     122
     111
     128
     146
     129
     131
     118
     131
     122
     127
     121
     119
     132
     116
     105
     109
     116
     125
     123
     151
     126
     128
     128
     142
     128
     138
     139
     140
     136
     120
     122
     122
     137
     130
     125
     149
     143
     142
     146
     133
     129
     154
     137
     134
     116
     139
     158
     121
     141
     149
     143
     129
     111
     149
     136
     149
     144
     140
     134
     155
     149
     148
     127
     155
     139
     131
     135
     160
     147
     140
     142
     134
     152
     171
     138
     145
     140
     127
     148
     137
     143
     172
     152
     140
     143
     142
     150
     150
     158
     154
     156
     157
     168
     155
     185
     166
     144
     157
     165
     156
     172
     137
     153
     162
     167
     161
     160
     174
     166
     160
     178
     143
     162
     138
     158
     175
     176
     178
     179
     145
     188
     150
     177
     174
     163
     152
     148
     158
     161
     151
     167
     160
     189
     181
     167
     170
     168
     161
     160
     169
     151
     156
     182
     164
     196
     192
     183
     191
     161
     167
     197
     181
     174
     185
     186
     198
     165
     161
     181
     185
     183
     179
     186
     175
     175
     173
     171
     193
     170
     159
     195
     193
     183
     188
     181
     188
     170
     170
     171
     189
     181
     168
     182
     159
     176
     203
     206
     187
     199
     171
     205
     192
     175
     171
     203
     181
     155
     208
     187
     194
     196
     201
     231
     193
     189
     202
     202
     210
     234
     193
     222
     197
     217
     215
     212
     218
     198
     207
     214
     213
     218
     205
     223
     196
     211
     184
     209
     215
     224
     188
     224
     210
     219
     206
     184
     215
     198
     229
     238
     229
     244
     235
     216
     206
     239
     196
     244
     196
     228
     229
     252
     221
     211
     250
     235
     241
     231
     218
     230
     223
     206
     266
     227
     233
     249
     227
     254
     217
     242
     220
     234
     245
     253
     227
     243
     233
     226
     244
     260
     235
     223
     255
     237
     217
     221
     249
     255
     248
     242
     271
     252
     237
     250
     213
     256
     229
     232
     265
     232
     253
     249
     275
     264
     235
     271
     282
     251
     259
     235
     268
     257
     238
     247
     275
     253
     225
     283
     262
     273
     240
     272
     279
     254
     277
     271
     260
     271
     295
     277
     282
     280
     268
     275
     271
     279
     286
     267
     303
     293
     239
     264
     307
     299
     267
     272
     287
     257
     288
     304
     281
     302
     274
     259
     275
     304
     277
     307
     294
     296
     267
     288
     296
     298
     298
     285
     294
     294
     295
     292
     264
     289
     276
     280
     286
     291
     309
     318
     285
     289
     310
     307
     304
     291
     279
     301
     316
     328
     341
     290
     273
     307
     318
     294
     303
     293
     301
     288
     293
     299
     296
     340
     320
     285
     297
     330
     381
     304
     328
     336
     313
     321
     315
     288
     311
     336
     319
     327
     354
     350
     331
     334
     334
     327
     335
     348
     339
     343
     333
     370
     345
     361
     332
     358
     361
     351
     331
     340
     341
     325
     358
     347
     347
     382
     343
     350
     350
     338
     352
     376
     339
     366
     346
     368
     358
     323
     386
     387
     338
     368
     352
     343
     364
     366
     454
     377
     410
     375
     381
     375
     385
     374
     384
     393
     379
     362
     379
     394
     395
     337
     418
     358
     378
     381
     385
     395
     413
     391
     390
     413
     359
     404
     407
     393
     413
     386
     407
     388
     364
     421
     410
     392
     419
     438
     379
     401
     400
     428
     416
     406
     414
     413
     391
     429
     401
     458
     392
     392
     444
     444
     439
     409
     443
     444
     408
     431
     435
     426
     446
     429
     467
     441
     435
     474
     414
     464
     435
     448
     423
     487
     449
     474
     441
     418
     435
     429
     437
     461
     458
     435
     449
     460
     459
     456
     475
     458
     468
     427
     458
     463
     431
     485
     459
     486
     463
     491
     450
     500
     493
     482
     476
     457
     475
     456
     493
     502
     511
     497
     504
     516
     493
     506
     481
     485
     488
     501
     523
     459
     484
     495
     518
     493
     466
     522
     471
     519
     508
     561
     510
     509
     500
     489
     511
     491
     490
     521
     544
     532
     518
     539
     489
     578
     520
     507
     562
     494
     540
     523
     536
     520
     526
     486
     536
     531
     561
     529
     566
     509
     516
     536
     540
     577
     545
     549
     541
     560
     532
     561
     562
     556
     539
     536
     496
     580
     586
     578
     613
     577
     595
     581
     567
     550
     540
     564
     579
     573
     599
     562
     601
     586
     577
     567
     586
     573
     540
     585
     597
     610
     555
     608
     549
     591
     597
     605
     624
     569
     586
     597
     662
     579
     607
     608
     581
     619
     616
     632
     575
     633
     620
     617
     585
     624
     623
     587
     604
     628
     645
     734
     621
     636
     655
     682
     632
     635
     654
     643
     685
     588
     673
     643
     646
     663
     660
     636
     669
     680
     654
     638
     652
     648
     676
     641
     655
     691
     700
     631
     679
     669
     696
     728
     684
     665
     729
     675
     695
     692
     666
     664
     662
     719
     670
     717
     689
     679
     683
     766
     686
     703
     687
     744
     735
     708
     708
     731
     721
     680
     671
     726
     766
     720
     719
     713
     742
     757
     690
     731
     709
     779
     704
     738
     732
     761
     708
     729
     743
     718
     700
     670
     748
     785
     733
     781
     724
     720
     739
     687
     738
     790
     750
     792
     766
     797
     751
     800
     770
     792
     805
     765
     758
     810
     777
     750
     823
     766
     868
     826
     787
     793
     795
     802
     812
     759
     819
     821
     774
     786
     816
     845
     796
     789
     808
     824
     876
     790
     774
     827
     863
     849
     806
     854
     864
     845
     844
     859
     861
     835
     880
     813
     825
     852
     839
     809
     866
     829
     883
     843
     791
     831
     844
     889
     886
     857
     904
     817
     857
     785
     865
     879
     898
     866
     942
     930
     862
     903
     860
     899
     879
     878
     910
     922
     898
     890
     896
     966
     942
    1008
     913
     847
     930
     907
     893
     927
     919
     924
     937
     954
     879
     903
     922
     903
     937
     952
     919
     938
     939
     907
     901
     953
     988
     992
     969
     907
     926
     920
     947
     940
    1003
     950
    1007
     968
     924
     929
     926
     969
     992
     889
     950
     988
     913
     966
     932
    1025
     958
     941
    1038
    1002
    1034
    1005
     993
     965
     999
     970
    1033
     971
    1025
     989
     976
    1029
    1028
     991
    1044
    1023
    1051
     984
    1021
     998
    1065
    1000
    1012
    1041
    1062
    1100
    1074
    1015
    1034
    1082
    1047
    1064
    1024
    1055
    1050
    1024
    1065
    1090
    1040
    1049
    1079
    1113
    1132
    1100
    1034
    1102
    1048
    1050
    1034
    1150
    1073
    1158
    1098
    1072
    1027
    1145
    1097
    1088
    1007
    1104
    1124
    1058
    1111
    1113
    1086
    1115
    1135
    1118
    1144
    1099
    1075
    1114
    1077
    1139
    1093
    1083
    1188
    1158
    1153
    1137
    1125
    1095
    1099
    1139
    1101
    1186
    1125
    1159
    1150
    1146
    1149
    1176
    1182
    1134
    1214
    1158
    1159
    1180
    1201
    1168
    1064
    1146
    1179
    1206
    1198
    1154
    1168
    1239
    1185
    1132
    1182
    1194
    1189
    1229
    1218
    1193
    1173
    1190
    1169
    1169
    1217
    1162
    1173
    1117
    1128
    1239
    1170
    1251
    1208
    1210
    1243
    1168
    1198
    1174
    1187
    1259
    1242
    1169
    1234
    1173
    1163
    1211
    1272
    1229
    1181
    1265
    1323
    1255
    1305
    1264
    1257
    1138
    1245
    1245
    1248
    1324
    1290
    1250
    1307
    1277
    1273
    1263
    1305
    1261
    1345
    1302
    1199
    1281
    1294
    1255
    1284
    1295
    1319
    1265
    1281
    1314
    1362
    1350
    1254
    1301
    1314
    1298
    1230
    1235
    1350
    1299
    1326
    1261
    1269
    1312
    1304
    1272
    1300
    1347
    1299
    1368
    1333
    1287
    1332
    1338
    1324
    1324
    1274
    1380
    1364
    1333
    1319
    1274
    1368
    1373
    1306
    1295
    1355
    1378
    1280
    1327
    1383
    1329
    1368
    1347
    1387
    1338
    1343
    1394
    1392
    1350
    1361
    1373
    1391
    1378
    1392
    1367
    1357
    1432
    1440
    1415
    1384
    1353
    1426
    1380
    1386
    1410
    1434
    1410
    1403
    1439
    1432
    1378
    1376
    1394
    1421
    1405
    1397
    1392
    1393
    1386
    1414
    1398
    1433
    1371
    1431
    1461
    1381
    1451
    1432
    1463
    1481
    1406
    1462
    1454
    1467
    1474
    1392
    1403
    1425
    1475
    1413
    1417
    1463
    1474
    1431
    1463
    1474
    1455
    1482
    1479
    1456
    1438
    1422
    1408
    1439
    1384
    1455
    1512
    1433
    1565
    1469
    1465
    1527
    1474
    1485
    1442
    1503
    1495
    1556
    1450
    1431
    1465
    1496
    1489
    1540
    1495
    1468
    1500
    1480
    1497
    1402
    1574
    1521
    1506
    1459
    1558
    1441
    1500
    1458
    1494
    1500
    1540
    1496
    1504
    1544
    1578
    1523
    1531
    1497
    1524
    1493
    1529
    1579
    1576
    1544
    1543
    1543
    1495
    1510
    1491
    1488
    1523
    1559
    1575
    1597
    1467
    1672
    1549
    1548
    1517
    1596
    1546
    1588
    1526
    1390
    1558
    1591
    1587
    1583
    1531
    1608
    1569
    1546
    1545
    1599
    1578
    1537
    1636
    1497
    1525
    1589
    1515
    1574
    1572
    1626
    1632
    1599
    1621
    1573
    1605
    1601
    1491
    1618
    1601
    1545
    1569
    1580
    1576
    1586
    1613
    1627
    1631
    1604
    1585
    1666
    1607
    1640
    1504
    1628
    1625
    1556
    1558
    1568
    1673
    1634
    1601
    1614
    1674
    1648
    1594
    1666
    1630
    1531
    1543
    1594
    1554
    1622
    1586
    1623
    1671
    1623
    1615
    1614
    1627
    1676
    1643
    1617
    1588
    1568
    1537
    1604
    1679
    1659
    1613
    1621
    1708
    1658
    1655
    1604
    1612
    1622
    1607
    1600
    1630
    1657
    1657
    1551
    1608
    1596
    1635
    1591
    1636
    1693
    1573
    1641
    1573
    1617
    1628
    1582
    1712
    1614
    1592
    1678
    1651
    1627
    1690
    1657
    1588
    1631
    1679
    1609
    1674
    1624
    1659
    1624
    1626
    1607
    1666
    1621
    1685
    1639
    1631
    1612
    1624
    1652
    1640
    1636
    1652
    1676
    1603
    1673
    1614
    1650
    1650
    1713
    1694
    1634
    1715
    1599
    1656
    1643
    1576
    1636
    1613
    1637
    1664
    1657
    1663
    1668
    1623
    1700
    1628
    1644
    1683
    1726
    1602
    1686
    1692
    1766
    1705
    1672
    1674
    1609
    1713
    1680
    1680
    1669
    1589
    1579
    1660
    1642
    1706
    1675
    1672
    1592
    1606
    1569
    1652
    1582
    1600
    1631
    1677
    1663
    1670
    1646
    1577
    1629
    1566
    1710
    1625
    1659
    1650
    1616
    1688
    1703
    1607
    1626
    1661
    1590
    1584
    1661
    1701
    1709
    1638
    1641
    1671
    1629
    1666
    1703
    1641
    1632
    1645
    1713
    1641
    1688
    1654
    1581
    1646
    1657
    1580
    1664
    1724
    1615
    1612
    1573
    1598
    1675
    1647
    1562
    1638
    1639
    1602
    1648
    1638
    1633
    1582
    1653
    1709
    1657
    1667
    1579
    1603
    1653
    1622
    1630
    1660
    1579
    1684
    1621
    1589
    1631
    1596
    1627
    1628
    1582
    1670
    1557
    1573
    1667
    1633
    1652
    1640
    1626
    1642
    1685
    1623
    1640
    1608
    1586
    1569
    1626
    1579
    1689
    1620
    1687
    1593
    1640
    1652
    1573
    1616
    1585
    1599
    1652
    1673
    1604
    1575
    1665
    1594
    1589
    1609
    1606
    1624
    1590
    1676
    1562
    1549
    1572
    1541
    1602
    1592
    1482
    1545
    1582
    1530
    1558
    1521
    1553
    1604
    1590
    1589
    1500
    1537
    1572
    1575
    1574
    1546
    1545
    1588
    1606
    1643
    1557
    1539
    1571
    1591
    1592
    1573
    1549
    1549
    1600
    1569
    1543
    1636
    1625
    1541
    1537
    1558
    1511
    1490
    1507
    1643
    1520
    1561
    1517
    1534
    1536
    1488
    1599
    1502
    1533
    1556
    1525
    1607
    1537
    1456
    1606
    1492
    1511
    1499
    1486
    1506
    1620
    1520
    1540
    1530
    1522
    1519
    1551
    1473
    1497
    1491
    1535
    1537
    1506
    1445
    1479
    1564
    1488
    1499
    1437
    1540
    1464
    1440
    1506
    1434
    1448
    1436
    1493
    1489
    1443
    1453
    1467
    1468
    1489
    1501
    1427
    1473
    1443
    1409
    1447
    1420
    1521
    1521
    1444
    1436
    1471
    1434
    1409
    1458
    1412
    1425
    1503
    1422
    1446
    1471
    1422
    1344
    1413
    1371
    1421
    1441
    1454
    1377
    1460
    1403
    1407
    1395
    1381
    1410
    1380
    1368
    1410
    1362
    1429
    1474
    1468
    1446
    1396
    1382
    1400
    1394
    1447
    1390
    1411
    1357
    1362
    1393
    1396
    1401
    1396
    1370
    1356
    1316
    1414
    1371
    1380
    1368
    1270
    1309
    1310
    1376
    1328
    1328
    1394
    1309
    1322
    1325
    1329
    1322
    1297
    1342
    1336
    1354
    1341
    1386
    1318
    1324
    1287
    1311
    1292
    1285
    1251
    1268
    1359
    1305
    1337
    1349
    1314
    1314
    1330
    1354
    1308
    1341
    1228
    1257
    1266
    1256
    1254
    1270
    1264
    1231
    1262
    1261
    1281
    1304
    1263
    1194
    1238
    1192
    1203
    1228
    1283
    1250
    1234
    1211
    1243
    1177
    1225
    1277
    1219
    1198
    1250
    1243
    1342
    1280
    1206
    1231
    1227
    1201
    1288
    1189
    1270
    1186
    1193
    1215
    1173
    1162
    1250
    1232
    1174
    1201
    1121
    1200
    1173
    1121
    1193
    1212
    1170
    1165
    1117
    1145
    1161
    1122
    1181
    1138
    1133
    1196
    1133
    1151
    1143
    1119
    1082
    1129
    1098
    1093
    1102
    1191
    1123
    1142
    1100
    1059
    1088
    1086
    1156
    1093
    1092
    1076
    1124
    1050
    1098
    1092
    1071
    1072
    1090
    1096
    1123
    1126
    1065
    1094
    1061
    1050
    1078
    1050
    1101
    1050
    1057
    1053
    1036
    1055
    1030
    1013
    1076
    1066
     982
    1032
    1013
     940
    1031
    1055
    1014
    1025
     997
     993
    1040
     987
    1000
     982
     983
    1000
    1012
     982
    1006
     984
    1034
    1000
     995
     979
     923
     889
     936
     959
     963
     979
     951
     966
     946
     950
     975
     958
     926
     927
     971
     888
     920
     894
     976
     964
     903
     912
     925
     927
     890
     939
     966
     909
     918
     879
     901
     882
     912
     872
     905
     856
     926
     828
     852
     878
     894
     885
     844
     844
     873
     864
     840
     871
     827
     827
     872
     823
     842
     835
     816
     794
     871
     841
     864
     832
     822
     887
     787
     803
     827
     785
     797
     817
     769
     812
     770
     767
     726
     818
     717
     815
     759
     814
     802
     763
     790
     795
     753
     809
     765
     746
     773
     748
     754
     691
     784
     738
     753
     727
     742
     731
     745
     677
     695
     734
     736
     731
     720
     729
     756
     746
     736
     680
     729
     753
     715
     738
     749
     739
     705
     724
     678
     667
     737
     707
     670
     646
     687
     690
     713
     693
     647
     707
     688
     711
     674
     701
     652
     633
     716
     676
     627
     613
     658
     663
     622
     607
     643
     662
     621
     696
     647
     618
     618
     648
     627
     579
     597
     629
     589
     645
     605
     582
     568
     630
     599
     592
     603
     609
     614
     616
     602
     595
     574
     582
     578
     585
     574
     581
     575
     599
     600
     607
     627
     582
     582
     563
     539
     505
     559
     563
     525
     576
     554
     531
     579
     560
     508
     553
     497
     526
     569
     522
     519
     492
     494
     529
     488
     471
     500
     509
     478
     543
     508
     500
     505
     501
     497
     478
     537
     483
     521
     447
     508
     464
     457
     454
     457
     423
     437
     453
     445
     448
     505
     478
     451
     525
     458
     450
     466
     505
     432
     446
     446
     431
     424
     429
     433
     426
     413
     435
     407
     426
     438
     423
     439
     419
     393
     393
     389
     440
     384
     411
     406
     394
     386
     422
     395
     384
     396
     399
     377
     402
     375
     381
     394
     387
     329
     385
     327
     377
     345
     373
     356
     363
     405
     383
     375
     389
     346
     379
     379
     367
     317
     350
     354
     372
     340
     303
     347
     340
     364
     353
     316
     352
     335
     323
     346
     294
     314
     341
     346
     298
     324
     336
     321
     344
     297
     313
     316
     319
     304
     322
     294
     330
     312
     320
     334
     292
     291
     299
     273
     286
     284
     268
     293
     317
     282
     290
     275
     299
     284
     291
     276
     277
     273
     278
     248
     283
     276
     277
     247
     294
     254
     251
     285
     265
     251
     262
     263
     273
     236
     254
     268
     250
     243
     244
     235
     244
     232
     234
     232
     226
     249
     253
     236
     217
     221
     270
     245
     222
     236
     235
     264
     239
     197
     252
     235
     233
     192
     209
     205
     222
     199
     214
     214
     214
     213
     240
     228
     217
     181
     197
     216
     211
     210
     185
     192
     196
     208
     176
     181
     197
     205
     197
     180
     157
     180
     178
     171
     188
     167
     185
     198
     171
     155
     196
     173
     192
     166
     158
     188
     174
     182
     172
     168
     175
     138
     163
     152
     163
     151
     153
     147
     142
     150
     177
     158
     156
     136
     162
     173
     132
     153
     154
     159
     129
     152
     139
     130
     150
     133
     142
     146
     145
     163
     106
     118
     132
     133
     133
     144
     133
     145
     143
     141
     132
     110
     120
     117
     125
     138
     116
     115
      97
     128
     105
     113
     118
     121
     107
     115
     117
     111
     125
     113
     117
     105
      99
     103
     110
     106
     109
     114
     115
     118
     112
     123
     107
     101
      91
      90
     104
     128
      98
     102
     102
      86
      99
     112
     100
     112
      80
     103
     103
      87
      69
      90
      92
      87
      99
      84
      97
      62
      78
      76
      79
      93
      90
      81
      87
      76
      87
     103
      68
      78
      85
      78
      85
      78
      71
      83
      74
      86
      99
      72
      84
      86
      55
      91
      74
      81
      75
      66
      62
      62
      70
      89
      55
      58
      66
      66
      75
      70
      47
      67
      59
      72
      60
      74
      68
      55
      76
      75
      60
      62
      63
      62
      57
      49
      56
      73
      53
      68
      56
      68
      50
      67
      63
      65
      68
      67
      53
      47
      49
      52
      46
      55
      42
      58
      34
      51
      59
      52
      46
      44
      48
      39
      36
      54
      45
      45
      43
      62
      38
      32
      46
      57
      44
      38
      36
      48
      40
      31
      44
      44
      41
      52
      43
      45
      50
      46
      43
      43
      42
      36
      47
      23
      42
      38
      32
      40
      32
      34
      40
      40
      38
      41
      48
      40
      30
      41
      27
      33
      28
      33
      41
      27
      30
      36
      41
      37
      28
      30
      39
      34
      21
      31
      33
      20
      36
      34
      17
      32
      22
      39
      33
      33
      34
      27
      27
      36
      34
      31
      33
      27
      33
      24
      29
      28
      25
      30
      21
      31
      20
      20
      43
      27
      31
      26
      30
      20
      31
      27
      21
      27
      24
      19
      14
      22
      24
      21
      25
      20
      22
      28
      18
      21
      24
      22
      14
      18
      15
      18
      20
      26
      27
      18
      25
      22
      24
      23
      26
      16
      14
      25
      17
      13
      20
      18
      13
      21
      14
      22
      19
      16
      24
      15
      23
      15
      14
      20
      13
      18
      19
      21
      12
      16
      17
      13
      15
      13
      21
      17
      11
      24
      18
      15
      19
      15
      17
      10
      13
      15
      20
      16
      17
      10
      16
      15
      10
      13
      14
      10
      11
      12
      12
      11
      13
       9
      12
      13
      13
      14
      13
       8
      10
      10
      14
       8
      10
      13
      12
      16
      10
       8
      11
       5
       7
       8
      10
      13
      10
       5
      10
      16
       8
       6
      13
      10
      17
      12
       5
      14
      17
      10
       8
      12
      12
       3
      11
      13
       6
       6
      11
      14
       8
       9
      13
       7
       7
       9
      10
       6
       8
       7
       7
      13
       8
       8
      14
      10
       7
       7
      12
      12
      13
       8
      10
      11
       7
      11
       5
       9
       7
       3
       7
       6
       8
       8
       7
       9
       7
       7
      10
      12
      11
      12
      11
       5
       7
       6
       6
       6
       7
       9
       8
       6
       8
       8
       6
       5
       6
       9
      12
       2
       7
      10
      13
       6
       6
       8
       3
      10
       6
       5
       9
       6
      11
       2
       9
       4
       2
       2
       4
       7
       4
       2
       8
       7
       7
      11
      11
       6
       5
       2
       1
       5
       6
       3
       4
       2
       6
       5
       8
       2
       8
       8
       8
       6
       7
       8
       6
       5
       1
       5
       8
       3
       6
      10
       1
       2
       6
       7
       6
       6
       2
       5
       5
      11
       3
       7
       6
       5
       9
       6
       4
       5
       9
       7
       6
       5
       6
       4
       3
       4
       6
      10
       4
       5
       6
       3
       6
       4
       3
       5
       6
       5
       9
       5
       9
       8
       4
       7
       5
       7
       1
       6
       5
       4
       2
       5
       3
       4
       7
       1
       5
       6
       7
       3
       4
       1
       2
       3
       5
       4
       1
       3
       6
       4
       7
       4
       2
       5
       5
       2
       4
       9
       2
       9
       5
       4
       3
       3
       6
       3
       5
       4
       5
       6
       6
       3
       4
       5
       3
       7
       1
       5
       7
       5
       8
       5
       4
       3
       4
       9
       2
       6
       6
       7
       5
       3
       3
       6
       5
       3
       4
       4
       6
       4
       4
       4
       3
       4
       6
       4
       5
       3
       5
       5
       5
       2
       0
       4
       6
       4
       4
       5
       3
       5
       6
       8
       6
       4
       4
       6
       2
       9
       2
       3
       5
       7
       5
       9
       0
       6
       1
       6
       2
       3
       3
       8
       6
       5
       3
       3
       3
       1
       6
       4
       0
       7
       2
       3
       2
       3
       7
       5
       5
       5
       2
       4
       9
       1
       1
       2
       6
       2
       3
       2
       3
       6
       6
       3
       2
       4
       5
       3
       5
       3
       4
       6
       9
       3
       8
       5
       3
       4
       3
       3
       3
       5
       5
       0
       2
       4
       7
       1
       3
       4
       5
       4
       1
       3
       2
       4
       3
       1
       0
       0
       6
       3
       1
       1
       3
       7
       2
       4
       1
       2
       2
       4
       4
       4
       2
       7
       1
       5
       4
       5
       2
       7
       4
       1
       3
       5
       5
       3
       4
       2
       1
       6
       2
       6
       3
       2
       4
       3
       2
       5
       8
       0
       5
       5
       3
       5
       3
       5
       6
       4
       0
       3
       3
       2
       3
       3
       1
       5
       9
       3
       5
       3
       3
       5
       2
       4
       3
       2
       0
       2
       5
       2
       3
       4
       7
       5
       3
       7
       5
       6
       4
       6
      10
       4
       3
       7
       4
       2
       6
       4
       1
       5
       1
       4
       2
       3
       2
       4
       5
       3
       3
       6
       5
       2
       4
       4
       5
       3
       3
       4
       3
       2
       2
       2
       1
       2
       5
       2
       8
       3
       6
       2
       3
       1
       6
       3
       5
       3
       3
       1
       3
       3
       8
       6
       3
       3
       1
       3
       4
       7
       6
       9
       5
       4
       3
       2
       1
       5
       3
       4
       3
       6
       1
       7
       2
       5
       2
       3
       7
       7
       2
       7
       5
       2
      11
       1
       3
       6
       4
       4
       8
       4
       2
       3
       7
       1
       6
       3
       5
       6
       2
       3
       7
       2
       2
       5
       5
       3
       5
       6
       5
       1
       5
       4
       7
       5
       1
       4
       4
       6
       6
       3
       3
       5
       5
       4
       3
       1
       3
       4
       3
       0
       3
       4
       3
       3
       2
       1
       6
       6
       4
       3
       6
       3
       2
       4
       3
       1
       3
       9
       0
       2
       1
       4
       3
       5
       4
       2
       4
       2
       3
       4
       2
       4
       3
       8
       5
       4
       2
       7
       2
       4
       4
       7
       1
       3
       4
       2
       5
       3
       3
       2
       5
       3
       1
       4
       4
       7
       5
       9
       4
       2
       7
       0
       4
       3
       4
       2
       6
       1
       4
       4
       6
       4
       2
       8
       5
       3
       4
       5
       4
       1
       2
       8
       7
       2
       4
       2
       2
       6
       0
       1
       3
       6
       3
       2
       5
       5
       5
       7
       6
       5
       2
       7
       7
       8
       2
       3
       1
       4
       4
       4
       2
       3
       2
       3
       5
       1
       6
       2
       2
       5
       4
       4
       2
       1
       2
       4
       3
       1
       5
       1
       3
       2
       1
       5
       3
       3
       5
       6
       2
       3
       3
       6
       2
       5
       1
       4
       4
       2
       3
       4
       4
       3
       4
       3
       2
       5
       4
       3
       2
       2
       0
       4
       1
       5
       3
       3
       2
       4
       1
       1
       6
       3
       4
       4
       4
       2
       3
       3
       4
       1
       4
       1
       3
       0
       2
       3
       5
       2
       3
       1
       2
       3
       1
       2
       1
       2
       5
       4
       2
       3
       3
       4
       3
       5
       2
       3
       2
       3
       1
       2
       3
       0
       4
       2
       5
       2
       3
       3
       4
       3
       2
       1
       3
       1
       3
       3
       1
       3
       1
       3
       4
       1
       1
       4
       2
       3
       3
       3
       2
       3
       3
       6
       2
       2
       6
       3
       1
       0
       2
       1
       3
       2
       2
       4
       3
       2
       2
       1
       1
       4
       2
       2
       1
       5
       5
       1
       4
       4
       1
       2
       2
       6
       0
       6
       2
       2
       1
       5
       2
       2
       1
       3
       2
       3
       5
       3
       1
       2
       2
       4
       2
       3
       5
       6
       3
       2
       1
       2
       1
       2
       0
       1
       3
       0
       4
       3
       2
       1
       3
       4
       4
       4
       3
       1
       2
       1
       1
       1
       2
       0
       2
       2
       2
       3
       6
       4
       2
       4
       3
       3
       4
       4
       1
       3
       2
       2
       3
       5
       2
       5
       2
       2
       4
       2
       1
       2
       5
       3
       3
       4
       4
       5
       4
       6
       2
       0
       3
       3
       0
       1
       4
       3
       4
       4
       3
       6
       4
       3
       4
       1
       5
       3
       6
       1
       3
       4
       2
       4
       1
       2
       2
       3
       2
       1
       6
       2
       0
       3
       4
       5
       2
       1
       0
       4
       4
       3
       1
       3
       1
       2
       3
       2
       3
       3
       1
       3
       3
       2
       4
       3
       1
       4
       0
       1
       1
       4
       2
       5
       2
       3
       2
       1
       3
       3
       1
       3
       5
       1
       2
       3
       0
       2
       0
       2
       4
       3
       3
       1
       3
       4
       1
       6
       2
       3
       5
       2
       2
       2
       6
       2
       2
       1
       1
       5
       1
       1
       6
       5
       3
       2
       3
       1
       2
       0
       3
       1
       3
       2
       3
       1
       2
       2
       2
       1
       2
       4
       3
       1
       3
       2
       2
       2
       4
       4
       1
       2
       4
       0
       0
       1
       2
       5
       3
       0
       2
       2
       4
       4
       3
       2
       3
       2
       0
       1
       1
       4
       1
       5
       1
       4
       1
       4
       4
       2
       2
       2
       2
       1
       2
       2
       1
       2
       4
       5
       0
       3
       2
       4
       1
       1
       2
       1
       5
       2
       4
       1
       3
       1
       2
       2
       0
       2
       4
       0
       2
       0
       2
       2
       3
       1
       3
       1
       3
       1
       5
       5
       1
       2
       2
       1
       2
       0
       3
       2
       2
       2
       0
       1
       3
       2
       5
       4
       0
       1
       6
       3
       5
       2
       2
       5
       7
       1
       2
       2
       3
       1
       1
       1
       2
       2
       1
       0
       3
       1
       0
       4
       2
       3
       3
       2
       1
       6
       2
       1
       3
       2
       3
       0
       3
       1
       0
       3
       4
       3
       2
       6
       0
       1
       2
       2
       3
       0
       2
       5
       3
       1
       3
       2
       4
       3
       4
       4
       2
       3
       2
       6
       2
       0
       2
       1
       0
       2
       4
       1
       2
       2
       1
       4
       2
       1
       2
       0
       1
       0
       1
       4
       3
       4
       3
       1
       0
       2
       3
       4
       3
       2
       2
       4
       2
       3
       2
       1
       8
       1
       2
       2
       3
       1
       1
       4
       0
       1
       5
       5
       3
       1
       1
       5
       4
       1
       3
       1
       1
       2
       1
       2
       1
       2
       5
       5
       2
       1
       3
       2
       3
       4
       3
       3
       2
       5
       0
       1
       1
       1
       0
       4
       3
       4
       4
       2
       2
       0
       3
       3
       3
       0
       2
       2
       1
       3
       4
       1
       2
       1
       0
       3
       2
       4
       3
       1
       0
       2
       0
       1
       4
       4
       4
       4
       1
       1
       3
       1
       2
       1
       3
       4
       1
       2
       2
       1
       1
       3
       0
       2
       3
       1
       2
       2
       1
       1
       0
       2
       4
       1
       0
       0
       1
       2
       1
       3
       6
       3
       2
       2
       2
       1
       0
       1
       1
       2
       1
       0
       2
       0
       4
       1
       1
       3
       1
       3
       1
       0
       2
       1
       3
       4
       1
       7
       3
       2
       2
       1
       1
       2
       2
       3
       4
       3
       1
       6
       3
       0
       2
       1
       0
       1
       1
       2
       3
       1
       3
       2
       1
       2
       5
       3
       1
       6
       4
       5
       3
       1
       4
       5
       2
       1
       3
       0
       0
       1
       2
       1
       1
       3
       3
       6
       2
       2
       1
       0
       0
       3
       5
       2
       4
       0
       1
       0
       0
       0
       1
       4
       1
       1
       4
       1
       3
       2
       0
       2
       2
       1
       1
       3
       5
       2
       1
       4
       0
       3
       3
       3
       0
       0
       2
       3
       2
       1
       2
       0
       3
       3
       2
       3
       0
       2
       1
       3
       0
       3
       1
       2
       3
       1
       2
       2
       1
       1
       3
       3
       0
       2
       0
       2
       4
       2
       2
       0
       4
       1
       1
       1
       3
       2
       2
       1
       1
       2
       2
       3
       1
       4
       4
       1
       1
       1
       4
       2
       3
       2
       3
       3
       1
       1
       4
       2
       2
       2
       1
       0
       1
       3
       0
       0
       2
       1
       2
       2
       2
       1
       2
       1
       1
       2
       1
       2
       2
       1
       2
       1
       2
       1
       2
       4
       1
       3
       0
       1
       2
       1
       2
       2
       1
       7
       0
       1
       1
       2
       1
       2
       1
       2
       1
       0
       2
       1
       0
       0
       0
       5
       2
       4
       1
       0
       1
       0
       1
       2
       1
       1
       0
       3
       2
       2
       0
       3
       1
       0
       4
       4
       0
       5
       1
       1
       3
       1
       2
       2
       2
       6
       0
       1
       2
       4
       3
       3
       3
       1
       1
       2
       0
       1
       3
       2
       2
       1
       3
       4
       1
       5
       0
       0
       2
       0
       2
       1
       1
       1
       3
       0
       0
       2
       3
       3
       2
       0
       1
       2
       1
       0
       2
       3
       4
       4
       1
       1
       2
       2
       2
       0
       0
       2
       0
       1
       2
       3
       2
       3
       1
       2
       1
       1
       1
       2
       3
       0
       2
       1
       1
       1
       2
       2
       2
       2
       1
       2
       4
       1
       3
       0
       1
       0
       1
       2
       0
       2
       2
       1
       1
       1
       3
       0
       1
       1
       0
       0
       1
       4
       0
       1
       3
       1
       0
       0
       4
       2
       1
       1
       5
       1
       0
       1
       2
       1
       2
       0
       2
       1
       1
       1
       1
       0
       1
       1
       2
       3
       1
       1
       2
       2
       3
       1
       0
       2
       2
       1
       0
       0
       1
       0
       2
       2
       1
       2
       1
       1
       3
       2
       0
       1
       2
       1
       3
       1
       2
       1
       2
       3
       0
       1
       1
       2
       0
       4
       3
       0
       1
       0
       0
       0
       1
       2
       2
       1
       2
       1
       2
       3
       1
       0
       4
       1
       1
       0
       1
       2
       2
       1
       1
       0
       2
       1
       2
       2
       1
       1
       1
       4
       3
       1
       2
       1
       1
       1
       1
       1
       2
       1
       3
       1
       0
       1
       0
       0
       1
       0
       1
       1
       1
       1
       3
       1
       3
       0
       4
       1
       3
       0
       2
       3
       2
       1
       0
       0
       1
       1
       0
       3
       0
       0
       1
       2
       0
       2
       0
       1
       3
       3
       3
       1
       1
       2
       0
       2
       0
       1
       1
       1
       1
       2
       0
       0
       1
       0
       1
       0
       1
       2
       1
       1
       0
       2
       1
       3
       1
       1
       5
       2
       3
       1
       4
       2
       2
       0
       0
       0
       0
       5
       3
       1
       2
       3
       1
       1
       1
       1
       1
       2
       2
       0
       0
       1
       1
       1
       3
       2
       3
       1
       0
       1
       0
       1
       1
       0
       1
       1
       2
       2
       1
       0
       3
       0
       4
       1
       2
       2
       0
       0
       1
       1
       2
       0
       1
       0
       2
       1
       0
       2
       1
       0
       0
       1
       1
       1
       0
       1
       2
       3
       2
       0
       1
       0
       0
       0
       2
       1
       1
       3
       1
       2
       0
       2
       0
       1
       2
       1
       2
       1
       1
       1
       1
       1
       3
       1
       0
       0
       1
       0
       1
       0
       2
       1
       2
       0
       2
       2
       0
       0
       0
       0
       0
       1
       1
       2
       0
       0
       3
       0
       0
       4
       0
       1
       1
       1
       1
       2
       1
       1
       2
       0
       1
       0
       1
       2
       0
       1
       1
       2
       0
       1
       1
       0
       3
       0
       1
       2
       0
       0
       1
       2
       2
       0
       1
       0
       1
       0
       2
       1
       0
       1
       2
       0
       2
       0
       3
       1
       1
       1
       3
       1
       0
       4
       1
       1
       0
       1
       0
       1
       1
       3
       1
       0
       1
       1
       0
       2
       1
       0
       1
       1
       1
       2
       2
       1
       2
       0
       1
       2
       3
       0
       0
       0
       0
       3
       2
       0
       2
       1
       0
       0
       1
       0
       3
       1
       1
       3
       0
       1
       1
       1
       2
       1
       1
       1
       1
       2
       2
       1
       0
       3
       1
       1
       2
       1
       1
       1
       0
       0
       0
       1
       1
       1
       2
       1
       0
       0
       0
       1
       1
       0
       2
       1
       4
       1
       0
       0
       0
       1
       1
       1
       1
       0
       0
       2
       1
       0
       0
       0
       2
       2
       0
       0
       0
       0
       1
       1
       1
       0
       0
       0
       3
       0
       1
       4
       2
       1
       0
       2
       0
       2
       0
       1
       0
       0
       1
       1
       1
       2
       0
       0
       0
       1
       1
       0
       1
       2
       1
       1
       1
       2
       1
       1
       0
       0
       2
       3
       1
       2
       1
       0
       0
       0
       1
       1
       1
       2
       0
       1
       1
       1
       0
       2
       0
       0
       0
       0
       2
       1
       2
       0
       1
       0
       0
       1
       0
       0
       1
       2
       0
       1
       1
       0
       1
       0
       0
       1
       0
       0
       1
       0
       0
       1
       1
       0
       1
       2
       0
       0
       1
       1
       0
       0
       1
       2
       0
       0
       2
       0
       1
       1
       0
       0
       1
       0
       1
       3
       0
       2
       0
       0
       0
       0
       1
       1
       0
       1
       0
       0
       1
       0
       0
       0
       0
       0
       0
       1
       0
       0
       1
       0
       0
       1
       2
       0
       0
       2
       0
       1
       0
       0
       0
       0
       0
       0
       2
       1
       0
       0
       1
       0
       0
       0
       1
       0
       0
       0
       0
       0
       0
       1
       0
       0
       0
       0
       0
       2
       0
       3
       0
       1
       1
       2
       0
       1
       0
       1
       0
       1
       1
       0
       0
       0
       0
       1
       0
       1
       0
       1
       0
       0
       0
       2
       3
       0
       0
       0
       1
       0
       0
       0
       1
       0
       1
       0
       1
       0
       2
       0
       0
       0
       0
       1
       0
       1
       0
       0
       0
       0
       1
       0
       2
       1
       0
       1
       0
       1
       1
       0
       0
       0
       0
       0
       0
       1
       0
       1
       0
       1
       0
       1
       0
       2
       2
       0
       0
       1
       0
       0
       0
       2
       0
       2
       2
       0
       3
       0
       0
       0
       1
       0
       0
       0
       2
       1
       0
       0
       0
       1
       0
       0
       0
       0
       0
       1
       2
       0
       0
       0
       1
       0
       0
       1
       0
       0
       0
       0
       0
       0
       2
       0
       1
       0
       1
       1
       0
       1
       0
       0
       1
       0
       2
       1
       3
       0
       0
       0
       0
       0
       1
       0
       0
       0
       0
       0
       2
       0
       0
       0
       0
       0
       0
       0
       0
       0
       0
       0
       0
       1
       1
       0
       0
       0
       0
       1
       0
       0
       1
       0
       1
       1
       1
       1
       0
       0
       1
       1
       1
       0
       1
       0
       1
       0
       1
       0
       0
       0
       0
       0
       2
       0
       0
       0
       0
       1
       0
       0
       1
       1
       1
       0
       0
       0
       1
       0
       0
       0
       0
       0
       0
       0
       1
       1
       0
       1
       0
       1
       0
       0
       1
       0
       0
       0
       0
       1
       0
       1
       0
       0
       1
       2
       0
       0
       0
       0
       0
       1
       0
       1
       0
       1
       0
       0
       0
       1
       0
       1
       0
       0
       0
       0
       0
       0
       0
       0
       0
       1
       1
       0
       0
       0
       1
       1
       0
       0
       0
       0
       1
       0
       0
       0
       1
       0
       0
       0
       0
       0
       0
       0
       0
       0
       0
       0
       0
       0
       0
       0
       0
       1
       0
       0
       1
       1
       0
       0
       1
       0
       0
       0
       1
       1
       0
       0
       0
       0
       0
       0
       1
       0
       0
       0
       0
       0
       0
       0
       0
       1
       1
       0
       0
       1
       0
       0
       0
       1
       0
       1
       0
       0
       1
       0
       0
       1
       0
       0
       0
       0
       0
       1
       0
       0
       0
       1
       0
       1
       0
       0
       1
       0
       0
       0
       0
       0
       0
       0
       1
       0
       0
       0
       0
       0
       0
       1
       0
       0
       0
       0
       0
       0
       0
       0
       0
       1
       0
       1
       0
       0
       0
       0
       0
       0
       0
       0
       0
       0
       0
       0
       0
       1
       0
       0
       1
       0
       0
       0
       0
       0
       1
       0
       0
       0
       1
       0
       0
       0
       0
       0
       1
       1
       0
       0
       0
       0
       0
       0
       0
       0
       0
       0
       0
       0
       0
       0
       0
       0
       0
       0
       1
       0
       0
       0
       0
       0
       0
       0
       0
       0
       0
       0
       0
       0
       1
       0
       0
       0
       0
       1
       0
       1
       0
       0
       0
       0
       1
       1
       0
       0
       0
       0
       0
       0
       0
       1
       0
       0
       1
       0
       2
       0
       0
       0
       0
       0
       0
       1
       0
       0
       0
       0
       0
       1
       1
       0
       0
       0
       0
       0
       0
       0
       0
       0
       0
       0
       0
       0
       0
       0
       0
       0
       0
       0
       0
       0
       0
       0
       0
       0
       0
       0
       0
       0
       0
       1
       0
       0
       0
       0
       0
       0
       0
       0
       0
       0
       1
       0
       0
       0
       0
       0
       0
       0
       0
       0
       0
       0
       0
       0
       0
       0
       0
       1
       0
       0
       0
       0
       0
       0
       0
       0
       0
       0
       0
       0
       0
       0
       0
       0
       0
       0
       0
       0
       0
       0
       0
       0
       0
       0
       0
       0
       0
       0
       0
       1
       0
       0
       1
       0
       0
       0
       0
       0
       0
       0
       0
       0
       0
       1
       0
       0
       0
       0
       0
       0
       0
       0
       0
       0
       0
       0
       0
       0
       0
       0
       0
       0
       0
       0
       0
       0
       0
       1
       0
       0
       0
       0
       0
       0
       0
       0
       1
       0
       0
       0
       0
       0
       0
       0
       0
       1
       0
       0
       0
       0
       0
       0
       0
       0
       0
       0
       0
       0
       0
       0
       0
       0
       0
       0
       0
       0
       0
       0
       0
       0
       1
       0
       0
       0
       0
       0
       0
       0
       0
       0
       0
       0
       0
       0
       0
       0
       0
       0
       0
       0
       0
       0
       0
       0
       0
       0
       0
       0
       0
       1
       0
       0
       0
       0
       0
       0
       0
       0
       0
       0
       0
       0
       1
       0
       0
       0
       0
       0
       0
       0
       0
       0
       0
       0
       0
       0
       1
       1
       0
       0
       0
       0
       0
       0
       0
       0
       0
       0
       0
       0
       0
       0
       0
       0
       0
       0
       0
       0
       0
       0
       0
       0
       0
       0
       0
       0
       0
       0
       0
       0
       0
       0
       0
       0
       0
       0
       0
       0
       0
       0
       0
       0
       0
       0
       0
       0
       0
       0
       0
       0
       0
       1
       0
       0
       0
       0
       0
       0
       0
       0
       0
       0
       0
       0
       0
       0
       0
       0
       0
       0
       0
       0
       0
       0
       0
       0
       0
       0
       0
       0
       0
       0
       0
       0
       0
       0
       1
       0
       0
       0
       0
       0
       0
       0
       0
       0
       0
       0
       0
       0
       0
       0
       0
       0
       0
       0
       0
       0
       0
       0
       0
       0
       0
       1
       1
       0
       0
       0
       0
       0
       0
       0
       0
       0
       0
       0
       0
       0
       0
       0
       0
       0
       0
       0
       0
       0
       0
       0
       0
       0
       0
       0
       1
       0
       0
       0
       0
       0
       0
       0
       0
       0
       0
       0
       0
       0
       0
       0
       0
       1
       0
       0
       0
       0
       0
       0
       0
       0
       0
       0
       0
       0
       0
       1
       0
       0
       0
       0
       0
       0
       0
       0
       0
       0
       0
       0
       0
       0
       0
       0
       0
       0
       0
       0
       0
       0
       0
       0
       0
       0
       0
       0
       0
       0
       0
       0
       0
       0
       0
       0
       0
       0
       0
       0
       0
       0
       0
       0
       0
       0
       0
       0
       0
       0
       0
       0
       0
       0
       0
       0
       0
       0
       0
       0
       0
       0
       0
       0
       0
       0
       0
       0
       0
       0
       0
       0
       0
       0
       0
       0
       0
       0
       0
       0
       0
       0
       0
       0
       0
       0
       1
       0
       0
       0
       0
       0
       0
       0
       0
       0
       0
       0
       0
       0
       0
       0
       0
       0
       0
       0
       0
       0
       0
       0
       0
       0
       0
       0
       0
       0
       0
       0
       0
       0
       0
       0
       0
       0
       0
       0
       0
       0
       0
       0
       0
       0
       0
       0
       0
       0
       0
       0
       0
       0
       0
       0
       0
       1
       0
       0
       0
       0
       0
       0
       0
       0
       0
       0
       0
       0
       0
       0
       0
       0
       0
       0
       0
       0
       0
       0
       0
       0
       0
       0
       0
       0
       0
       0
       0
       0
       0
       0
       0
       0
       0
       0
       0
       0
       0
       0
       0
       0
       0
       0
       0
       0
       0
       0
       0
       0
       0
       0
       0
       0
       0
       0
       0
       0
       0
       0
       0
       0
       0
       0
       0
       0
       0
       0
       0
       0
       0
       0
       0
       0
       0
       0
       0
       0
       0
       0
       0
       0
       0
       0
       0
       0
       0
       0
       0
       0
       0
       0
       0
       0
       0
       0
       0
       0
       0
       0
       0
       0
       0
       0
       0
       0
       0
       0
       0
       0
       0
       0
       0
       0
       0
       0
       0
       0
       0
       0
       0
       0
       0
       0
       0
       0
       0
       0
       0
       0
       0
       0
       0
       0
       0
       0
       0
       0
       0
       0
       0
       0
       0
       0
       0
       0
       0
       0
       0
       0
       0
       0
       0
       0
       0
       0
       0
       0
       0
       0
       0
       0
       0
       0
       0
       0
       0
       0
       0
       0
       0
       0
       0
       0
       0
       0
       0
       0
       0
       0
       0
       0
       0
       0
       0
       0
       0
       0
       0
       0
       0
       0
       0
       0
       0
       0
       0
       0
       0
       0
       0
       0
       0
       0
       0
       0
       0
       0
       0
       0
       0
       0
       0
       0
       0
       0
       0
       0
       0
       0
       0
       0
       0
       0
       0
       0
       0
       0
       0
       0
       0
       0
       0
       0
       0
       0
       0
       0
       0
       0
       0
       0
       0
       0
       0
       0
       0
       0
       0
       0
       0
       0
       0
       0
       0
       0
       0
       0
       0
       0
       0
       0
       0
       0
       0
       0
       0
       0
       0
       0
       0
       0
       0
       0
       0
       0
       0
       0
       0
       0
       0
       0
       0
       0
       0
       0
       0
       0
       0
       0
       0
       0
       0
       0
       0
       0
       0
       0
       0
       0
       0
       0
       0
       0
       0
       0
       0
       0
       0
       0
       0
       0
       0
       0
       0
       0
       0
       0
       0
       0
       0
       0
       0
       0
       0
       0
       0
       0
       0
       0
       0
       0
       0
       0
       0
       0
       0
       0
       0
       0
       0
       0
       0
       0
       0
       0
       0
       0
       0
       0
       0
       0
       0
       0
       0
       0
       0
       0
       0
       0
       0
       0
       0
       0
       0
       0
       0
       0
       0
       0
       0
       0
       0
       0
       0
       0
       0
       0
       0
       0
       0
       0
       0
       0
       0
       0
       0
       0
       0
       0
       0
       0
       0
       0
       0
       0
       0
       0
       0
       0
       0
       0
       0
       0
       0
       0
       0
       0
       0
       0
       0
       0
       0
       0
       0
       0
       0
       0
       0
       0
       0
       0
       0
       0
       0
       0
       0
       0
       0
       0
       0
       0
       0
       0
       0
       0
       0
       0
       0
       0
       0
       0
       0
       0
       0
       0
       0
       0
       0
       0
       0
       0
       0
       0
       0
       0
       0
       0
       0
       0
       0
       0
       0
       0
       0
       0
       0
       0
       0
       0
       0
       0
       0
       0
       0
       0
       0
       0
       0
       0
       0
       0
       0
       0
       0
       0
       0
       0
       0
       0
       0
       0
       0
       0
       0
       0
       0
       0
       0
       0
       0
       0
       0
       0
       0
       0
       0
       0
       0
       0
       0
       0
       0
       0
       0
       0
       0
       0
       0
       0
       0
       0
       0
       0
       0
       0
       0
       0
       0
       0
       0
       0
       0
       0
       0
       0
       0
       0
       0
       0
       0
       0
       0
       0
       0
       0
       0
       0
       0
$ROI:
3
6725 6813
6948 7045
7244 7256
$PRESETS:
None
0
0
$ENER_FIT:
-0.000074 0.728814
$MCA_CAL:
3
-7.366740E-005 7.288145E-001 -2.624510E-006 keV
$SHAPE_CAL:
3
0.000000E+000 0.000000E+000 0.000000E+000
