$SPEC_ID:
No sample description was entered.
$SPEC_REM:
DET# 1
DETDESC# PPF18-07 Easy-MCA-8k SN 14274550
AP# Maestro Version 7.01
$DATE_MEA:
11/23/2022 15:22:13
$MEAS_TIM:
3599 6056
$DATA:
0 8191
       0
       0
       0
       0
       0
       0
       0
       0
       0
       0
       0
       0
       0
       0
       0
       0
       0
       0
       0
       0
       0
       0
       0
       0
       1
    2844
  229202
 4328757
  271545
   29247
   37128
   51216
   69775
   87676
   97956
   93737
   78430
   59678
   45042
   35419
   29356
   24438
   20339
   16465
   13495
   10365
    8250
    6306
    4826
    3741
    2910
    2218
    1765
    1443
    1216
    1068
     916
     846
     770
     753
     671
     668
     646
     605
     514
     511
     480
     435
     360
     340
     292
     252
     242
     185
     185
     134
     148
     117
      98
      94
      96
      78
      83
      80
      66
      63
      68
      80
      53
      64
      42
      49
      60
      65
      43
      39
      59
      48
      35
      40
      30
      28
      31
      26
      25
      30
      26
      34
      29
      28
      27
      28
      26
      28
      28
      15
      21
      24
      20
      24
      22
      19
      12
      17
      20
      26
      17
      19
      20
      18
      14
      15
      24
      14
      19
      18
      14
      18
      16
      16
      20
      13
      20
      16
      13
      21
      16
      20
      25
      16
      18
      18
      17
      13
      17
      21
      25
      12
      20
      18
      16
      16
      13
      15
      15
      14
      15
      14
      17
      18
      17
      24
       8
       7
      15
      16
      22
      24
      22
      16
      19
      14
      12
      13
      17
      17
      19
      14
      15
      17
      17
      10
      22
       8
      18
      14
      12
      26
      17
      23
      15
      20
      18
      12
      16
      15
      13
      12
      18
      25
      12
      15
      13
      17
      17
      18
      15
      17
      12
      17
      14
      16
      18
      11
      18
      14
      15
      10
      12
      17
      12
      20
      15
      14
      12
      21
      22
      12
      15
      15
      17
      16
      27
      13
      17
      14
      19
      15
      17
      11
      12
      12
      13
      20
      10
      14
      14
      20
      16
      16
      18
      16
      22
      12
      20
      16
      18
       6
      10
      10
      15
      17
      16
      12
      11
      12
      17
      10
      14
      23
      14
      13
      11
      16
      16
      17
      17
      15
      17
      13
      14
      17
       9
      18
      14
      13
      17
      19
      21
      11
      14
      10
      16
      13
      11
      12
      11
      20
      13
      12
      20
      11
      13
      13
      11
      16
      10
      21
      10
      17
      12
      12
      16
      19
      19
      13
      15
      15
      16
      18
      13
      13
      17
      14
      15
      22
      15
      11
      23
      23
      15
      20
      18
      22
      17
      19
      15
      16
      15
      14
      17
      11
      23
      19
      16
      14
      17
      23
      17
      19
      19
      23
      24
      15
      13
      13
      10
      14
      16
      20
      14
      15
      17
      12
      18
      18
      18
      24
      17
      12
      10
      17
      18
      11
      20
      15
       9
      12
      17
      15
      14
      14
      12
       9
      21
      19
      20
      17
      12
      17
      15
      14
      18
      15
      13
      16
      12
      22
      10
      15
      19
      12
      19
      28
      12
      13
      19
       8
      19
      19
      14
      14
       7
      20
      18
      18
      18
      13
      25
      20
      14
      11
      16
      15
      12
      20
      10
      27
       9
      15
      15
      21
      11
      16
      18
      19
      23
      18
      13
      20
      10
      20
      15
      20
      19
      15
      13
      15
      28
      24
      14
      13
      23
      16
       6
      16
      10
      15
      25
      22
      15
      22
      17
      22
      21
      16
      21
      17
      13
      21
      16
      16
      18
      16
      16
      14
      12
      17
      19
      20
      21
      20
       8
      16
      16
      16
      19
      19
      18
      19
      20
      10
      12
      17
      22
      20
      16
      11
      12
      16
      24
      20
      22
      15
      16
      34
      15
      18
      22
      17
      22
      20
      19
      18
      17
      22
      19
      20
      19
      27
      17
      13
      13
      27
      26
      16
       9
      26
      18
      23
      17
      26
      17
      16
      18
      18
      21
      28
      27
      16
      21
      17
      22
      17
      14
      22
      23
      14
      19
      26
      18
      19
      23
      16
      17
      18
      16
      17
      22
      26
      15
      18
      12
      23
      28
      24
      13
      18
      15
      14
      25
      15
      22
      27
      15
      17
      11
      21
      23
      14
      22
      17
      25
      29
      13
      22
      22
      19
       7
      18
      15
      25
      16
      15
      21
      21
      23
      21
      20
      21
      23
      22
      11
      17
      23
      14
      19
      24
      20
      16
      27
      29
      33
      18
      20
      29
      18
      18
      16
      17
      17
      12
      20
      14
      15
      24
      27
      16
      36
      19
      19
      24
      30
      21
      18
      22
      23
      22
      26
      22
      21
      24
      20
      24
      19
      20
      28
      22
      18
      19
      25
      28
      24
      22
      29
      33
      22
      26
      17
      27
      18
      16
      24
      22
      20
      30
      17
      23
      14
      28
      30
      20
      21
      21
      28
      23
      21
      20
      23
      19
      24
      22
      13
      22
      24
      20
      23
      39
      24
      20
      17
      33
      21
      18
      22
      22
      27
      19
      19
      16
      27
      18
      24
      24
      22
      31
      18
      19
      30
      25
      22
      27
      17
      38
      20
      25
      20
      23
      24
      18
      27
      28
      22
      21
      23
      23
      30
      24
      37
      26
      25
      28
      25
      28
      21
      36
      30
      18
      20
      29
      25
      27
      24
      24
      21
      21
      29
      30
      32
      32
      29
      37
      38
      22
      23
      32
      27
      28
      32
      25
      30
      27
      31
      27
      28
      32
      24
      33
      29
      28
      27
      24
      27
      30
      33
      29
      27
      24
      28
      25
      22
      27
      33
      28
      23
      35
      30
      26
      24
      27
      33
      35
      31
      20
      30
      32
      39
      23
      30
      30
      31
      29
      27
      29
      26
      34
      28
      29
      27
      43
      24
      23
      25
      33
      28
      24
      41
      27
      26
      35
      37
      30
      34
      34
      28
      35
      26
      25
      26
      37
      29
      26
      34
      40
      34
      28
      24
      29
      25
      31
      34
      29
      37
      36
      42
      36
      31
      30
      33
      28
      31
      28
      20
      34
      30
      32
      34
      27
      33
      34
      32
      35
      39
      34
      33
      40
      36
      37
      45
      30
      24
      39
      20
      26
      23
      35
      31
      28
      39
      38
      29
      42
      43
      37
      43
      25
      38
      29
      35
      26
      34
      39
      24
      22
      29
      30
      33
      41
      40
      32
      40
      23
      39
      36
      43
      26
      36
      39
      36
      37
      43
      41
      33
      32
      24
      37
      43
      37
      37
      39
      41
      31
      43
      44
      39
      38
      35
      41
      38
      32
      34
      36
      25
      48
      37
      30
      35
      37
      33
      34
      41
      44
      34
      26
      35
      32
      43
      41
      39
      37
      39
      42
      43
      39
      33
      34
      39
      40
      39
      41
      56
      41
      58
      31
      41
      38
      31
      34
      37
      40
      51
      23
      49
      42
      45
      36
      35
      37
      41
      40
      43
      50
      43
      46
      33
      44
      36
      37
      42
      38
      37
      45
      42
      33
      40
      43
      35
      43
      42
      32
      47
      49
      38
      43
      35
      40
      46
      38
      43
      47
      45
      37
      32
      37
      40
      54
      35
      42
      35
      45
      50
      35
      31
      31
      31
      45
      35
      44
      36
      46
      42
      53
      46
      37
      41
      42
      54
      44
      53
      44
      41
      41
      44
      47
      37
      42
      51
      40
      52
      64
      43
      45
      49
      52
      44
      32
      56
      42
      61
      44
      54
      53
      54
      51
      53
      43
      58
      45
      53
      50
      42
      43
      50
      43
      47
      65
      54
      47
      56
      40
      40
      40
      62
      64
      53
      49
      63
      50
      60
      45
      36
      46
      70
      59
      52
      60
      44
      57
      34
      54
      54
      54
      59
      60
      52
      51
      61
      50
      53
      41
      55
      60
      52
      53
      47
      52
      47
      43
      57
      53
      55
      48
      48
      65
      40
      40
      67
      58
      50
      51
      40
      66
      44
      59
      60
      60
      65
      59
      54
      67
      63
      41
      54
      56
      62
      64
      60
      57
      53
      60
      53
      53
      57
      52
      54
      61
      46
      57
      62
      53
      60
      45
      58
      52
      60
      66
      60
      58
      65
      64
      60
      58
      53
      64
      71
      55
      63
      50
      66
      61
      75
      60
      61
      61
      62
      64
      73
      57
      62
      59
      65
      65
      57
      72
      83
      65
      85
      66
      77
      79
      66
      55
      65
      58
      58
      68
      76
      62
      58
      60
      69
      65
      67
      69
      60
      75
      72
      69
      72
      62
      62
      80
      66
      72
      74
      66
      65
      75
      63
      94
      69
      70
      51
      74
      70
      69
      77
      78
      76
      73
      72
      62
      72
      63
      72
      73
      77
      63
      68
      76
      63
      70
      71
      77
      76
      81
      75
      69
      87
      74
      86
      54
      75
      65
      76
      87
      75
      85
      75
      60
      86
      89
      76
      65
      61
      79
      71
      82
      86
      76
      90
      77
      75
      67
      79
      81
      72
      83
      78
      86
      80
      86
      69
      84
      76
      96
      86
      67
      82
      85
      73
      73
      83
      86
      74
      76
      83
      62
      93
     100
      95
      73
      89
     108
      76
      87
      90
      77
      71
      93
      84
      93
      72
      97
      81
      68
      90
      80
      81
      76
      84
      92
      85
     101
      85
      98
      75
      91
     101
     104
      70
      98
      79
      83
      96
      76
      79
      96
      92
      97
      95
      88
      90
      86
      76
      99
     100
      81
     100
      78
      88
      82
      81
      95
      91
      87
      90
      94
     102
      97
      93
      89
      97
      85
      96
     118
      90
     106
     106
      93
      94
      96
      95
     101
     103
     105
     110
     112
      95
     115
      81
     105
     114
      94
     103
      86
     114
     110
     105
      82
      96
     110
     108
      99
      95
     116
      78
     116
     113
      80
     104
     110
      96
      83
     117
     116
     103
     104
      95
     102
     111
     103
     116
     105
     114
     104
     101
      94
     106
     108
     122
     111
     119
     110
     121
     102
     102
     120
     105
     118
     105
     117
     126
     121
     129
     116
     106
     131
     115
     115
     121
     112
     115
     131
     106
     133
     120
     106
     103
     115
     138
     124
     108
     113
     136
     117
     132
     124
     109
     125
     122
     117
     128
     133
     151
     118
     117
     136
     132
     114
     118
     122
     124
     140
     146
     125
     129
     125
     114
     142
     124
     126
     123
     122
     111
     144
     117
     133
     146
     144
     115
     133
     143
     122
     137
     146
     125
     120
     118
     129
     136
     118
     129
     129
     117
     149
     148
     154
     110
     142
     132
     148
     149
     163
     146
     146
     147
     138
     141
     136
     137
     133
     141
     138
     131
     148
     139
     137
     140
     142
     160
     139
     129
     157
     137
     174
     146
     137
     143
     135
     134
     143
     139
     129
     146
     143
     138
     139
     165
     160
     152
     141
     131
     124
     149
     162
     158
     166
     164
     156
     159
     153
     145
     142
     156
     165
     174
     167
     164
     168
     171
     153
     185
     174
     153
     133
     154
     153
     164
     141
     168
     138
     168
     160
     172
     179
     177
     153
     167
     165
     155
     152
     156
     178
     171
     158
     157
     140
     189
     150
     180
     166
     155
     158
     157
     165
     157
     174
     170
     153
     154
     186
     193
     182
     175
     180
     187
     162
     177
     165
     170
     190
     177
     160
     169
     190
     196
     161
     149
     187
     190
     189
     170
     185
     193
     185
     187
     173
     172
     195
     196
     162
     172
     169
     168
     187
     203
     173
     191
     177
     198
     190
     202
     188
     204
     171
     183
     171
     190
     198
     180
     218
     203
     182
     202
     193
     210
     192
     190
     175
     196
     206
     168
     169
     193
     228
     182
     185
     170
     206
     166
     193
     204
     197
     180
     232
     205
     230
     226
     181
     197
     189
     208
     204
     208
     189
     228
     205
     215
     196
     213
     199
     234
     184
     234
     194
     206
     214
     195
     233
     213
     226
     219
     192
     230
     209
     236
     221
     218
     239
     247
     214
     240
     234
     235
     238
     234
     214
     215
     234
     208
     257
     210
     208
     250
     230
     253
     194
     240
     212
     243
     233
     217
     256
     213
     207
     232
     230
     197
     239
     225
     238
     212
     240
     261
     242
     257
     247
     235
     255
     225
     253
     271
     269
     255
     242
     258
     270
     232
     254
     216
     259
     260
     272
     254
     246
     229
     247
     261
     255
     244
     251
     234
     255
     245
     243
     247
     289
     282
     242
     267
     250
     269
     257
     260
     290
     246
     277
     243
     271
     263
     241
     235
     273
     259
     254
     269
     279
     258
     286
     227
     262
     266
     284
     254
     288
     282
     304
     255
     274
     278
     280
     263
     322
     292
     286
     248
     294
     297
     267
     290
     288
     259
     273
     310
     284
     320
     305
     290
     271
     316
     296
     290
     272
     332
     299
     309
     280
     244
     291
     312
     289
     318
     280
     333
     299
     322
     333
     321
     324
     322
     296
     285
     314
     292
     314
     297
     312
     318
     287
     316
     335
     288
     319
     314
     325
     328
     287
     333
     327
     310
     337
     311
     313
     300
     319
     348
     330
     347
     326
     310
     314
     331
     350
     360
     290
     293
     310
     325
     333
     344
     321
     306
     359
     313
     338
     329
     337
     347
     386
     344
     345
     344
     322
     341
     333
     350
     333
     363
     380
     365
     344
     377
     370
     354
     370
     369
     331
     355
     341
     382
     348
     382
     350
     352
     370
     368
     356
     354
     345
     340
     359
     389
     393
     369
     375
     369
     357
     372
     376
     390
     367
     416
     409
     385
     379
     392
     382
     403
     380
     424
     378
     423
     441
     386
     371
     401
     353
     397
     379
     397
     373
     404
     385
     402
     409
     409
     409
     403
     385
     409
     384
     400
     394
     369
     400
     392
     448
     427
     431
     413
     417
     426
     386
     445
     383
     460
     392
     415
     432
     436
     444
     411
     444
     446
     406
     375
     446
     442
     417
     410
     454
     456
     454
     453
     482
     417
     438
     444
     420
     439
     475
     440
     419
     463
     412
     483
     418
     442
     421
     482
     420
     444
     433
     443
     454
     435
     418
     500
     479
     471
     436
     448
     470
     480
     443
     482
     471
     475
     464
     441
     455
     427
     470
     487
     463
     478
     477
     497
     488
     470
     437
     437
     469
     484
     480
     456
     482
     478
     466
     489
     479
     486
     461
     503
     481
     508
     440
     465
     523
     466
     543
     507
     548
     530
     500
     544
     514
     458
     536
     510
     505
     476
     480
     516
     507
     495
     563
     521
     534
     531
     546
     547
     528
     525
     544
     544
     541
     492
     523
     511
     499
     544
     542
     538
     575
     548
     550
     506
     537
     537
     505
     531
     562
     549
     539
     483
     569
     551
     544
     568
     557
     553
     523
     555
     594
     548
     562
     617
     575
     537
     551
     567
     575
     630
     544
     586
     617
     560
     521
     592
     576
     520
     582
     576
     579
     618
     543
     569
     583
     609
     593
     593
     591
     606
     588
     581
     647
     618
     582
     607
     571
     597
     625
     581
     575
     589
     635
     576
     602
     580
     566
     579
     640
     650
     656
     610
     623
     592
     637
     659
     679
     659
     627
     613
     655
     666
     611
     613
     655
     624
     621
     609
     656
     621
     667
     643
     679
     613
     642
     651
     642
     618
     671
     674
     653
     642
     589
     632
     667
     703
     675
     668
     647
     650
     698
     643
     663
     617
     685
     692
     655
     665
     640
     716
     702
     717
     668
     674
     681
     678
     730
     696
     675
     680
     697
     708
     690
     722
     704
     699
     704
     693
     685
     733
     738
     719
     719
     755
     687
     702
     745
     661
     710
     656
     764
     653
     732
     754
     682
     734
     728
     701
     694
     696
     761
     762
     742
     717
     755
     752
     746
     698
     699
     781
     735
     743
     764
     729
     730
     752
     730
     731
     787
     748
     795
     759
     755
     779
     783
     781
     762
     787
     741
     796
     733
     793
     768
     745
     808
     793
     804
     787
     751
     759
     755
     733
     832
     799
     766
     825
     770
     850
     787
     850
     721
     817
     797
     770
     792
     829
     832
     800
     845
     810
     767
     779
     770
     782
     802
     860
     784
     812
     790
     816
     833
     822
     809
     801
     822
     837
     824
     824
     823
     804
     820
     865
     837
     860
     900
     835
     799
     850
     812
     876
     846
     870
     846
     883
     858
     838
     847
     888
     867
     863
     862
     849
     852
     808
     849
     884
     827
     875
     906
     890
     900
     867
     928
     899
     869
     871
     855
     899
     868
     894
     847
     886
     896
     922
     914
     909
     917
     927
     957
     893
     920
     887
     940
     844
     900
     959
     919
     981
     888
     907
     958
     942
     918
     905
     953
     915
     928
     935
     945
     879
     973
     957
     953
     934
     906
     915
     982
     940
     897
     875
     932
     991
     910
     974
    1001
     966
     962
     971
     927
     929
     891
     969
    1013
     975
     949
     985
    1023
     968
    1012
     941
     933
     982
    1017
     992
    1001
     958
     949
     971
    1024
    1011
    1036
     960
    1007
     958
    1046
    1026
     973
    1048
    1032
    1014
    1064
     956
    1032
     941
    1051
    1030
     967
    1003
     987
     971
    1037
    1015
    1023
    1048
    1039
    1077
    1034
     993
    1052
    1078
    1021
    1070
    1009
    1014
    1033
    1093
    1043
    1018
    1026
    1057
    1039
     979
    1044
    1079
    1048
    1071
    1029
    1053
    1062
    1054
    1033
    1035
    1050
    1138
    1092
    1054
    1062
    1034
    1080
    1097
    1116
    1047
    1067
    1084
    1064
    1071
    1060
    1084
    1064
    1057
    1077
    1037
    1064
     997
    1017
    1084
    1070
    1089
    1125
    1088
    1149
    1061
    1060
    1104
    1078
    1073
    1132
    1050
    1036
    1111
    1063
    1114
    1064
    1062
    1166
    1094
    1128
    1079
    1062
    1097
    1130
    1137
    1118
    1113
    1091
    1122
    1187
    1078
    1109
    1110
    1208
    1176
    1185
    1160
    1076
    1067
    1135
    1175
    1103
    1182
    1164
    1092
    1119
    1125
    1175
    1102
    1191
    1164
    1166
    1154
    1126
    1172
    1188
    1168
    1209
    1181
    1109
    1129
    1196
    1188
    1173
    1184
    1190
    1125
    1194
    1147
    1164
    1237
    1121
    1107
    1214
    1174
    1155
    1184
    1159
    1116
    1169
    1203
    1172
    1225
    1151
    1191
    1162
    1189
    1215
    1202
    1162
    1127
    1179
    1161
    1156
    1139
    1205
    1181
    1200
    1214
    1197
    1256
    1221
    1186
    1202
    1251
    1111
    1207
    1244
    1131
    1238
    1205
    1164
    1235
    1226
    1223
    1224
    1202
    1261
    1238
    1218
    1229
    1234
    1225
    1213
    1205
    1270
    1188
    1202
    1299
    1271
    1177
    1238
    1222
    1262
    1269
    1218
    1212
    1283
    1235
    1273
    1300
    1273
    1223
    1161
    1270
    1246
    1297
    1302
    1251
    1251
    1260
    1297
    1287
    1220
    1257
    1294
    1250
    1265
    1294
    1255
    1318
    1228
    1246
    1303
    1275
    1293
    1256
    1293
    1242
    1224
    1261
    1245
    1298
    1236
    1381
    1236
    1255
    1250
    1208
    1324
    1266
    1280
    1260
    1270
    1301
    1213
    1257
    1342
    1304
    1309
    1205
    1273
    1224
    1237
    1240
    1304
    1280
    1314
    1264
    1278
    1262
    1292
    1325
    1255
    1255
    1316
    1313
    1276
    1288
    1316
    1297
    1313
    1252
    1353
    1298
    1338
    1297
    1337
    1271
    1359
    1311
    1347
    1267
    1286
    1278
    1315
    1369
    1286
    1311
    1295
    1326
    1262
    1355
    1296
    1287
    1291
    1327
    1277
    1337
    1286
    1333
    1245
    1324
    1306
    1329
    1344
    1325
    1356
    1291
    1386
    1240
    1355
    1364
    1388
    1373
    1379
    1363
    1366
    1331
    1317
    1385
    1352
    1337
    1325
    1336
    1344
    1251
    1333
    1370
    1411
    1251
    1362
    1318
    1335
    1328
    1276
    1327
    1324
    1284
    1389
    1313
    1316
    1301
    1360
    1282
    1325
    1383
    1284
    1336
    1356
    1339
    1269
    1310
    1319
    1281
    1363
    1344
    1327
    1295
    1346
    1346
    1383
    1369
    1335
    1305
    1249
    1322
    1306
    1254
    1364
    1299
    1328
    1299
    1358
    1334
    1345
    1382
    1419
    1363
    1292
    1336
    1385
    1360
    1345
    1282
    1344
    1347
    1390
    1352
    1406
    1321
    1372
    1300
    1301
    1396
    1372
    1326
    1368
    1331
    1309
    1410
    1329
    1365
    1352
    1341
    1339
    1318
    1358
    1314
    1351
    1308
    1377
    1376
    1425
    1335
    1382
    1285
    1336
    1353
    1321
    1305
    1299
    1324
    1367
    1312
    1360
    1392
    1405
    1348
    1356
    1308
    1304
    1284
    1287
    1382
    1308
    1292
    1329
    1311
    1313
    1308
    1327
    1435
    1286
    1362
    1307
    1321
    1272
    1254
    1326
    1309
    1333
    1399
    1382
    1365
    1291
    1310
    1321
    1302
    1303
    1267
    1313
    1262
    1305
    1382
    1347
    1337
    1318
    1321
    1321
    1363
    1284
    1280
    1312
    1262
    1427
    1291
    1312
    1307
    1326
    1336
    1244
    1378
    1315
    1284
    1321
    1290
    1320
    1358
    1309
    1301
    1243
    1308
    1303
    1331
    1306
    1263
    1348
    1305
    1347
    1335
    1296
    1312
    1246
    1333
    1239
    1328
    1315
    1282
    1260
    1284
    1274
    1305
    1258
    1269
    1303
    1335
    1339
    1285
    1286
    1307
    1258
    1354
    1349
    1261
    1281
    1317
    1285
    1273
    1367
    1220
    1311
    1218
    1298
    1264
    1263
    1273
    1296
    1291
    1209
    1248
    1279
    1198
    1294
    1254
    1323
    1211
    1284
    1269
    1258
    1256
    1216
    1305
    1226
    1300
    1222
    1242
    1271
    1248
    1284
    1338
    1231
    1305
    1238
    1288
    1214
    1265
    1177
    1271
    1249
    1239
    1237
    1249
    1272
    1192
    1249
    1220
    1273
    1225
    1232
    1245
    1296
    1228
    1249
    1298
    1236
    1135
    1220
    1150
    1173
    1222
    1201
    1255
    1210
    1227
    1156
    1216
    1241
    1255
    1248
    1158
    1198
    1246
    1225
    1249
    1227
    1231
    1176
    1247
    1188
    1209
    1188
    1224
    1201
    1203
    1163
    1252
    1144
    1185
    1206
    1193
    1199
    1200
    1158
    1150
    1171
    1199
    1157
    1171
    1216
    1145
    1155
    1109
    1163
    1176
    1162
    1205
    1146
    1091
    1206
    1161
    1160
    1165
    1141
    1166
    1152
    1239
    1169
    1076
    1144
    1139
    1164
    1155
    1098
    1156
    1165
    1102
    1194
    1080
    1155
    1118
    1117
    1118
    1108
    1190
    1112
    1167
    1108
    1108
    1114
    1081
    1150
    1145
    1097
    1152
    1118
    1067
    1122
    1134
    1095
    1089
    1101
    1056
    1115
    1089
    1069
    1072
    1049
    1041
    1088
    1067
    1109
    1082
    1069
    1065
    1129
    1041
    1044
     974
    1039
    1054
    1062
    1032
    1086
    1019
    1034
    1048
    1023
    1094
    1090
    1034
    1013
    1078
    1054
    1106
    1028
    1052
    1034
    1026
    1022
    1069
     982
    1053
    1011
    1048
    1062
    1075
     956
    1074
    1001
    1070
    1019
    1016
    1032
    1001
    1023
    1005
     975
    1000
     992
    1012
     944
     940
     994
    1002
    1020
    1032
    1007
     940
    1057
     970
    1010
     983
     954
     992
    1013
     949
     982
    1039
     968
     953
     972
     938
     963
     981
     958
     917
     945
    1021
     970
     958
     926
     938
     994
     941
     950
     925
     938
     931
     912
     948
     920
     924
     912
     943
     926
     900
     938
     895
     911
     936
     913
     881
     897
     907
     889
     853
     849
     835
     854
     860
     897
     925
     869
     864
     873
     882
     913
     869
     854
     887
     833
     898
     910
     871
     813
     930
     896
     854
     874
     830
     828
     861
     852
     965
     859
     842
     820
     820
     906
     886
     813
     827
     844
     843
     844
     864
     826
     847
     749
     851
     786
     795
     806
     804
     787
     829
     786
     876
     806
     820
     847
     845
     779
     760
     824
     829
     769
     772
     777
     839
     778
     771
     800
     803
     764
     781
     840
     809
     724
     783
     786
     706
     775
     706
     809
     752
     792
     718
     667
     702
     777
     781
     758
     769
     742
     766
     717
     768
     779
     732
     754
     759
     701
     690
     707
     717
     655
     709
     698
     665
     713
     710
     711
     663
     654
     698
     671
     684
     647
     707
     684
     625
     660
     662
     714
     713
     692
     687
     710
     713
     652
     694
     648
     683
     638
     604
     655
     604
     630
     622
     670
     653
     631
     668
     621
     638
     643
     620
     611
     640
     691
     595
     617
     679
     589
     653
     665
     634
     612
     596
     567
     613
     580
     601
     600
     587
     579
     603
     530
     599
     618
     592
     602
     564
     611
     607
     586
     563
     531
     569
     550
     563
     578
     573
     534
     558
     550
     560
     535
     527
     539
     543
     555
     520
     521
     571
     544
     563
     577
     592
     536
     546
     556
     520
     527
     546
     525
     504
     514
     509
     511
     478
     508
     555
     527
     480
     518
     471
     491
     506
     476
     557
     541
     569
     490
     449
     496
     500
     495
     481
     453
     478
     425
     470
     497
     497
     440
     487
     453
     486
     471
     473
     507
     459
     452
     465
     419
     462
     466
     436
     456
     429
     448
     425
     457
     460
     449
     445
     419
     467
     407
     409
     432
     472
     432
     401
     423
     396
     433
     441
     399
     428
     415
     422
     422
     425
     410
     398
     408
     391
     390
     365
     396
     389
     404
     385
     398
     372
     370
     437
     402
     355
     373
     385
     376
     404
     368
     386
     380
     384
     356
     343
     358
     356
     395
     384
     344
     360
     327
     327
     313
     363
     362
     358
     353
     389
     351
     322
     344
     335
     324
     318
     341
     327
     359
     325
     373
     313
     357
     324
     294
     343
     310
     320
     299
     320
     326
     287
     317
     314
     314
     299
     309
     312
     306
     309
     291
     351
     305
     308
     285
     290
     304
     299
     299
     322
     286
     315
     271
     310
     304
     265
     255
     288
     247
     294
     278
     287
     300
     274
     293
     254
     282
     275
     264
     253
     271
     247
     278
     255
     250
     257
     282
     259
     234
     252
     289
     254
     247
     234
     252
     247
     225
     240
     229
     249
     235
     205
     236
     231
     223
     244
     222
     230
     226
     176
     220
     217
     219
     210
     199
     234
     217
     213
     190
     223
     201
     212
     190
     221
     201
     215
     234
     212
     210
     199
     187
     211
     235
     182
     198
     198
     209
     197
     191
     189
     203
     194
     189
     196
     195
     183
     187
     195
     165
     168
     187
     182
     167
     206
     180
     150
     192
     189
     190
     183
     163
     187
     159
     163
     148
     166
     156
     157
     150
     160
     163
     173
     174
     135
     146
     152
     169
     147
     177
     125
     167
     164
     148
     137
     154
     163
     152
     158
     143
     134
     140
     145
     141
     150
     149
     159
     137
     157
     132
     138
     138
     151
     130
     142
     117
     124
     133
     156
     125
     115
     145
     138
     143
     134
     150
     134
     123
     122
     137
     100
     132
     138
     121
     117
     143
     121
     118
      91
     134
      98
     129
     118
     123
     123
     113
     117
     103
     112
     125
     116
     102
     108
     103
     110
      96
     101
     117
     113
      86
     108
      99
      92
     110
     105
      98
      94
     104
     114
     107
      99
     106
     102
      82
      93
      93
     105
      89
     104
      74
      94
     100
     105
      96
      98
      81
      91
      78
      86
      84
      90
      89
      88
      77
      76
      70
      90
      80
      88
      84
      71
      82
      82
      79
      65
      75
      71
      79
      63
      76
      63
      64
      70
      60
      84
      94
      62
      77
      57
      64
      81
      74
      75
      67
      50
      61
      76
      66
      66
      72
      68
      50
      70
      64
      55
      69
      68
      53
      55
      64
      62
      68
      56
      55
      63
      57
      52
      48
      56
      53
      53
      71
      53
      47
      57
      54
      51
      73
      49
      55
      44
      47
      51
      40
      44
      52
      59
      45
      53
      49
      44
      54
      47
      57
      57
      50
      53
      52
      44
      43
      51
      48
      51
      42
      58
      52
      42
      40
      54
      32
      45
      53
      31
      39
      48
      42
      47
      40
      39
      47
      37
      40
      39
      41
      26
      41
      37
      38
      41
      43
      36
      38
      43
      41
      36
      36
      38
      38
      35
      37
      44
      26
      30
      35
      33
      30
      38
      25
      47
      47
      30
      29
      27
      35
      29
      42
      25
      27
      31
      26
      22
      29
      30
      33
      31
      29
      31
      28
      35
      29
      36
      28
      28
      26
      29
      29
      26
      20
      29
      24
      27
      25
      26
      32
      20
      26
      32
      25
      26
      30
      24
      24
      23
      22
      27
      25
      20
      26
      22
      18
      19
      26
      32
      22
      24
      20
      24
      20
      14
      17
      27
      19
      19
      16
      21
      23
      22
      20
      20
      20
      22
      19
      22
      19
      25
      18
      19
      16
      15
      21
      13
      24
      23
      20
      19
      21
      18
      19
      29
      14
      20
      22
      16
      18
      26
      22
      20
      13
      20
      14
      17
      16
      14
      11
      12
      11
      14
       9
      10
      10
      11
      15
      14
      17
       9
      15
      14
      12
      11
      14
      16
      15
      13
      11
      17
      10
      15
      12
      10
      11
      11
      21
      12
      15
      16
      18
      11
       9
      17
      13
      12
      14
      11
      16
       6
      10
      10
      10
       8
      13
      14
      10
      13
      18
      10
       7
      13
      13
      11
       8
      10
       9
      14
      11
       8
      12
       8
      12
      12
      11
       6
      10
      11
      10
       5
       8
      13
      10
      10
      11
      10
       7
       9
       4
       9
      17
       8
       7
      10
       4
       7
      12
       7
       5
       9
       7
      11
       6
       7
       4
       7
       4
       9
       7
       3
      11
       8
      11
       8
      11
       6
       5
       8
       3
       8
       5
       1
       8
       8
       7
       9
       7
      10
       6
       6
       4
       3
       8
       2
       7
       8
       5
       5
       9
       5
       5
       5
       6
       4
       4
       9
       5
       8
       9
       9
       7
       8
       4
       6
       7
       9
       6
       9
       3
       6
       7
       8
       6
       7
       6
       6
       7
       6
      10
      10
       6
       5
      10
       5
       5
       9
       9
       1
      11
       7
       5
       8
       4
       6
       5
       9
       7
       4
       8
       3
       7
       2
       8
       7
       6
       6
       9
       5
      10
       7
       5
       5
       7
       7
       9
       3
       5
       1
       9
       4
       5
       2
       8
       6
       3
       4
       2
       4
       4
       5
       4
       5
       1
       4
       7
       4
       5
       2
       1
       4
       9
       3
       4
       6
       4
       5
       2
       7
       4
       3
       3
       3
       6
       5
       5
       8
       5
       5
       3
       4
       5
       9
       2
       7
       4
       2
       2
       3
       3
       5
       4
       6
       2
       4
       3
       4
       3
       2
       2
       7
       3
       1
       3
       4
       3
      11
       4
       6
       4
       1
       7
       2
       2
       6
       3
       3
       3
       3
       3
       4
       4
       6
      10
       5
       8
       5
       2
       4
       6
       5
       1
       2
       2
       5
       1
       4
       5
       2
       1
       5
       3
       3
       3
      10
       5
       2
       2
       3
       3
       1
       5
       4
       6
       1
       4
       4
       2
       4
       5
       6
       3
       1
       5
       3
       2
       6
       1
       3
       2
       5
       2
       2
       1
       3
       3
       3
       5
       4
       3
       4
       7
       2
       5
       2
       9
       2
       5
       3
       5
       3
       4
       1
       2
       4
       4
       4
       4
       4
       5
       3
       4
       6
       4
       1
       5
       4
       3
       1
       2
       1
       3
       5
       5
       2
       5
       3
       3
       0
       4
       2
       0
       3
       3
       1
       4
       2
       3
       3
       1
       0
       3
       3
       2
       3
       4
       5
       0
       2
       1
       4
       6
       2
       7
       2
       4
       4
       0
       2
       4
       1
       7
       2
       5
       4
       1
       0
       2
       3
       1
       5
       2
       6
       2
       4
       4
       2
       3
       2
       4
       2
       6
       4
       1
       4
       3
       2
       4
       1
       4
       5
       2
       4
       6
       4
       2
       7
       3
       4
       3
       0
       2
       4
       2
       0
       3
       4
       3
       2
       1
       4
       4
       3
       5
       4
       3
       5
       5
       3
       3
       1
       1
       1
       2
       2
       2
       3
       2
       3
       1
       2
       4
       2
       3
       1
       3
       6
       3
       3
       1
       4
       3
       0
       6
       4
       2
       2
       2
       6
       4
       0
       6
       2
       4
       3
       4
       2
       2
       6
       3
       2
       1
       4
       3
       2
       1
       6
       1
       4
       1
       3
       3
       6
       3
       4
       4
       3
       1
       4
       2
       5
       4
       5
       3
       3
       3
       5
       5
       3
       1
       2
       1
       3
       3
       2
       6
       4
       0
       3
       5
       4
       3
       4
       3
       1
       2
       2
       2
       7
       5
       1
       5
       3
       2
       2
       3
       1
       3
       0
       3
       3
       4
       1
       4
       0
       5
       1
       2
       2
       4
       2
       2
       2
       5
       5
       3
       5
       0
       1
       1
       4
       2
       1
       2
       3
       1
       4
       2
       4
       0
       1
       1
       5
       2
       3
       6
       2
       3
       1
       1
       5
       1
       4
       2
       3
       1
       1
       1
       6
       3
       1
       3
       3
       4
       1
       4
       5
       7
       4
       5
       1
       3
       1
       3
       1
       4
       5
       4
       4
       3
       5
       5
       3
       5
       4
       4
       2
       1
       8
       4
       5
       5
       2
       3
       5
       3
       4
       5
       3
       6
       3
       0
       3
       5
       3
       2
       7
       1
       5
       3
       0
       2
       4
       3
       1
       5
       2
       2
       2
       2
       4
       2
       2
       8
       5
       0
       1
       3
       3
       6
       5
       6
       5
       2
       5
       4
       5
       3
       3
       1
       5
       1
       1
       2
       7
       2
       0
       3
       3
       1
       3
       6
       4
       2
       2
       3
       2
       0
       7
       5
       6
       2
       3
       2
       6
       2
       3
       4
       7
       4
       2
       1
       2
       8
       2
       2
       2
       2
       2
       3
       0
       5
       2
       1
       5
       5
       6
       2
       3
       2
       2
       5
       3
       1
       3
       4
       5
       3
       4
       3
       3
       0
       3
       3
       4
       3
       1
       2
       4
       5
       0
       0
       4
       4
       5
       2
       5
       4
       3
       1
       3
       1
       3
       5
       0
       2
       0
       2
       2
       2
       0
       1
       1
       2
       3
       0
       2
       2
       5
       1
       3
       4
       1
       1
       0
       0
       3
       2
       1
       2
       3
       3
       3
       1
       2
       5
       3
       1
       1
       1
       1
       0
       1
       4
       3
       4
       1
       3
       0
       2
       1
       0
       1
       3
       4
       4
       1
       3
       3
       3
       2
       2
       3
       2
       2
       3
       3
       2
       1
       1
       0
       5
       0
       0
       2
       4
       2
       2
       1
       1
       2
       2
       2
       0
       2
       3
       0
       4
       2
       1
       3
       3
       2
       1
       4
       1
       4
       3
       3
       1
       2
       2
       2
       5
       2
       0
       1
       3
       2
       2
       5
       3
       2
       1
       1
       2
       2
       3
       5
       2
       3
       4
       3
       4
       2
       0
       2
       2
       0
       0
       0
       2
       1
       3
       1
       1
       3
       2
       3
       2
       2
       4
       1
       0
       5
       2
       1
       2
       1
       1
       1
       0
       1
       0
       2
       0
       1
       1
       0
       1
       1
       0
       1
       2
       1
       1
       2
       1
       3
       0
       1
       3
       0
       3
       1
       1
       2
       2
       2
       1
       3
       2
       0
       1
       2
       0
       2
       3
       1
       0
       4
       0
       1
       1
       2
       2
       2
       1
       0
       1
       1
       3
       0
       0
       2
       3
       2
       2
       1
       1
       3
       1
       3
       1
       4
       1
       2
       2
       3
       0
       3
       2
       1
       2
       3
       3
       0
       1
       2
       3
       1
       1
       1
       2
       1
       2
       3
       0
       1
       2
       1
       3
       0
       3
       1
       1
       1
       2
       3
       2
       1
       4
       5
       1
       4
       0
       2
       2
       2
       2
       0
       3
       3
       2
       3
       0
       2
       3
       1
       3
       0
       2
       0
       1
       3
       2
       1
       1
       2
       5
       0
       4
       2
       2
       1
       0
       4
       1
       1
       1
       2
       4
       2
       2
       2
       0
       5
       3
       3
       1
       1
       2
       1
       2
       3
       0
       2
       3
       1
       1
       3
       0
       0
       3
       0
       2
       1
       0
       0
       1
       1
       1
       4
       4
       0
       2
       0
       1
       2
       1
       0
       2
       3
       3
       1
       1
       3
       3
       3
       1
       2
       2
       5
       2
       1
       4
       3
       4
       1
       4
       1
       1
       0
       1
       2
       3
       1
       6
       3
       1
       7
       3
       5
       2
       1
       2
       1
       3
       3
       0
       0
       1
       3
       2
       2
       0
       0
       3
       0
       1
       4
       1
       2
       3
       2
       4
       4
       2
       2
       1
       3
       4
       1
       4
       3
       6
       3
       2
       0
       4
       3
       2
       1
       1
       1
       1
       2
       1
       4
       4
       1
       4
       1
       2
       4
       1
       1
       4
       2
       2
       0
       3
       1
       4
       5
       3
       2
       2
       1
       1
       0
       2
       3
       0
       2
       1
       3
       3
       1
       1
       2
       1
       2
       2
       1
       1
       2
       1
       1
       3
       1
       1
       0
       1
       2
       2
       1
       1
       1
       2
       1
       1
       1
       0
       1
       0
       1
       2
       2
       5
       2
       3
       0
       2
       4
       2
       4
       2
       1
       1
       3
       2
       2
       1
       2
       4
       0
       0
       2
       3
       3
       3
       0
       1
       2
       2
       1
       0
       1
       1
       4
       1
       1
       1
       1
       4
       2
       1
       0
       3
       3
       3
       1
       3
       6
       2
       3
       2
       2
       0
       2
       1
       0
       1
       0
       2
       1
       1
       1
       1
       2
       3
       3
       3
       1
       1
       3
       1
       1
       2
       1
       2
       0
       2
       3
       2
       0
       1
       3
       1
       2
       0
       3
       0
       5
       0
       2
       2
       5
       2
       1
       2
       2
       0
       2
       1
       1
       2
       0
       0
       2
       1
       0
       0
       2
       1
       2
       2
       2
       2
       1
       2
       2
       1
       0
       1
       1
       2
       2
       1
       4
       0
       3
       2
       2
       2
       2
       2
       3
       3
       1
       2
       0
       0
       1
       1
       2
       1
       2
       1
       2
       1
       1
       1
       0
       0
       5
       2
       1
       6
       3
       1
       1
       0
       3
       1
       2
       1
       1
       1
       0
       3
       0
       3
       3
       1
       3
       1
       2
       3
       1
       2
       1
       1
       2
       1
       1
       2
       3
       1
       5
       1
       0
       1
       0
       5
       1
       1
       0
       1
       2
       2
       2
       0
       1
       3
       2
       2
       1
       6
       0
       1
       0
       0
       4
       1
       0
       0
       2
       2
       5
       1
       1
       2
       1
       1
       3
       2
       2
       1
       0
       3
       2
       1
       4
       1
       4
       2
       2
       2
       1
       3
       2
       1
       1
       4
       2
       4
       1
       0
       3
       3
       2
       3
       0
       1
       1
       5
       1
       0
       2
       1
       1
       3
       1
       3
       0
       2
       3
       0
       3
       2
       2
       0
       2
       2
       0
       1
       1
       2
       0
       2
       1
       2
       1
       1
       0
       2
       0
       4
       0
       3
       3
       0
       3
       1
       1
       1
       1
       3
       0
       1
       0
       1
       1
       0
       0
       1
       0
       2
       1
       0
       4
       1
       1
       0
       2
       4
       3
       0
       1
       2
       1
       1
       3
       2
       3
       4
       2
       3
       1
       1
       2
       2
       3
       2
       2
       1
       1
       0
       2
       0
       2
       1
       0
       2
       1
       2
       1
       1
       1
       1
       1
       3
       0
       1
       2
       0
       2
       3
       1
       3
       0
       2
       2
       2
       0
       2
       2
       2
       1
       1
       0
       0
       3
       1
       0
       4
       1
       2
       0
       2
       2
       2
       2
       1
       1
       0
       1
       1
       1
       1
       2
       2
       0
       1
       1
       3
       0
       1
       0
       1
       2
       0
       1
       0
       4
       2
       3
       2
       2
       0
       1
       1
       5
       4
       2
       0
       1
       2
       1
       2
       2
       2
       0
       2
       2
       0
       3
       0
       1
       2
       0
       0
       1
       2
       1
       1
       0
       0
       3
       1
       2
       2
       0
       0
       1
       0
       1
       1
       2
       0
       2
       2
       0
       0
       3
       1
       3
       0
       1
       1
       1
       1
       1
       3
       1
       0
       2
       2
       0
       0
       2
       0
       0
       1
       1
       0
       1
       2
       3
       0
       1
       0
       3
       0
       0
       3
       1
       0
       0
       1
       2
       0
       0
       1
       1
       3
       0
       1
       0
       2
       2
       1
       0
       2
       0
       1
       2
       2
       0
       1
       0
       1
       0
       2
       2
       1
       3
       0
       0
       2
       1
       0
       3
       1
       4
       0
       3
       1
       0
       0
       0
       2
       1
       2
       1
       2
       1
       1
       0
       1
       2
       2
       1
       0
       0
       2
       0
       4
       3
       0
       0
       0
       1
       0
       0
       3
       0
       1
       1
       1
       1
       3
       2
       1
       0
       1
       3
       1
       1
       0
       2
       0
       1
       0
       1
       1
       3
       1
       1
       1
       0
       1
       0
       1
       3
       1
       0
       1
       2
       1
       1
       0
       3
       2
       0
       1
       1
       2
       1
       0
       1
       1
       0
       0
       2
       0
       1
       1
       0
       0
       2
       3
       2
       1
       3
       4
       3
       2
       5
       3
       1
       1
       1
       1
       1
       2
       0
       1
       0
       1
       1
       0
       1
       1
       1
       0
       1
       1
       0
       2
       1
       0
       0
       1
       1
       3
       2
       0
       1
       2
       0
       1
       2
       1
       0
       1
       2
       0
       0
       2
       2
       2
       1
       2
       0
       0
       0
       1
       2
       1
       0
       2
       0
       1
       1
       3
       3
       3
       2
       0
       1
       0
       1
       3
       0
       1
       0
       1
       0
       0
       1
       1
       0
       2
       1
       0
       3
       0
       2
       1
       3
       1
       0
       1
       1
       1
       1
       1
       1
       1
       2
       1
       2
       2
       1
       1
       1
       3
       0
       2
       0
       1
       0
       1
       1
       0
       0
       0
       2
       0
       1
       1
       1
       1
       1
       0
       1
       1
       1
       3
       0
       0
       0
       4
       0
       0
       2
       1
       1
       2
       0
       2
       3
       0
       1
       2
       0
       1
       1
       2
       0
       0
       0
       0
       0
       1
       0
       1
       1
       0
       0
       0
       0
       2
       0
       1
       1
       0
       2
       0
       0
       0
       2
       2
       0
       0
       0
       2
       0
       0
       1
       0
       1
       1
       0
       0
       2
       1
       0
       1
       1
       0
       1
       0
       0
       0
       0
       1
       1
       1
       0
       1
       0
       1
       1
       1
       0
       0
       1
       1
       1
       0
       0
       0
       0
       2
       0
       0
       2
       1
       1
       1
       2
       1
       1
       0
       0
       0
       0
       0
       2
       2
       0
       2
       0
       0
       0
       1
       0
       1
       0
       3
       0
       2
       3
       2
       1
       0
       1
       0
       0
       0
       0
       0
       0
       1
       0
       0
       0
       1
       0
       1
       0
       1
       1
       0
       1
       0
       1
       0
       0
       1
       1
       1
       1
       2
       0
       0
       1
       0
       1
       0
       0
       2
       0
       0
       0
       2
       1
       1
       1
       1
       1
       1
       2
       0
       0
       1
       0
       0
       3
       0
       1
       0
       0
       0
       0
       0
       0
       0
       0
       1
       1
       1
       1
       0
       1
       0
       0
       0
       1
       0
       1
       0
       2
       0
       0
       1
       0
       0
       0
       0
       1
       0
       1
       0
       1
       1
       0
       0
       1
       0
       1
       0
       1
       2
       1
       0
       0
       0
       1
       1
       0
       0
       0
       0
       2
       1
       0
       0
       0
       1
       1
       0
       2
       0
       2
       0
       0
       1
       0
       0
       0
       1
       0
       0
       1
       1
       0
       0
       0
       0
       0
       1
       0
       1
       2
       1
       1
       1
       2
       2
       1
       0
       1
       0
       0
       0
       0
       0
       0
       0
       0
       0
       0
       0
       0
       0
       1
       0
       1
       0
       0
       0
       0
       1
       0
       1
       0
       1
       0
       0
       1
       0
       0
       0
       0
       0
       0
       1
       0
       1
       1
       0
       0
       1
       2
       0
       1
       1
       1
       1
       2
       0
       0
       1
       0
       0
       0
       0
       0
       0
       0
       0
       0
       1
       0
       0
       1
       1
       0
       1
       0
       1
       1
       0
       0
       2
       1
       0
       0
       0
       1
       1
       0
       0
       0
       2
       0
       1
       0
       0
       0
       0
       1
       0
       0
       1
       0
       0
       0
       0
       0
       0
       0
       1
       0
       1
       0
       0
       1
       0
       0
       1
       0
       0
       1
       1
       1
       2
       0
       1
       0
       0
       0
       0
       1
       0
       0
       0
       0
       1
       0
       3
       0
       0
       1
       0
       0
       0
       1
       0
       1
       0
       0
       0
       1
       0
       0
       1
       1
       0
       0
       0
       1
       0
       0
       0
       1
       1
       1
       0
       0
       0
       0
       1
       0
       1
       0
       1
       0
       0
       2
       0
       0
       0
       1
       0
       1
       0
       0
       1
       0
       0
       0
       0
       0
       0
       0
       0
       0
       1
       0
       1
       0
       1
       2
       0
       0
       0
       0
       0
       0
       0
       0
       0
       0
       0
       0
       0
       1
       0
       1
       0
       0
       1
       1
       0
       0
       0
       1
       0
       0
       0
       0
       0
       0
       0
       0
       0
       0
       0
       1
       0
       0
       0
       1
       3
       0
       1
       1
       0
       0
       0
       0
       1
       0
       0
       0
       0
       1
       1
       1
       0
       0
       0
       0
       0
       0
       0
       0
       1
       0
       1
       1
       0
       1
       1
       0
       0
       1
       0
       0
       0
       0
       0
       0
       0
       0
       0
       0
       0
       0
       1
       0
       0
       1
       0
       0
       1
       0
       0
       0
       1
       0
       0
       1
       0
       1
       1
       0
       1
       1
       0
       0
       0
       0
       0
       0
       0
       0
       0
       0
       1
       0
       0
       0
       0
       0
       0
       0
       0
       0
       0
       0
       0
       0
       0
       0
       0
       0
       0
       0
       0
       0
       1
       0
       0
       0
       0
       1
       0
       0
       0
       1
       0
       0
       0
       0
       0
       0
       1
       0
       0
       0
       2
       0
       1
       0
       0
       0
       0
       1
       0
       0
       0
       0
       1
       0
       0
       0
       0
       3
       0
       0
       1
       0
       0
       0
       0
       0
       0
       0
       0
       2
       0
       0
       0
       1
       0
       0
       1
       2
       0
       0
       2
       0
       0
       0
       1
       0
       0
       1
       0
       0
       0
       0
       0
       0
       0
       1
       0
       0
       0
       1
       0
       0
       0
       0
       0
       0
       0
       1
       0
       0
       0
       0
       0
       0
       0
       0
       0
       0
       0
       1
       0
       0
       0
       0
       0
       0
       0
       0
       0
       0
       0
       0
       0
       1
       0
       0
       0
       0
       0
       0
       0
       0
       0
       0
       0
       1
       0
       0
       0
       1
       0
       1
       0
       0
       0
       0
       0
       0
       0
       0
       0
       1
       0
       0
       1
       1
       0
       0
       0
       0
       0
       0
       0
       0
       0
       0
       0
       0
       0
       0
       0
       0
       0
       0
       0
       0
       0
       1
       2
       0
       0
       0
       0
       0
       0
       0
       0
       0
       0
       0
       0
       0
       0
       1
       0
       0
       0
       0
       0
       1
       0
       0
       0
       0
       0
       0
       0
       0
       1
       0
       0
       0
       0
       0
       0
       0
       0
       0
       0
       0
       0
       0
       0
       0
       0
       0
       0
       0
       0
       0
       1
       1
       0
       1
       0
       0
       0
       0
       1
       0
       0
       0
       0
       0
       0
       0
       0
       0
       0
       0
       0
       0
       0
       1
       0
       0
       0
       0
       0
       0
       1
       0
       0
       0
       0
       0
       0
       0
       0
       0
       0
       0
       1
       0
       0
       0
       0
       0
       0
       0
       0
       0
       0
       0
       0
       0
       1
       0
       0
       0
       0
       0
       0
       0
       0
       1
       0
       1
       0
       0
       0
       1
       0
       0
       0
       0
       0
       0
       0
       1
       0
       0
       0
       0
       0
       0
       0
       0
       0
       0
       0
       0
       0
       0
       0
       0
       2
       0
       0
       1
       0
       0
       0
       0
       0
       0
       0
       0
       0
       0
       0
       0
       1
       0
       0
       0
       1
       0
       0
       0
       0
       0
       0
       0
       0
       0
       0
       0
       0
       0
       0
       0
       0
       0
       0
       0
       0
       0
       0
       1
       0
       0
       0
       0
       0
       0
       0
       0
       0
       0
       0
       0
       0
       0
       0
       0
       0
       0
       0
       1
       0
       0
       0
       0
       0
       0
       0
       0
       0
       0
       0
       0
       0
       0
       0
       0
       0
       0
       0
       0
       0
       0
       0
       0
       0
       1
       0
       0
       0
       0
       0
       0
       0
       0
       0
       0
       0
       0
       0
       0
       0
       0
       0
       0
       0
       0
       0
       0
       0
       0
       0
       0
       0
       0
       0
       0
       0
       0
       0
       0
       0
       0
       0
       0
       0
       0
       0
       1
       0
       0
       0
       0
       0
       0
       0
       0
       0
       1
       1
       0
       0
       0
       0
       0
       0
       0
       0
       0
       0
       0
       0
       0
       0
       0
       0
       0
       0
       0
       0
       0
       0
       0
       0
       0
       0
       0
       1
       0
       0
       0
       0
       0
       0
       0
       0
       0
       0
       0
       0
       0
       0
       0
       0
       0
       0
       0
       0
       0
       0
       0
       0
       0
       0
       0
       0
       0
       0
       0
       0
       0
       0
       0
       0
       0
       0
       0
       0
       0
       0
       0
       0
       0
       0
       0
       0
       0
       0
       0
       0
       0
       0
       0
       0
       0
       0
       0
       0
       0
       0
       0
       0
       0
       0
       0
       0
       0
       0
       0
       0
       0
       0
       0
       0
       0
       0
       0
       0
       0
       0
       0
       0
       0
       0
       0
       0
       0
       0
       0
       0
       0
       0
       0
       0
       0
       0
       0
       1
       1
       0
       0
       0
       0
       0
       0
       0
       0
       0
       0
       0
       0
       0
       0
       0
       0
       0
       0
       0
       0
       0
       0
       0
       0
       0
       0
       0
       0
       0
       0
       0
       0
       0
       0
       0
       0
       0
       0
       0
       0
       0
       0
       0
       0
       0
       0
       0
       0
       0
       0
       0
       0
       0
       0
       0
       0
       0
       0
       0
       0
       0
       0
       0
       0
       0
       0
       0
       0
       0
       0
       0
       0
       0
       0
       0
       0
       0
       0
       0
       0
       0
       0
       0
       0
       0
       0
       0
       0
       0
       0
       0
       0
       0
       0
       0
       0
       0
       0
       0
       0
       0
       0
       0
       0
       0
       0
       0
       0
       0
       0
       0
       0
       0
       0
       0
       0
       0
       0
       0
       0
       0
       0
       0
       0
       0
       0
       0
       0
       0
       0
       0
       0
       0
       0
       0
       0
       0
       0
       0
       0
       0
       0
       0
       0
       0
       0
       0
       0
       0
       0
       0
       0
       0
       0
       0
       0
       0
       0
       0
       0
       0
       1
       0
       0
       0
       0
       0
       0
       0
       0
       0
       0
       0
       0
       0
       0
       0
       0
       0
       0
       0
       0
       0
       0
       0
       0
       0
       0
       0
       0
       0
       0
       0
       0
       0
       0
       0
       0
       0
       0
       0
       0
       0
       0
       0
       0
       0
       0
       0
       0
       0
       0
       0
       0
       0
       0
       0
       0
       0
       0
       0
       0
       0
       0
       0
       0
       0
       0
       0
       0
       0
       0
       0
       0
       0
       0
       0
       0
       0
       0
       0
       0
       0
       0
       0
       0
       0
       0
       0
       0
       0
       0
       0
       0
       0
       0
       0
       0
       0
       0
       0
       0
       0
       0
       0
       0
       0
       0
       0
       0
       0
       0
       0
       0
       0
       0
       0
       0
       0
       0
       0
       0
       0
       0
       0
       0
       0
       0
       0
       0
       0
       0
       0
       0
       0
       0
       0
       0
       0
       0
       0
       0
       0
       0
       0
       0
       0
       0
       0
       0
       0
       0
       0
       0
       0
       0
       0
       0
       0
       0
       0
       0
       0
       0
       0
       0
       0
       0
       0
       0
       0
       0
       0
       0
       0
       0
       0
       0
       0
       0
       0
       0
       0
       0
       0
       0
       0
       0
       0
       0
       0
       0
       0
       0
       0
       0
       0
       0
       0
       0
       0
       0
       0
       0
       0
       0
       0
       0
       0
       0
       0
       0
       0
       0
       0
       0
       0
       0
       0
       0
       0
       0
       0
       0
       0
       0
       0
       0
       0
       0
       0
       0
       0
       0
       0
       0
       0
       0
       0
       0
       0
       0
       0
       0
       0
       0
       0
       0
       0
       0
       0
       0
       0
       0
       0
       0
       0
       0
       0
       0
       0
       0
       0
       0
       0
       0
       0
       0
       0
       0
       0
       0
       0
       0
       0
       0
       0
       0
       0
       0
       0
       0
       0
       0
       0
       0
       0
       0
       0
       0
       0
       0
       0
       0
       0
       0
       0
       0
       0
       0
       0
       0
       0
       0
       0
       0
       0
       0
       0
       0
       0
       0
       0
       0
       0
       0
       0
       0
       0
       0
       0
       0
       0
       0
       0
       0
       0
       0
       0
       0
       0
       0
       0
       0
       0
       0
       0
       0
       0
       0
       0
       0
       0
       0
       0
       0
       0
       0
       0
       0
       0
       0
       0
       0
       0
       0
       0
       0
       0
       0
       0
       0
       0
       0
       0
       0
       0
       0
       0
       0
       0
       0
       0
       0
       0
       0
       0
       0
       0
       0
       0
       0
       0
       0
       0
       0
       0
       0
       0
       0
       0
       0
       0
       0
       0
       0
       0
       0
       0
       0
       0
       0
       0
       0
       0
       0
       0
       0
       0
       0
       0
       0
       0
       0
       0
       0
       0
       0
       0
       0
       0
       0
       0
       0
       0
       0
       0
       0
       0
       0
       0
       0
       0
       0
       0
       0
       0
       0
       0
       0
       0
       0
       0
       0
       0
       0
       0
       0
       0
       0
       0
       0
       0
       0
       0
       0
       0
       0
       0
       0
       0
       0
       0
       0
       0
       0
       0
       0
       0
       0
       0
       0
       0
       0
       0
       0
       0
       0
       0
       0
       0
       0
       0
       0
       0
       0
       0
       0
       0
       0
       0
       0
       0
       0
       0
       0
       0
       0
       0
       0
       0
       0
       0
       0
       0
       0
       0
       0
       0
       0
       0
       0
       0
       0
       0
       0
       0
       0
       0
       0
       0
       0
       0
       0
       0
       0
       0
       0
       0
       0
       0
       0
       0
       0
       0
       0
       0
       0
       0
       0
       0
       0
       0
       0
       0
       0
       0
       0
       0
       0
       0
       0
       0
       0
       0
       0
       0
       0
       0
       0
       0
       0
       0
       0
       0
       0
       0
       0
       0
       0
       0
       0
       0
       0
       0
       0
       0
       0
       0
       0
       0
       0
       0
       0
       0
       0
       0
       0
       0
       0
       0
       0
       0
       0
       0
       0
       0
       0
       0
       0
       0
       0
       0
       0
       0
       0
       0
       0
       0
       0
       0
       0
       0
       0
       0
       0
       0
       0
       0
       0
       0
       0
       0
       0
       0
       0
       0
       0
       0
       0
       0
       0
       0
       0
       0
       0
       0
       0
       0
       0
       0
       0
       0
       0
       0
       0
       0
       0
       0
       0
       0
       0
       0
       0
       0
       0
       0
       0
       0
       0
       0
       0
       0
       0
       0
       0
       0
       0
       0
       0
       0
       0
       0
       0
       0
       0
       0
       0
       0
       0
       0
       0
       0
       0
       0
       0
       0
       0
       0
       0
       0
       0
       0
       0
       0
       0
       0
       0
       0
       0
       0
       0
       0
       0
       0
       0
       0
       0
       0
       0
       0
       0
       0
       0
       0
       0
       0
       0
       0
       0
       0
       0
       0
       0
       0
       0
       0
       0
       0
       0
       0
       0
       0
       0
       0
       0
       0
       0
       0
       0
       0
       0
       0
       0
       0
       0
       0
       0
       0
       0
       0
       0
       0
       0
       0
$ROI:
3
6725 6813
6948 7045
7244 7256
$PRESETS:
None
0
0
$ENER_FIT:
-0.000074 0.728814
$MCA_CAL:
3
-7.366740E-005 7.288145E-001 -2.624510E-006 keV
$SHAPE_CAL:
3
0.000000E+000 0.000000E+000 0.000000E+000
