$SPEC_ID:
No sample description was entered.
$SPEC_REM:
DET# 1
DETDESC# PPF18-07 Easy-MCA-8k SN 14274550
AP# Maestro Version 7.01
$DATE_MEA:
11/24/2022 16:06:44
$MEAS_TIM:
41696 67264
$DATA:
0 8191
       0
       0
       0
       0
       0
       0
       0
       0
       0
       0
       0
       0
       0
       1
       0
       0
       0
       0
       0
       0
       1
       0
       0
       2
      26
   47271
 2796771
59569699
 4705018
  397635
  508408
  695178
  931497
 1155439
 1264795
 1184076
  954482
  705831
  521442
  405456
  328086
  268502
  217293
  173312
  135131
  104506
   78924
   59980
   45337
   34098
   26160
   20418
   16394
   13826
   11733
   11025
    9880
    9293
    8973
    8646
    8551
    8093
    7899
    7233
    6868
    6349
    5901
    5385
    4877
    4305
    3803
    3256
    2925
    2679
    2347
    2052
    1888
    1675
    1572
    1477
    1379
    1311
    1275
    1283
    1245
    1222
    1270
    1225
    1172
    1138
    1185
    1106
    1138
    1050
    1006
    1037
    1073
     939
     942
     866
     882
     821
     824
     824
     749
     726
     785
     754
     775
     631
     660
     683
     630
     626
     671
     686
     670
     673
     684
     702
     681
     635
     643
     627
     652
     656
     632
     632
     631
     623
     610
     640
     658
     634
     616
     651
     640
     654
     616
     629
     648
     624
     668
     655
     639
     672
     692
     632
     646
     601
     647
     605
     647
     609
     645
     633
     639
     678
     639
     661
     627
     665
     634
     609
     615
     648
     642
     653
     696
     611
     624
     638
     674
     614
     665
     688
     663
     617
     701
     650
     588
     654
     614
     638
     676
     669
     651
     621
     678
     674
     666
     683
     621
     661
     654
     667
     645
     664
     620
     660
     618
     627
     690
     647
     693
     695
     642
     673
     639
     638
     721
     656
     692
     662
     674
     678
     678
     650
     640
     681
     647
     685
     669
     639
     672
     702
     691
     658
     698
     653
     633
     701
     677
     673
     692
     668
     693
     641
     686
     661
     701
     644
     641
     667
     718
     647
     706
     686
     644
     661
     729
     687
     695
     689
     704
     696
     713
     697
     733
     709
     701
     695
     731
     674
     650
     680
     673
     705
     677
     708
     689
     741
     694
     684
     707
     674
     730
     714
     673
     654
     659
     704
     752
     721
     772
     695
     721
     701
     678
     694
     690
     711
     667
     731
     687
     715
     746
     700
     713
     682
     686
     740
     685
     712
     703
     723
     713
     727
     740
     726
     715
     746
     734
     747
     734
     737
     736
     754
     731
     718
     731
     779
     724
     720
     723
     723
     729
     729
     804
     751
     721
     701
     717
     726
     786
     728
     741
     795
     734
     724
     732
     791
     756
     747
     736
     746
     769
     745
     724
     777
     723
     768
     769
     769
     753
     792
     761
     831
     743
     789
     792
     786
     779
     815
     769
     806
     742
     772
     773
     761
     813
     798
     785
     752
     754
     801
     774
     801
     784
     726
     766
     740
     766
     787
     774
     829
     803
     789
     822
     849
     763
     773
     819
     806
     848
     735
     793
     819
     762
     764
     815
     837
     827
     846
     819
     821
     765
     787
     818
     784
     807
     852
     833
     821
     775
     811
     809
     809
     792
     862
     871
     818
     880
     848
     808
     835
     873
     858
     816
     827
     865
     825
     845
     919
     865
     846
     850
     920
     860
     846
     833
     889
     910
     846
     935
     869
     880
     854
     883
     878
     941
     896
     914
     883
     851
     919
     897
     899
     894
     858
     905
     888
     873
     906
     875
     853
     885
     881
     876
     917
     887
     878
     878
     876
     910
     902
     946
     907
     867
     895
     930
     941
     885
     959
     948
     903
     923
     934
     937
     921
     935
     968
     905
     906
     960
     875
     927
     889
     895
     964
     987
     987
    1007
     950
     908
     976
    1025
     957
     970
     979
     875
     956
    1014
     929
     998
     940
    1025
     954
     990
     985
     891
     953
     933
     934
     937
     946
    1004
    1003
     944
     973
     933
     997
    1054
     968
    1002
     963
     990
    1028
    1045
    1013
     954
    1029
    1012
     967
    1061
    1009
     992
    1026
    1001
    1009
    1005
    1055
     989
    1048
     993
    1052
    1004
    1073
    1025
     987
    1027
    1052
    1049
    1056
    1080
    1102
    1035
    1085
    1016
    1077
    1085
    1081
    1037
    1082
    1087
    1079
    1064
    1118
    1009
    1058
    1057
    1103
    1074
    1038
    1069
    1126
    1108
    1085
    1024
    1052
    1058
    1062
    1048
    1101
    1069
    1116
    1063
    1105
    1104
    1095
    1124
    1098
    1167
    1101
    1115
    1084
    1051
    1112
    1113
    1126
    1083
    1070
    1084
    1170
    1106
    1153
    1138
    1156
    1129
    1181
    1125
    1174
    1188
    1199
    1147
    1188
    1182
    1216
    1177
    1166
    1135
    1176
    1153
    1151
    1195
    1175
    1184
    1158
    1196
    1168
    1192
    1178
    1156
    1197
    1193
    1155
    1224
    1169
    1192
    1191
    1187
    1211
    1218
    1203
    1127
    1241
    1179
    1233
    1196
    1222
    1235
    1217
    1197
    1247
    1286
    1256
    1170
    1262
    1211
    1243
    1275
    1329
    1295
    1245
    1279
    1247
    1292
    1283
    1233
    1280
    1228
    1265
    1290
    1269
    1327
    1271
    1266
    1247
    1336
    1288
    1286
    1266
    1247
    1298
    1331
    1293
    1334
    1219
    1284
    1259
    1326
    1293
    1364
    1325
    1283
    1340
    1362
    1342
    1317
    1318
    1357
    1378
    1376
    1295
    1356
    1307
    1327
    1347
    1301
    1318
    1389
    1394
    1375
    1325
    1338
    1299
    1307
    1420
    1369
    1389
    1428
    1371
    1389
    1395
    1415
    1399
    1395
    1474
    1450
    1391
    1357
    1381
    1361
    1416
    1434
    1397
    1469
    1426
    1417
    1443
    1460
    1437
    1452
    1453
    1415
    1393
    1432
    1529
    1509
    1496
    1482
    1424
    1430
    1425
    1514
    1520
    1478
    1450
    1451
    1530
    1473
    1480
    1455
    1453
    1552
    1514
    1468
    1528
    1526
    1478
    1503
    1518
    1489
    1489
    1561
    1538
    1538
    1521
    1522
    1488
    1560
    1510
    1503
    1544
    1502
    1575
    1541
    1554
    1523
    1601
    1535
    1518
    1541
    1589
    1557
    1558
    1650
    1618
    1547
    1570
    1620
    1620
    1620
    1570
    1579
    1572
    1638
    1586
    1562
    1548
    1558
    1649
    1587
    1636
    1684
    1626
    1679
    1654
    1642
    1656
    1562
    1657
    1706
    1669
    1629
    1632
    1640
    1681
    1663
    1570
    1704
    1644
    1642
    1676
    1621
    1744
    1607
    1713
    1749
    1682
    1668
    1729
    1709
    1715
    1655
    1764
    1799
    1691
    1681
    1635
    1698
    1737
    1736
    1784
    1735
    1788
    1765
    1796
    1770
    1785
    1812
    1817
    1826
    1806
    1816
    1821
    1910
    1796
    1734
    1743
    1785
    1817
    1872
    1832
    1861
    1874
    1859
    1838
    1851
    1901
    1819
    1826
    1886
    1896
    1828
    1876
    1836
    1920
    1864
    1926
    1862
    1876
    1863
    1922
    1965
    1857
    1830
    1864
    1890
    1855
    1891
    1901
    1869
    1875
    1971
    2005
    1954
    1926
    1917
    1906
    1923
    1936
    1974
    1881
    2008
    1935
    1956
    1807
    1979
    2007
    1949
    2024
    2011
    1885
    2027
    1998
    1959
    1987
    1992
    2083
    2075
    2036
    1965
    2074
    2074
    2012
    2028
    2061
    2062
    2098
    2113
    1992
    2125
    2059
    2107
    2075
    2018
    2107
    2095
    2173
    2121
    2126
    2039
    2057
    2100
    2201
    2095
    2146
    2046
    2103
    2146
    2195
    2233
    2163
    2194
    2074
    2143
    2249
    2151
    2162
    2175
    2179
    2179
    2222
    2148
    2186
    2194
    2175
    2181
    2199
    2369
    2206
    2197
    2211
    2200
    2207
    2284
    2275
    2210
    2268
    2251
    2237
    2372
    2256
    2212
    2311
    2304
    2284
    2292
    2325
    2273
    2314
    2332
    2263
    2320
    2292
    2257
    2310
    2413
    2369
    2425
    2406
    2313
    2325
    2405
    2321
    2459
    2405
    2506
    2286
    2380
    2476
    2438
    2461
    2401
    2356
    2401
    2333
    2342
    2488
    2429
    2461
    2475
    2418
    2435
    2467
    2486
    2452
    2414
    2454
    2498
    2397
    2398
    2475
    2381
    2494
    2443
    2583
    2577
    2499
    2503
    2532
    2448
    2517
    2513
    2435
    2597
    2627
    2555
    2529
    2585
    2483
    2559
    2516
    2610
    2558
    2649
    2609
    2601
    2498
    2581
    2544
    2663
    2602
    2638
    2651
    2625
    2688
    2743
    2673
    2703
    2805
    2679
    2697
    2684
    2723
    2713
    2720
    2764
    2778
    2680
    2811
    2742
    2752
    2703
    2733
    2761
    2771
    2824
    2773
    2770
    2795
    2751
    2763
    2799
    2793
    2706
    2779
    2805
    2763
    2873
    2844
    2789
    2939
    2827
    2827
    2857
    2883
    2842
    2825
    2827
    2930
    2865
    2887
    2970
    2870
    2962
    2877
    2848
    3073
    2979
    2948
    2865
    3000
    2966
    3060
    2930
    2907
    2990
    2972
    2900
    2961
    2884
    2962
    3057
    3075
    3031
    3004
    3051
    2964
    3087
    2993
    2989
    2979
    2999
    3081
    3107
    3030
    2999
    3116
    3091
    3059
    3158
    3092
    3093
    3107
    3064
    3279
    3037
    3093
    3082
    3223
    3196
    3206
    3102
    3194
    3304
    3241
    3257
    3222
    3186
    3194
    3297
    3205
    3204
    3402
    3347
    3293
    3230
    3305
    3317
    3268
    3288
    3348
    3348
    3362
    3244
    3301
    3432
    3394
    3478
    3391
    3291
    3434
    3268
    3399
    3322
    3351
    3374
    3323
    3466
    3446
    3536
    3342
    3463
    3545
    3489
    3468
    3451
    3492
    3535
    3436
    3483
    3449
    3459
    3609
    3488
    3514
    3468
    3429
    3702
    3545
    3614
    3660
    3575
    3537
    3666
    3527
    3553
    3709
    3619
    3787
    3648
    3663
    3611
    3708
    3641
    3646
    3678
    3665
    3807
    3580
    3617
    3780
    3714
    3696
    3714
    3777
    3788
    3745
    3808
    3756
    3649
    3699
    3745
    3684
    3861
    3730
    3817
    3872
    3889
    3834
    3821
    3768
    3940
    3816
    3766
    3935
    3848
    3822
    3864
    4014
    3849
    3892
    3987
    3860
    3823
    3991
    4003
    3812
    3994
    3876
    3866
    4018
    3996
    4111
    3815
    4037
    4094
    4022
    4048
    4066
    4145
    4132
    4074
    4126
    4051
    4089
    4089
    4109
    4032
    4141
    4065
    4048
    4237
    4097
    4136
    4194
    4092
    4196
    4061
    4261
    4114
    4145
    4276
    4248
    4346
    4280
    4318
    4178
    4318
    4331
    4168
    4313
    4341
    4421
    4309
    4246
    4294
    4255
    4408
    4349
    4522
    4339
    4347
    4372
    4472
    4467
    4445
    4495
    4433
    4438
    4360
    4461
    4571
    4420
    4423
    4542
    4540
    4488
    4604
    4496
    4595
    4477
    4566
    4659
    4524
    4636
    4532
    4555
    4549
    4561
    4570
    4503
    4718
    4549
    4598
    4598
    4577
    4579
    4649
    4687
    4690
    4719
    4694
    4706
    4773
    4886
    4743
    4699
    4831
    4655
    4709
    4824
    4818
    4809
    4824
    4962
    4730
    4895
    4773
    4715
    4927
    4842
    4826
    4875
    4872
    4973
    4980
    4809
    4957
    4892
    4981
    5007
    5003
    5072
    5018
    4965
    5010
    5035
    4973
    4981
    5034
    5030
    5151
    4977
    5077
    5155
    5176
    5015
    5045
    5037
    5068
    5041
    5246
    5147
    5030
    5142
    5097
    5195
    5193
    5287
    5180
    5236
    5173
    5441
    5185
    5159
    5177
    5273
    5348
    5329
    5245
    5269
    5242
    5314
    5363
    5390
    5339
    5490
    5424
    5369
    5539
    5292
    5296
    5524
    5497
    5429
    5461
    5505
    5601
    5588
    5441
    5559
    5469
    5614
    5618
    5655
    5693
    5563
    5661
    5686
    5584
    5628
    5595
    5587
    5602
    5735
    5671
    5712
    5622
    5592
    5475
    5810
    5734
    5726
    5706
    5657
    5797
    5837
    5809
    5796
    5838
    5760
    5870
    5763
    5927
    5751
    5787
    5714
    5953
    5743
    5776
    5992
    5858
    5967
    5846
    5858
    5939
    5889
    6008
    5930
    5840
    5898
    6023
    5975
    5989
    5975
    6078
    5982
    6093
    6129
    6204
    6069
    6155
    6096
    6277
    6251
    6072
    6087
    6042
    6206
    6270
    6073
    6170
    6228
    6340
    6229
    6152
    6129
    6245
    6280
    6237
    6311
    6435
    6221
    6373
    6278
    6304
    6354
    6560
    6379
    6342
    6514
    6457
    6467
    6538
    6337
    6418
    6588
    6534
    6591
    6445
    6401
    6639
    6639
    6439
    6632
    6558
    6714
    6618
    6661
    6621
    6627
    6794
    6628
    6576
    6663
    6743
    6557
    6797
    6631
    6774
    6743
    6674
    6933
    6879
    6767
    6779
    6832
    6660
    6864
    6842
    6955
    6910
    6875
    6828
    6884
    6931
    7005
    6948
    7134
    7055
    6915
    6903
    6990
    7041
    7075
    6902
    7020
    7045
    7002
    7031
    7022
    7124
    7151
    6958
    7048
    7115
    7107
    7238
    7060
    7325
    7134
    7031
    7250
    7211
    7206
    7330
    7278
    7255
    7310
    7371
    7291
    7188
    7211
    7212
    7198
    7420
    7349
    7256
    7336
    7447
    7504
    7585
    7445
    7359
    7341
    7438
    7458
    7484
    7537
    7474
    7459
    7470
    7573
    7615
    7695
    7513
    7611
    7538
    7720
    7675
    7692
    7764
    7632
    7596
    7838
    7832
    7653
    7722
    7627
    7726
    7892
    7845
    7773
    7774
    7565
    7690
    7682
    7816
    7884
    7788
    7798
    7949
    7921
    7907
    7972
    7788
    7853
    7990
    7882
    7901
    8091
    8094
    8060
    8041
    7943
    8084
    8106
    7926
    8054
    7964
    8098
    8062
    8140
    8127
    8272
    8181
    8050
    8205
    8108
    8080
    8140
    8119
    8265
    8158
    8309
    8418
    8426
    8393
    8220
    8328
    8400
    8257
    8281
    8428
    8294
    8564
    8321
    8413
    8397
    8328
    8370
    8404
    8679
    8401
    8369
    8621
    8559
    8665
    8574
    8642
    8672
    8667
    8639
    8695
    8615
    8669
    8735
    8597
    8783
    8616
    8668
    8798
    8873
    8738
    8960
    8791
    8846
    8797
    8754
    8841
    8773
    8711
    8848
    8842
    8974
    8844
    8809
    8842
    8871
    8927
    8994
    8955
    8625
    8838
    8781
    8973
    8992
    9065
    8925
    8994
    9182
    9066
    9064
    9041
    9134
    9266
    9226
    9211
    9116
    9065
    9365
    9296
    9137
    9106
    9228
    9189
    9129
    9209
    9402
    9384
    9091
    9217
    9087
    9284
    9258
    9414
    9370
    9394
    9287
    9163
    9480
    9366
    9615
    9225
    9557
    9499
    9578
    9690
    9560
    9418
    9569
    9489
    9614
    9436
    9619
    9729
    9625
    9665
    9668
    9535
    9610
    9641
    9768
    9783
    9610
    9603
    9667
    9634
    9740
    9714
    9822
    9866
    9780
    9763
    9781
    9868
    9889
    9900
    9896
   10047
    9805
    9773
    9916
    9925
    9902
    9903
   10008
   10009
   10070
   10007
   10056
    9901
   10135
   10297
   10057
   10134
   10161
   10073
    9966
    9981
   10279
   10142
   10355
   10138
   10005
   10290
   10308
   10220
   10303
   10384
   10070
   10198
   10258
   10309
   10238
   10222
   10371
   10337
   10316
   10279
   10367
   10503
   10368
   10561
   10351
   10371
   10417
   10475
   10395
   10450
   10416
   10521
   10591
   10531
   10431
   10406
   10635
   10715
   10530
   10591
   10599
   10553
   10500
   10683
   10630
   10683
   10619
   10739
   10614
   10690
   10753
   10786
   10918
   10687
   10885
   10716
   10725
   10922
   10735
   10791
   10837
   10633
   10923
   10753
   10925
   10626
   10787
   11000
   11055
   11124
   10873
   10770
   10784
   10943
   10950
   10813
   11058
   10866
   11131
   10996
   11020
   11034
   11131
   11162
   11221
   11257
   11317
   11170
   11104
   11188
   11004
   11156
   11118
   11178
   11272
   11207
   11102
   11251
   11274
   11266
   11409
   11281
   11342
   11315
   11259
   11216
   11198
   11108
   11625
   11255
   11317
   11524
   11406
   11392
   11571
   11362
   11438
   11458
   11625
   11496
   11482
   11529
   11559
   11485
   11327
   11433
   11627
   11678
   11516
   11612
   11346
   11648
   11460
   11707
   11645
   11612
   11644
   12046
   11662
   11700
   11768
   11668
   11787
   11733
   11699
   11731
   11581
   11894
   11985
   11945
   11754
   11746
   11841
   11723
   11988
   12055
   11831
   11852
   11818
   11828
   11904
   11883
   11743
   12033
   12173
   12118
   11697
   11888
   11856
   12181
   12056
   12130
   12066
   11969
   12015
   11969
   12053
   12003
   12130
   12125
   12102
   12184
   12031
   12134
   12167
   12214
   12023
   12197
   12147
   12450
   12020
   12133
   12318
   12182
   12235
   12200
   12255
   12283
   12154
   12153
   12224
   12270
   12233
   12350
   12220
   12383
   12361
   12221
   12352
   12415
   12389
   12383
   12570
   12475
   12405
   12361
   12403
   12486
   12421
   12317
   12343
   12372
   12328
   12619
   12645
   12518
   12757
   12679
   12531
   12610
   12660
   12657
   12654
   12469
   12615
   12472
   12449
   12703
   12444
   12563
   12608
   12520
   12681
   12831
   12928
   12768
   12562
   12564
   12785
   12743
   12740
   12734
   12760
   12699
   12736
   12762
   12835
   12879
   12821
   12803
   12745
   12726
   12692
   12664
   12845
   12830
   12831
   12961
   13028
   12861
   12916
   12923
   12784
   12791
   12980
   12752
   12902
   12966
   12914
   12945
   12831
   13090
   13072
   12866
   13009
   12931
   12825
   13065
   12998
   13050
   13013
   12884
   12948
   13171
   13056
   13193
   12965
   13219
   12861
   13062
   13030
   13170
   13043
   13167
   13098
   12998
   13176
   12993
   13076
   13116
   12802
   13050
   13230
   12998
   13111
   13000
   13236
   13197
   13352
   13213
   13283
   13048
   13340
   13116
   13242
   13210
   13137
   13157
   13464
   13233
   13057
   13328
   13407
   13227
   13200
   13062
   13236
   13159
   13180
   13509
   13126
   13401
   13383
   13453
   13314
   13266
   13343
   13388
   13249
   13211
   13244
   13282
   13441
   13223
   13251
   13432
   13411
   13365
   13520
   13503
   13483
   13243
   13302
   13414
   13541
   13377
   13395
   13265
   13580
   13447
   13412
   13170
   13321
   13500
   13530
   13553
   13418
   13332
   13451
   13558
   13321
   13474
   13495
   13481
   13550
   13380
   13627
   13576
   13496
   13587
   13523
   13540
   13567
   13417
   13378
   13330
   13614
   13734
   13859
   13397
   13456
   13451
   13564
   13706
   13568
   13506
   13616
   13587
   13347
   13659
   13544
   13475
   13417
   13713
   13486
   13536
   13557
   13659
   13548
   13348
   13398
   13687
   13525
   13632
   13705
   13512
   13648
   13653
   13499
   13675
   13542
   13564
   13441
   13417
   13332
   13546
   13637
   13548
   13538
   13474
   13720
   13521
   13412
   13634
   13670
   13524
   13416
   13755
   13570
   13694
   13589
   13630
   13637
   13676
   13477
   13763
   13624
   13628
   13487
   13513
   13414
   13730
   13396
   13676
   13446
   13599
   13814
   13576
   13573
   13459
   13809
   13518
   13539
   13800
   13771
   13469
   13477
   13424
   13465
   13559
   13606
   13575
   13522
   13490
   13635
   13677
   13492
   13623
   13489
   13644
   13701
   13436
   13808
   13610
   13628
   13603
   13418
   13671
   13543
   13486
   13517
   13338
   13327
   13614
   13545
   13727
   13515
   13491
   13583
   13584
   13506
   13469
   13562
   13608
   13482
   13498
   13517
   13556
   13589
   13708
   13271
   13651
   13531
   13560
   13226
   13528
   13550
   13545
   13569
   13265
   13610
   13314
   13580
   13421
   13501
   13569
   13613
   13338
   13544
   13428
   13587
   13653
   13208
   13507
   13436
   13416
   13379
   13235
   13463
   13271
   13522
   13218
   13340
   13218
   13604
   13482
   13668
   13487
   13365
   13448
   13281
   13334
   13307
   13536
   13311
   13283
   13256
   13475
   13233
   13182
   13326
   13263
   13320
   13161
   13437
   13211
   13011
   13160
   13119
   13287
   13203
   13093
   13477
   13249
   13635
   13073
   13234
   13134
   13139
   13153
   13185
   13305
   13098
   13279
   13110
   13113
   13024
   13089
   13180
   13313
   13080
   12888
   12927
   13197
   13150
   13110
   13066
   13233
   13050
   12966
   13163
   12941
   13089
   13053
   13175
   12838
   12995
   12997
   13001
   12875
   13102
   12905
   13007
   13053
   12853
   13078
   13020
   12723
   12890
   12965
   12795
   12933
   12778
   12794
   12978
   12856
   12796
   12737
   12777
   12832
   12828
   12964
   12867
   12699
   12675
   12712
   12975
   12948
   12704
   12628
   12874
   12614
   12761
   12747
   12769
   12731
   12794
   12657
   12502
   12689
   12749
   12665
   12554
   12679
   12491
   12555
   12427
   12368
   12561
   12526
   12548
   12618
   12347
   12463
   12251
   12385
   12518
   12666
   12446
   12564
   12382
   12564
   12211
   12266
   12557
   12429
   12385
   12485
   12606
   12450
   12388
   12340
   12310
   12286
   12220
   12266
   12255
   12142
   12249
   12230
   11929
   12150
   12372
   12094
   12184
   12270
   12195
   12150
   12119
   12080
   12069
   12227
   12261
   12001
   12150
   12120
   12229
   11981
   12041
   12037
   12088
   11871
   12088
   11903
   12075
   12134
   11753
   12030
   11864
   11860
   11829
   11848
   12048
   11984
   11893
   11879
   11872
   11739
   11945
   11648
   11969
   11772
   11871
   11785
   11705
   11659
   11810
   11751
   11870
   11604
   11620
   11593
   11807
   11742
   11561
   11529
   11489
   11851
   11444
   11511
   11576
   11497
   11417
   11424
   11472
   11579
   11313
   11462
   11256
   11223
   11387
   11277
   11237
   11255
   11370
   11193
   11196
   11210
   11274
   11248
   11230
   11175
   11212
   10979
   11091
   11151
   11363
   11095
   11001
   11063
   10934
   11107
   11073
   11090
   11017
   10951
   11020
   10928
   10986
   11111
   10936
   11044
   10954
   10963
   10925
   10900
   10968
   10800
   10717
   10888
   10812
   10792
   10855
   10754
   10688
   10587
   10576
   10562
   10860
   10641
   10607
   10565
   10629
   10724
   10487
   10740
   10764
   10629
   10695
   10411
   10206
   10519
   10343
   10431
   10383
   10359
   10524
   10433
   10551
   10315
   10472
   10315
   10399
   10254
   10297
   10116
   10104
   10215
   10087
   10199
   10154
   10194
   10126
   10138
   10100
   10043
   10032
   10005
   10101
   10054
   10081
   10190
   10146
   10028
    9768
    9843
    9948
    9892
    9882
    9834
    9745
    9767
    9872
    9689
    9708
    9749
    9709
    9779
    9792
    9677
    9815
    9658
    9821
    9610
    9559
    9560
    9596
    9550
    9557
    9501
    9695
    9598
    9462
    9571
    9367
    9538
    9519
    9531
    9339
    9449
    9390
    9436
    9194
    9379
    9211
    9229
    9055
    9215
    9257
    9233
    9114
    9023
    9203
    9223
    9339
    9248
    9056
    9088
    9285
    8967
    8971
    9007
    9021
    8996
    8835
    8962
    8932
    8875
    8852
    8769
    8992
    8740
    8738
    8560
    8723
    8773
    8774
    8780
    8642
    8807
    8580
    8747
    8534
    8473
    8489
    8537
    8467
    8631
    8512
    8435
    8537
    8513
    8542
    8511
    8303
    8491
    8443
    8269
    8452
    8341
    8463
    8354
    8156
    8172
    8310
    8189
    8235
    8414
    8273
    7983
    8123
    8101
    8149
    8018
    8006
    8154
    8007
    7999
    8047
    8052
    7913
    7784
    7958
    7810
    7842
    8018
    7908
    7762
    7901
    7869
    7662
    7762
    7721
    7788
    7793
    7636
    7593
    7680
    7541
    7789
    7470
    7625
    7484
    7705
    7283
    7666
    7428
    7512
    7449
    7401
    7448
    7242
    7223
    7416
    7244
    7323
    7381
    7361
    7252
    7255
    7295
    7219
    7311
    7131
    7214
    7203
    7193
    7237
    7039
    7169
    7191
    7118
    7070
    6996
    7033
    6997
    6931
    6981
    6872
    6873
    6791
    6851
    6774
    6679
    6794
    6794
    6882
    6864
    6761
    6685
    6816
    6650
    6714
    6760
    6610
    6681
    6582
    6504
    6482
    6574
    6584
    6570
    6537
    6643
    6472
    6316
    6409
    6304
    6542
    6426
    6268
    6234
    6255
    6305
    6321
    6322
    6180
    6389
    6038
    6342
    6177
    5975
    6118
    6121
    6125
    6057
    6202
    6066
    5996
    6099
    5866
    5988
    6080
    5874
    5923
    5925
    5881
    5871
    5997
    5839
    5926
    5759
    5898
    5811
    5706
    5864
    5803
    5742
    5742
    5710
    5631
    5673
    5662
    5648
    5605
    5661
    5698
    5585
    5557
    5439
    5444
    5417
    5517
    5458
    5450
    5422
    5394
    5279
    5359
    5233
    5394
    5272
    5141
    5160
    5197
    5305
    5169
    5211
    5204
    5182
    5292
    5198
    5172
    5110
    5098
    5130
    5112
    5107
    4944
    5017
    5046
    5002
    5026
    5032
    4791
    4837
    4851
    4982
    4703
    4851
    4834
    4683
    4893
    4787
    4733
    4695
    4796
    4711
    4707
    4715
    4573
    4656
    4638
    4684
    4680
    4638
    4614
    4489
    4582
    4545
    4438
    4556
    4426
    4486
    4441
    4464
    4476
    4464
    4458
    4531
    4386
    4453
    4427
    4257
    4356
    4321
    4216
    4218
    4308
    4211
    4208
    4277
    4143
    4166
    4218
    4092
    4140
    4088
    4144
    4095
    4080
    3984
    4091
    4133
    3980
    3958
    4079
    3996
    3942
    3925
    4065
    3995
    3889
    3864
    3844
    3938
    3732
    3798
    3897
    3825
    3678
    3904
    3795
    3754
    3739
    3668
    3745
    3628
    3739
    3643
    3672
    3623
    3646
    3680
    3625
    3600
    3642
    3717
    3613
    3507
    3472
    3461
    3365
    3515
    3409
    3432
    3529
    3429
    3329
    3397
    3298
    3430
    3360
    3350
    3244
    3354
    3375
    3247
    3261
    3306
    3286
    3263
    3210
    3176
    3213
    3212
    3275
    3159
    3237
    3092
    3129
    3068
    3138
    3062
    3100
    3013
    3062
    3128
    3072
    2955
    3044
    2897
    3005
    2918
    2973
    2926
    2939
    2890
    2992
    2809
    2892
    2830
    2850
    2803
    2773
    2854
    2780
    2869
    2736
    2818
    2737
    2679
    2655
    2643
    2706
    2709
    2664
    2669
    2659
    2623
    2653
    2615
    2581
    2503
    2688
    2602
    2489
    2584
    2513
    2526
    2506
    2542
    2485
    2503
    2446
    2381
    2410
    2479
    2410
    2460
    2436
    2450
    2410
    2338
    2386
    2408
    2234
    2287
    2359
    2286
    2302
    2151
    2347
    2212
    2189
    2184
    2249
    2146
    2292
    2236
    2299
    2222
    2216
    2163
    2146
    2144
    2155
    2119
    2093
    2161
    2094
    2078
    2082
    2016
    2049
    2084
    2039
    1950
    1977
    1993
    2004
    1938
    2045
    1958
    1898
    1948
    1931
    1956
    1891
    1938
    1894
    1891
    1906
    1831
    1800
    1895
    1754
    1844
    1901
    1856
    1818
    1786
    1796
    1744
    1771
    1764
    1795
    1806
    1709
    1747
    1758
    1736
    1715
    1694
    1714
    1624
    1764
    1730
    1628
    1630
    1612
    1642
    1576
    1543
    1639
    1604
    1622
    1552
    1555
    1559
    1560
    1500
    1552
    1511
    1548
    1478
    1465
    1453
    1517
    1504
    1436
    1487
    1494
    1422
    1444
    1413
    1476
    1429
    1454
    1376
    1390
    1360
    1360
    1400
    1417
    1390
    1347
    1341
    1306
    1323
    1284
    1324
    1333
    1274
    1315
    1313
    1312
    1289
    1264
    1262
    1222
    1228
    1159
    1270
    1259
    1194
    1297
    1131
    1232
    1209
    1200
    1249
    1160
    1109
    1174
    1147
    1124
    1120
    1075
    1099
    1148
    1053
    1161
    1083
    1129
    1072
    1088
    1056
    1060
    1022
    1023
    1048
     991
    1067
    1045
    1068
    1061
    1021
     942
    1054
    1015
     880
     986
     934
     958
    1028
     949
     949
     965
     946
     928
    1028
     898
     887
     913
     936
     918
     882
     909
     904
     877
     826
     812
     860
     861
     858
     845
     862
     905
     880
     824
     795
     845
     831
     814
     869
     807
     788
     777
     755
     769
     804
     727
     772
     796
     706
     756
     778
     739
     724
     725
     716
     697
     689
     663
     709
     709
     724
     672
     684
     696
     733
     703
     697
     690
     673
     642
     672
     619
     610
     645
     674
     675
     585
     626
     596
     617
     651
     612
     619
     587
     616
     625
     589
     603
     579
     568
     599
     584
     572
     564
     566
     596
     563
     586
     548
     519
     558
     538
     570
     552
     517
     526
     554
     483
     554
     537
     479
     517
     533
     504
     501
     441
     515
     487
     476
     464
     512
     496
     481
     482
     501
     479
     442
     428
     443
     490
     468
     456
     443
     448
     451
     406
     458
     414
     420
     423
     415
     432
     446
     433
     398
     397
     450
     410
     385
     392
     396
     377
     384
     422
     419
     425
     377
     373
     396
     411
     396
     367
     340
     354
     356
     375
     403
     388
     360
     335
     357
     358
     382
     329
     340
     345
     328
     344
     334
     317
     328
     292
     296
     328
     281
     319
     324
     320
     334
     328
     316
     297
     290
     278
     284
     330
     313
     302
     315
     297
     292
     305
     298
     290
     307
     252
     268
     297
     282
     277
     253
     280
     272
     240
     247
     243
     276
     259
     245
     267
     256
     247
     267
     252
     245
     243
     247
     237
     246
     232
     255
     240
     246
     226
     249
     224
     246
     219
     195
     244
     220
     229
     197
     235
     224
     213
     231
     214
     195
     192
     211
     222
     197
     194
     204
     201
     220
     192
     207
     189
     222
     190
     185
     179
     199
     199
     187
     174
     162
     189
     173
     197
     168
     157
     162
     172
     178
     173
     160
     160
     181
     176
     164
     167
     168
     170
     202
     178
     154
     179
     170
     157
     191
     171
     156
     170
     152
     145
     144
     133
     145
     144
     147
     156
     146
     138
     144
     141
     150
     153
     147
     153
     140
     144
     146
     154
     132
     142
     134
     161
     159
     145
     137
     114
     163
     113
     113
     141
     119
     131
     118
     134
     135
     127
     102
     114
     124
     119
     135
     120
     123
     119
      99
     128
     121
     126
     122
     124
      91
     128
     123
     129
     125
     112
     103
     116
     110
     118
     109
     108
     110
     103
     114
      95
     109
      91
     107
      86
      93
      99
      95
      93
      97
      88
      99
      97
      98
      89
     104
      98
      77
      83
      97
      95
      92
     107
      92
      73
      80
      98
      76
      93
     101
      85
      76
      91
      97
      93
      79
      83
      78
      89
      88
      81
      81
      72
     102
      90
      77
      77
      88
      78
      76
      83
      85
      74
      74
      69
      73
      90
      56
      93
      65
      71
      68
      78
      75
      80
      64
      74
      66
      70
      85
      76
      69
      72
      90
      72
      52
      57
      87
      75
      74
      71
      68
      85
      59
      58
      72
      72
      71
      72
      81
      74
      71
      54
      73
      74
      75
      67
      74
      82
      72
      53
      65
      52
      72
      59
      59
      51
      59
      52
      77
      55
      69
      57
      62
      60
      51
      59
      70
      52
      64
      54
      54
      65
      54
      61
      54
      52
      71
      50
      79
      54
      47
      48
      63
      40
      46
      43
      63
      62
      44
      52
      61
      54
      50
      67
      41
      64
      49
      43
      56
      47
      43
      54
      61
      52
      59
      48
      48
      55
      43
      37
      51
      52
      45
      42
      53
      62
      42
      48
      48
      48
      44
      38
      52
      50
      53
      51
      45
      45
      31
      43
      48
      49
      35
      49
      50
      46
      57
      41
      50
      48
      46
      51
      39
      48
      46
      52
      40
      49
      48
      51
      48
      42
      43
      41
      53
      50
      30
      49
      41
      58
      42
      28
      41
      44
      44
      47
      49
      44
      41
      42
      38
      42
      48
      37
      51
      55
      30
      33
      43
      45
      49
      42
      40
      47
      39
      44
      31
      38
      29
      37
      55
      40
      38
      52
      37
      43
      40
      40
      34
      44
      42
      40
      36
      41
      40
      48
      40
      39
      44
      36
      40
      36
      41
      35
      27
      45
      38
      30
      37
      40
      32
      34
      42
      45
      40
      30
      32
      39
      39
      40
      26
      43
      31
      42
      38
      42
      22
      32
      29
      29
      33
      36
      36
      37
      48
      42
      39
      44
      38
      42
      28
      44
      24
      43
      44
      31
      31
      41
      40
      33
      54
      39
      36
      29
      27
      41
      41
      52
      34
      30
      38
      40
      34
      33
      35
      31
      23
      26
      35
      32
      42
      46
      24
      35
      44
      41
      42
      31
      44
      29
      39
      36
      39
      31
      38
      45
      35
      39
      38
      45
      32
      34
      38
      29
      35
      32
      35
      27
      28
      31
      33
      41
      28
      34
      24
      32
      43
      33
      37
      34
      25
      25
      37
      25
      38
      33
      28
      30
      35
      27
      32
      38
      47
      33
      41
      41
      40
      28
      24
      39
      32
      25
      32
      36
      48
      31
      41
      32
      38
      36
      38
      35
      33
      36
      45
      30
      27
      33
      38
      32
      29
      30
      33
      27
      34
      32
      26
      29
      40
      37
      29
      38
      31
      32
      42
      34
      29
      37
      26
      29
      37
      24
      34
      42
      38
      27
      21
      33
      32
      35
      34
      40
      29
      50
      40
      21
      38
      32
      34
      31
      40
      30
      26
      34
      42
      30
      21
      30
      35
      28
      37
      33
      40
      38
      25
      33
      33
      44
      31
      29
      36
      27
      30
      27
      34
      25
      39
      47
      30
      32
      26
      32
      33
      39
      25
      35
      27
      41
      38
      34
      40
      41
      34
      33
      26
      30
      29
      33
      30
      31
      40
      32
      26
      26
      42
      28
      31
      48
      27
      34
      31
      39
      34
      27
      36
      27
      38
      36
      24
      34
      41
      35
      30
      27
      41
      24
      36
      38
      45
      29
      25
      26
      35
      26
      43
      25
      33
      35
      36
      19
      36
      35
      31
      22
      33
      29
      40
      30
      33
      26
      33
      30
      36
      31
      37
      39
      32
      31
      31
      25
      30
      33
      36
      33
      29
      23
      36
      36
      26
      27
      39
      39
      39
      40
      38
      32
      24
      32
      38
      42
      28
      38
      33
      41
      39
      42
      28
      30
      33
      23
      37
      33
      39
      35
      30
      35
      44
      44
      31
      24
      36
      28
      30
      31
      21
      31
      25
      23
      37
      28
      36
      34
      34
      32
      40
      32
      35
      24
      35
      31
      37
      28
      34
      35
      36
      35
      31
      29
      43
      28
      30
      34
      39
      32
      32
      31
      35
      44
      41
      39
      31
      32
      30
      34
      41
      19
      41
      28
      48
      25
      30
      44
      35
      37
      28
      42
      46
      39
      33
      34
      32
      31
      33
      38
      37
      33
      30
      36
      31
      38
      33
      41
      35
      26
      39
      37
      33
      29
      30
      30
      31
      31
      28
      37
      28
      33
      36
      40
      26
      26
      26
      32
      35
      38
      33
      28
      33
      33
      29
      23
      24
      31
      29
      36
      41
      34
      30
      44
      29
      26
      30
      24
      34
      35
      38
      27
      28
      32
      16
      29
      27
      27
      43
      19
      26
      25
      32
      31
      26
      22
      23
      24
      28
      30
      27
      21
      18
      21
      32
      18
      38
      21
      25
      25
      33
      25
      25
      30
      25
      18
      31
      22
      24
      24
      24
      20
      16
      20
      26
      28
      18
      35
      21
      23
      30
      23
      28
      31
      22
      27
      20
      25
      19
      20
      22
      20
      23
      27
      14
      26
      17
      22
      24
      31
      29
      29
      21
      29
      24
      18
      21
      14
      18
      18
      17
      23
      20
      13
      14
      17
      17
      27
      26
      25
      23
      14
      21
      13
      17
      23
      15
      19
      20
      13
      25
      16
      18
      10
      26
      16
      18
      26
      22
      13
      16
      20
      16
      17
      27
      14
      15
      19
      23
      19
      18
      21
      23
      16
      14
      14
      14
      19
      24
      22
      12
      11
      20
      22
      30
      15
      24
      21
      16
      14
      14
      23
      12
      15
      13
      11
      21
      23
      16
      16
      21
      18
      21
      13
       8
      14
      19
      13
      14
      21
      17
      14
      26
      16
      16
      15
      17
      21
      17
      17
      21
      11
      19
      21
      23
      14
      14
      13
      13
      11
      11
      16
       9
      22
      15
      16
      15
      17
      12
      18
      13
      10
      18
      15
      18
      10
      12
      15
      15
      12
      23
      16
      16
      14
      17
      15
      17
      14
      11
      19
      14
      13
      15
      18
      17
      16
      20
      21
      16
      16
      13
      19
      19
       9
      18
      16
      11
      16
      20
      21
       8
      18
      17
      17
      17
      15
      15
      15
      12
      11
      15
      19
      21
       7
      10
      22
      20
      16
      20
      13
      14
      17
      18
      12
      19
      17
      18
      21
      15
       8
      12
      15
      15
      12
      20
      18
      11
       8
      15
      10
      23
      16
      14
      15
      22
      18
      17
      16
      16
      13
      16
      15
      16
      13
      13
      10
      17
      10
      14
      15
      11
      14
      18
      20
       9
      15
      13
      17
      22
      18
      14
      12
      12
      16
      16
      15
      16
      19
      11
      10
      21
      15
      15
      16
      20
      15
      12
      13
      14
      16
      10
      16
      16
       9
      13
       9
      18
      20
      17
      19
      10
      19
      19
      21
      13
      16
      16
      22
       9
       8
      13
      16
      15
       9
      11
      17
      15
      14
      20
      14
      17
      18
      15
      17
      10
      10
      15
      19
      14
      14
      15
      13
      12
      15
      13
      20
      15
      12
      13
      18
      12
      17
      12
      12
      17
      13
      11
      12
      11
      18
      15
       9
      14
       7
       9
      14
      11
      18
      12
      20
      15
      10
      14
      17
      10
      12
      11
      19
      12
      16
      19
      18
      11
      11
      14
      15
      10
      14
      15
      12
      15
       5
      12
      16
      18
      14
      13
       5
      11
      10
      20
      12
      15
      12
      15
      10
      11
      14
       9
      16
      17
      14
      12
       9
      16
      12
      11
      11
      11
      18
      14
      11
      12
      12
      14
      17
      17
      14
      11
       8
      10
      15
      17
      11
      13
      14
      13
      17
       9
      16
      13
       8
      12
      16
       9
       9
       9
      13
      10
       6
      13
       8
      11
      15
       7
       7
      17
      13
      15
      12
      13
      18
      15
      16
      16
       8
      21
      15
      15
       8
       8
       6
      22
       8
      12
      12
      12
      16
       7
       9
      15
      14
       7
      15
      14
       7
       7
      13
      11
       6
      13
      12
      15
       8
       6
      15
       6
       8
       6
      15
      13
      13
      10
      12
      10
      10
       6
      13
      11
      12
       6
       7
       7
      11
      14
      11
       6
       6
      15
       7
       7
       8
       9
      11
       9
      15
      11
      11
      11
       8
      14
      12
       6
      11
      14
       9
      11
       9
      10
       5
       9
      10
      10
      10
       8
       8
      12
      10
      10
       7
       8
      14
      12
      14
       9
      11
      10
      10
      10
      12
       7
      14
      14
      13
      14
      11
      19
      19
      12
      18
       4
       7
       7
      12
      10
       7
      11
      10
       8
       7
       6
       6
       8
       4
       7
      10
       3
      13
       6
       8
      13
      10
       9
       9
       9
       5
       4
      15
       5
       7
      12
      12
      10
       8
      11
      11
       7
       9
       7
      10
       6
       9
      15
      16
       7
      11
       9
      13
      13
       7
      11
      11
      10
      13
      11
       6
      12
      10
       5
       3
       5
      10
       7
       7
       7
      10
       9
       9
       6
       8
      14
       6
       9
       5
       9
       6
       6
       4
       8
       9
      11
       9
       6
      11
       6
       9
      20
       7
       9
       5
       7
       5
       7
       8
       8
      17
       5
      17
       6
       7
       8
      11
       7
       8
      10
       9
       8
      11
       5
       7
       2
      10
      10
       6
      12
       9
       8
       7
       7
       4
       9
       6
       6
       6
      12
      13
      10
       9
       7
       2
      11
       9
       3
      13
       9
       6
       3
       5
       3
       4
       4
       5
       8
       8
       5
       4
       3
      10
       5
       8
       7
       4
      12
       8
       7
       8
       6
       5
      12
      14
       6
      10
      10
      15
       9
       7
       7
       9
       3
       6
       5
       6
       7
       7
       5
       4
       6
       8
       4
       6
       6
       5
       8
       5
       2
       7
       5
       8
       7
       9
       3
       8
      12
       9
      14
       3
       7
       1
       8
       5
       7
      11
       8
       8
       7
       7
       8
       4
       7
      10
       6
       7
       9
       6
       8
       5
       8
       8
       6
       7
       3
       4
       6
       5
       6
       8
       7
       5
       3
       6
       8
       9
       8
      11
       8
      10
       5
       4
      10
       7
       6
       6
       5
       3
       4
      10
       5
      11
      11
      11
       3
       8
       6
       4
       8
       5
       7
       7
       6
       4
       4
       5
       7
       2
      10
      12
       4
       8
      11
       5
       5
       4
       4
       8
       7
       6
       8
       7
       4
       5
      11
       5
       7
       5
       5
       4
       2
       2
       7
       4
       6
       4
       6
       7
       8
       3
       6
       8
       5
       5
       2
       6
       5
       5
       1
       6
       5
       4
       4
       5
       7
       3
       5
       4
       4
       5
       4
       8
       9
       8
       6
       3
       6
       2
       4
       5
       5
       6
       6
       3
       6
       8
       4
       9
       5
       6
       7
       2
       5
       9
       1
       7
       4
       3
       4
       6
       5
       5
       7
       5
       6
       3
       4
       7
       7
       6
       5
       7
       4
       2
       4
       6
       5
       3
       4
       5
       1
       5
       7
       5
       6
       5
       7
       2
       5
       6
       4
       5
       5
       4
       8
       6
       4
       3
       5
       1
       3
       4
       3
       3
       5
       3
       2
       6
       2
       7
      12
       4
       6
       6
       4
       2
       5
       6
       3
       5
       3
       1
       5
       5
       7
       5
       2
       3
       6
       5
       6
       2
       9
       5
       9
       1
       5
       6
       1
       8
       6
       4
       6
       2
       6
       5
       3
       4
       2
       5
       6
       6
       3
       2
       5
       4
       6
       3
       7
       9
       6
       3
       3
       3
       2
       1
       3
       6
       5
       1
       6
       4
       4
       2
       6
       7
       5
       3
       0
       5
       5
       5
       5
       4
       6
       6
       4
       5
       2
       3
       4
       1
       4
       3
       2
       7
       2
       4
       5
       3
       3
       5
       5
       1
       3
       5
       4
       2
       4
       6
       4
       7
       4
       4
       4
       6
       3
       5
       4
       6
       5
       8
       3
       6
       3
       2
       3
       3
       4
       3
       0
       5
       0
       1
       5
       2
       8
       2
       4
       6
       3
       6
       1
       4
       3
       4
       1
       6
       3
       4
       5
       5
       2
       2
       4
       6
       3
       8
       2
       0
       3
       2
       0
       2
       4
       2
       3
       7
       7
       3
       2
       1
       2
       5
       2
       5
       5
       2
       3
       5
       3
       1
       3
       4
       4
       1
       1
       5
       3
       2
       3
       6
       1
       2
       1
       5
       1
       4
       0
       3
       2
       4
       4
       1
       1
       1
       3
       1
       3
       1
       4
       5
       4
       3
       4
       4
       0
       1
       1
       2
       2
       4
       6
       5
       2
       0
       2
       0
       5
       2
       0
       2
       2
       2
       2
       2
       2
       3
       2
       3
       2
       2
       1
       3
       0
       4
       3
       2
       3
       0
       4
       4
       1
       3
       1
       1
       2
       4
       3
       1
       2
       2
       2
       4
       2
       4
       2
       1
       1
       4
       6
       5
       1
       4
       3
       0
       1
       1
       0
       3
       4
       5
       2
       3
       2
       1
       3
       3
       4
       3
       0
       4
       0
       1
       1
       2
       2
       3
       2
       3
       1
       6
       0
       3
       2
       0
       0
       4
       3
       1
       1
       3
       6
       1
       2
       6
       2
       1
       1
       1
       0
       0
       3
       3
       0
       1
       5
       6
       4
       5
       2
       4
       3
       3
       0
       1
       2
       4
       0
       2
       1
       5
       6
       0
       1
       1
       1
       3
       0
       2
       0
       3
       3
       2
       3
       6
       1
       3
       2
       2
       1
       0
       2
       2
       2
       1
       5
       1
       1
       4
       2
       1
       0
       2
       2
       0
       2
       2
       2
       1
       0
       3
       2
       2
       0
       0
       1
       3
       2
       3
       0
       1
       0
       1
       3
       1
       1
       2
       0
       0
       1
       1
       3
       2
       2
       0
       1
       0
       1
       4
       1
       2
       5
       0
       2
       0
       1
       4
       4
       1
       2
       2
       2
       2
       3
       2
       2
       3
       3
       1
       1
       1
       2
       1
       0
       2
       2
       0
       1
       1
       1
       2
       1
       0
       0
       0
       0
       2
       0
       0
       2
       0
       0
       1
       1
       2
       0
       2
       2
       0
       3
       2
       2
       3
       1
       2
       1
       0
       1
       0
       2
       1
       1
       0
       1
       2
       0
       0
       3
       2
       1
       1
       2
       1
       1
       2
       1
       0
       1
       1
       1
       2
       2
       1
       2
       2
       1
       1
       1
       1
       2
       2
       1
       2
       0
       0
       2
       1
       2
       0
       0
       0
       1
       0
       0
       0
       1
       3
       1
       3
       3
       1
       0
       0
       0
       2
       0
       0
       1
       1
       0
       0
       0
       1
       0
       1
       0
       0
       1
       1
       2
       4
       1
       0
       1
       1
       1
       0
       2
       0
       0
       3
       0
       0
       0
       1
       2
       1
       1
       0
       3
       3
       1
       1
       0
       4
       3
       0
       0
       1
       1
       1
       1
       2
       0
       2
       0
       0
       1
       2
       2
       3
       2
       0
       1
       0
       2
       0
       1
       0
       1
       0
       0
       0
       1
       0
       0
       0
       0
       0
       1
       2
       0
       1
       1
       0
       1
       1
       1
       3
       1
       1
       2
       0
       1
       0
       1
       0
       1
       0
       1
       1
       0
       2
       0
       1
       0
       0
       2
       0
       1
       0
       0
       0
       0
       0
       2
       1
       0
       1
       1
       3
       2
       1
       0
       2
       0
       1
       1
       2
       0
       3
       2
       2
       1
       1
       2
       0
       0
       1
       0
       2
       1
       0
       0
       0
       0
       0
       2
       1
       0
       3
       0
       0
       0
       1
       2
       1
       0
       0
       0
       1
       1
       2
       0
       1
       0
       1
       1
       0
       1
       1
       1
       0
       1
       0
       0
       0
       1
       0
       1
       2
       0
       1
       1
       0
       1
       0
       0
       0
       0
       0
       0
       0
       0
       0
       0
       1
       0
       1
       0
       1
       2
       0
       1
       2
       0
       1
       2
       2
       0
       0
       2
       1
       0
       0
       0
       0
       1
       0
       0
       0
       0
       0
       1
       0
       0
       0
       0
       2
       0
       1
       1
       0
       0
       0
       1
       0
       0
       0
       0
       0
       0
       0
       0
       2
       0
       0
       0
       0
       0
       1
       0
       0
       1
       0
       0
       1
       0
       0
       0
       0
       0
       1
       0
       1
       0
       0
       1
       0
       0
       1
       1
       1
       0
       1
       0
       0
       0
       0
       1
       0
       0
       0
       0
       1
       1
       0
       0
       0
       0
       1
       0
       0
       1
       0
       1
       1
       0
       0
       0
       1
       0
       0
       0
       1
       1
       1
       2
       0
       0
       0
       1
       2
       0
       3
       1
       1
       1
       0
       0
       0
       0
       1
       0
       0
       0
       1
       0
       2
       0
       0
       0
       0
       0
       0
       0
       0
       1
       0
       0
       0
       0
       0
       0
       0
       0
       0
       0
       0
       0
       0
       0
       1
       0
       0
       1
       2
       0
       1
       1
       0
       0
       0
       0
       0
       0
       0
       0
       0
       0
       1
       2
       0
       0
       0
       1
       1
       0
       0
       0
       1
       0
       2
       1
       0
       0
       0
       0
       0
       0
       0
       0
       0
       1
       0
       0
       0
       2
       0
       0
       1
       1
       0
       1
       0
       0
       0
       0
       0
       0
       0
       0
       1
       0
       0
       0
       0
       0
       0
       0
       0
       0
       0
       1
       1
       0
       1
       0
       0
       1
       0
       0
       0
       0
       1
       0
       0
       0
       0
       0
       0
       0
       0
       0
       0
       1
       0
       0
       0
       0
       0
       0
       0
       0
       0
       0
       0
       0
       0
       0
       0
       0
       1
       0
       0
       1
       0
       1
       0
       0
       0
       1
       0
       1
       0
       0
       1
       0
       0
       0
       0
       0
       0
       1
       0
       1
       0
       0
       0
       0
       0
       0
       1
       0
       0
       0
       0
       0
       0
       0
       0
       1
       1
       0
       0
       1
       0
       0
       1
       0
       0
       0
       1
       0
       0
       1
       0
       0
       0
       0
       0
       0
       0
       0
       0
       0
       1
       0
       0
       0
       0
       0
       0
       0
       0
       1
       0
       0
       0
       0
       0
       0
       0
       0
       1
       0
       1
       0
       0
       0
       0
       0
       0
       0
       0
       1
       0
       0
       0
       0
       0
       0
       1
       0
       0
       0
       0
       0
       0
       0
       0
       0
       0
       0
       0
       0
       0
       1
       0
       1
       1
       0
       1
       0
       0
       1
       0
       1
       0
       0
       0
       0
       0
       0
       0
       1
       0
       0
       0
       0
       0
       1
       0
       0
       0
       0
       0
       0
       0
       0
       0
       1
       0
       0
       0
       0
       1
       0
       0
       1
       0
       0
       1
       0
       1
       0
       0
       0
       0
       1
       0
       0
       1
       0
       0
       0
       0
       0
       0
       0
       0
       0
       0
       0
       0
       0
       0
       0
       0
       0
       0
       0
       0
       0
       0
       0
       0
       0
       0
       1
       0
       0
       0
       0
       0
       0
       0
       0
       0
       0
       0
       0
       0
       0
       0
       0
       0
       2
       0
       0
       0
       0
       0
       0
       0
       0
       0
       0
       0
       0
       0
       0
       1
       1
       0
       0
       0
       0
       0
       0
       1
       0
       1
       1
       0
       1
       0
       0
       0
       0
       0
       0
       0
       0
       0
       0
       0
       0
       0
       0
       0
       0
       0
       0
       0
       0
       1
       0
       0
       0
       0
       0
       0
       0
       0
       1
       0
       0
       0
       0
       0
       0
       0
       1
       0
       0
       0
       0
       0
       0
       0
       0
       0
       0
       1
       0
       0
       0
       0
       0
       0
       0
       0
       1
       0
       0
       0
       0
       0
       0
       1
       0
       0
       0
       0
       0
       0
       0
       0
       1
       0
       0
       0
       0
       0
       0
       0
       0
       0
       0
       0
       0
       1
       0
       0
       0
       0
       0
       0
       0
       0
       0
       0
       0
       0
       0
       1
       1
       0
       0
       0
       0
       0
       0
       0
       1
       0
       0
       0
       0
       0
       0
       0
       0
       1
       0
       0
       0
       0
       0
       0
       0
       0
       0
       0
       0
       0
       1
       0
       0
       0
       0
       0
       0
       0
       0
       0
       0
       0
       0
       0
       0
       0
       0
       0
       0
       0
       0
       0
       0
       0
       0
       0
       0
       0
       0
       0
       1
       0
       0
       0
       0
       0
       0
       0
       0
       0
       0
       0
       0
       0
       0
       0
       0
       0
       0
       0
       0
       0
       0
       0
       0
       1
       0
       0
       0
       0
       0
       0
       0
       0
       0
       0
       0
       0
       0
       0
       0
       0
       0
       0
       0
       0
       0
       0
       0
       0
       0
       0
       0
       0
       0
       0
       0
       0
       0
       0
       0
       0
       0
       0
       0
       0
       0
       0
       0
       0
       0
       0
       0
       0
       0
       0
       0
       0
       0
       0
       0
       0
       0
       0
       0
       0
       0
       0
       0
       0
       0
       0
       0
       0
       0
       0
       0
       0
       0
       0
       0
       0
       0
       0
       0
       0
       0
       0
       0
       0
       0
       0
       0
       0
       0
       0
       0
       0
       0
       0
       0
       0
       0
       0
       0
       0
       0
       0
       0
       0
       0
       0
       0
       0
       0
       0
       0
       0
       0
       0
       0
       0
       0
       0
       0
       0
       0
       0
       0
       0
       0
       0
       0
       0
       0
       0
       0
       0
       0
       0
       0
       0
       1
       0
       0
       0
       0
       0
       0
       0
       0
       0
       0
       0
       0
       0
       0
       0
       0
       0
       0
       0
       0
       0
       0
       0
       0
       0
       0
       0
       0
       0
       1
       0
       0
       0
       0
       0
       0
       0
       0
       2
       0
       0
       0
       0
       0
       0
       0
       0
       0
       0
       0
       0
       0
       0
       0
       0
       0
       0
       0
       0
       0
       0
       0
       0
       0
       0
       0
       0
       0
       0
       0
       0
       0
       0
       0
       0
       0
       0
       0
       0
       0
       0
       0
       0
       0
       0
       0
       0
       0
       0
       0
       0
       0
       0
       0
       0
       0
       0
       0
       0
       0
       0
       0
       0
       0
       0
       0
       0
       0
       0
       0
       0
       0
       0
       0
       0
       0
       0
       0
       1
       0
       0
       0
       0
       0
       0
       0
       0
       0
       0
       0
       0
       0
       0
       0
       0
       0
       0
       0
       0
       0
       0
       0
       0
       0
       0
       0
       0
       0
       0
       0
       0
       0
       0
       0
       0
       0
       0
       0
       0
       0
       0
       0
       0
       0
       0
       0
       0
       0
       0
       0
       0
       0
       0
       0
       0
       0
       0
       0
       0
       0
       0
       0
       0
       0
       0
       0
       0
       0
       0
       0
       0
       0
       0
       0
       0
       0
       0
       0
       0
       0
       0
       0
       0
       0
       0
       0
       0
       0
       0
       0
       0
       0
       0
       0
       0
       0
       0
       0
       0
       0
       0
       0
       0
       0
       0
       0
       0
       0
       0
       0
       0
       0
       0
       0
       0
       0
       0
       0
       0
       0
       0
       0
       0
       0
       0
       0
       0
       0
       0
       0
       0
       0
       0
       0
       0
       0
       0
       0
       0
       0
       0
       0
       0
       0
       0
       0
       0
       0
       0
       0
       0
       0
       0
       0
       0
       0
       0
       0
       0
       0
       0
       0
       0
       0
       0
       0
       0
       0
       0
       0
       0
       0
       0
       0
       0
       0
       0
       0
       0
       0
       0
       0
       0
       0
       0
       0
       0
       0
       0
       0
       0
       0
       0
       0
       0
       0
       0
       0
       0
       0
       0
       0
       0
       0
       0
       0
       0
       0
       0
       0
       0
       0
       0
       0
       0
       0
       0
       0
       0
       0
       0
       0
       0
       0
       0
       0
       0
       0
       0
       0
       0
       0
       0
       0
       0
       0
       0
       0
       0
       0
       0
       0
       0
       0
       0
       0
       0
       0
       0
       0
       0
       0
       0
       0
       0
       0
       0
       0
       0
       0
       0
       0
       0
       0
       0
       0
       0
       0
       0
       0
       0
       0
       0
       0
       0
       0
       0
       0
       0
       0
       0
       0
       0
       0
       0
       0
       0
       0
       0
       0
       0
       0
       0
       0
       0
       0
       0
       0
       0
       0
       0
       0
       0
       0
       0
       0
       0
       0
       0
       0
       0
       0
       0
       0
       0
       0
       0
       0
       0
       0
       0
       0
       0
       0
       0
       0
       0
       0
       0
       0
       0
       0
       0
       0
       0
       0
       0
       0
       0
       0
       0
       0
       0
       0
       0
       0
       0
       0
       0
       0
       0
       0
       0
       0
       0
       0
       0
       0
       0
       0
       0
       0
       0
       0
       0
       0
       0
       0
       0
       0
       0
       0
       0
       0
       0
       0
       0
       0
       0
       0
       0
       0
       0
       0
       0
       0
       0
       0
       1
       0
       0
       0
       0
       0
       0
       0
       0
       0
       0
       0
       0
       0
       0
       0
       0
       0
       0
       0
       0
       0
       0
       0
       0
       0
       0
       0
       0
       0
       0
       0
       0
       0
       0
       0
       0
       0
       0
       0
       0
       0
       1
       0
       0
       0
       0
       0
       0
       0
       0
       0
       0
       0
       0
       0
       0
       0
       0
       0
       0
       0
       0
       0
       0
       0
       0
       0
       0
       0
       0
       0
       0
       0
       0
       0
       0
       0
       0
       0
       0
       0
       0
       0
       0
       0
       0
       0
       0
       0
       0
       0
       0
       0
       0
       0
       0
       0
       0
       0
       0
       0
       0
       0
       0
       0
       0
       0
       0
       0
       0
       0
       0
       0
       0
       0
       0
       0
       0
       0
       0
       0
       0
       0
       0
       0
       0
       0
       0
       0
       0
       0
       0
       0
       0
       0
       0
       0
       0
       0
       0
       0
       0
       0
       0
       0
       0
       0
       0
       0
       0
       0
       0
       0
       0
       0
       0
       0
       0
       0
       0
       0
       0
       0
       0
       0
       0
       0
       0
       0
       0
       0
       0
       0
       0
       0
       0
       0
       0
       0
       0
       0
       0
       0
       0
       0
       0
       0
       0
       0
       0
       0
       0
       0
       0
       0
       0
       0
       0
       0
       0
       0
       0
       0
       0
       0
       0
       0
       0
       0
       0
       0
       0
       0
       0
       0
       0
       0
       0
       0
       0
       0
       0
       0
       0
       0
       0
       0
       0
       0
       0
       0
       0
       0
       0
       0
       0
       0
       0
       0
       0
       0
       0
       0
       0
       0
       0
       0
       0
       0
       0
       0
       0
       0
       0
       0
       0
       0
       0
       0
       0
       0
       0
       0
       0
       0
       0
       0
       0
       0
       0
       0
       0
       0
       0
       0
       0
       0
       0
       0
       0
       0
       0
       0
       0
       0
       0
       0
       0
       0
       0
       0
       0
       0
       0
       0
       0
       0
       0
       0
       0
       0
       0
       0
       0
       0
       0
       0
       0
       0
       0
       0
       0
       0
       0
       0
       0
       0
       0
       0
       0
       0
       0
       0
       0
       0
       0
       0
       0
       0
       0
       0
       0
       0
       0
       0
       0
       0
       0
       0
       1
       0
       0
       0
       0
       0
       0
       0
       0
       0
       0
       0
       0
       0
       0
       0
       0
       0
       0
       0
       0
       0
       0
       0
       0
       0
       0
       0
       0
       0
       1
       0
       0
       0
       0
       0
       0
       0
       0
       0
       0
       0
       0
       0
       0
       0
       0
       0
       0
       0
       0
       0
       0
       0
       0
       0
       0
       0
       0
       0
       0
       0
       0
       0
       0
       0
       0
       0
       0
       0
       0
       0
       0
       0
       0
       0
       0
       0
       0
       0
       0
       0
       0
       0
       0
       0
       0
       0
       0
       0
       0
       0
       0
       0
       0
       0
       0
       0
       0
       0
       0
       0
       0
       0
       0
       0
       0
       0
       0
       0
       0
       0
       0
       0
       0
       0
       0
       0
       0
       0
       0
       0
       0
       0
       0
       0
       0
       0
       0
       0
       0
       0
       0
       0
       0
       0
       0
       0
       0
       0
       0
       0
       0
       0
       0
       0
       0
       0
       0
       0
       0
       0
       0
       0
       0
       0
       0
       0
       0
       0
       0
       0
       0
       0
       0
       0
       0
       0
       0
       0
       0
       0
       0
       0
       0
       0
       0
       0
       0
       0
       0
       0
       0
       0
       0
       0
       0
       0
       0
       0
       0
       0
       0
       0
       0
       0
       0
       0
       0
       0
       0
       0
       0
       0
       0
       0
       0
       0
       0
       0
       0
       0
       0
       0
       0
       0
       0
       0
       0
       0
       0
       0
       0
       0
       0
       0
       0
       0
       0
       0
       0
       0
       0
       0
       0
       0
       0
       0
       0
       0
       0
       0
       0
       0
       0
       0
       0
       0
       0
       0
       0
       0
       0
       0
       0
       0
       0
       0
       0
       0
       0
       0
       0
       0
       0
       0
       0
       0
       0
       0
       0
       0
       0
       0
       0
       0
       0
       0
       0
       0
       0
       0
       0
       0
       0
       0
       0
       0
       0
       0
       0
       0
       0
       0
       0
       0
       0
       0
       0
       0
       0
       0
       0
       0
       0
       0
       0
       0
       0
       0
       0
       0
       0
       0
       0
       0
       0
       0
       0
       0
       0
       0
       0
       0
       0
       0
       0
       0
       0
       0
       0
       0
       0
       0
       0
       0
       0
       0
       0
$ROI:
3
6725 6813
6948 7045
7244 7256
$PRESETS:
None
0
0
$ENER_FIT:
-0.000074 0.728814
$MCA_CAL:
3
-7.366740E-005 7.288145E-001 -2.624510E-006 keV
$SHAPE_CAL:
3
0.000000E+000 0.000000E+000 0.000000E+000
