$SPEC_ID:
No sample description was entered.
$SPEC_REM:
DET# 1
DETDESC# PPF18-07 Easy-MCA-8k SN 14274550
AP# Maestro Version 7.01
$DATE_MEA:
11/16/2022 13:56:47
$MEAS_TIM:
6015 10872
$DATA:
0 8191
       0
       0
       0
       0
       0
       0
       0
       0
       0
       0
       0
       0
       0
       0
       0
       0
       0
       0
       0
       0
       0
       0
       0
       0
      26
    6994
  300126
 2885435
   66667
   17815
   23426
   31847
   42831
   52722
   56995
   52182
   41570
   30648
   23290
   18216
   15076
   12536
   10203
    8180
    6544
    5034
    4167
    3296
    2677
    2142
    1847
    1671
    1475
    1445
    1423
    1366
    1343
    1321
    1363
    1277
    1258
    1221
    1157
    1077
     983
     914
     798
     733
     672
     534
     476
     468
     331
     300
     266
     216
     201
     154
     143
     143
     127
     143
     104
      97
     114
      99
     117
     100
      96
      94
      89
      78
      82
      72
      67
      80
      58
      64
      47
      56
      53
      49
      48
      43
      39
      33
      34
      34
      31
      28
      32
      24
      22
      23
      20
      18
      22
      22
      17
      20
      15
      19
      17
      13
      17
      14
      17
      18
      18
      19
      20
      22
      15
      18
      15
      18
      22
      17
      15
      14
      17
      16
      14
      18
      14
      13
      22
      14
      11
      22
      17
      11
      16
      13
      17
      12
      10
      12
      14
      17
      13
      10
      15
      11
      20
      12
      12
      19
      18
      17
      15
      13
      16
      13
      15
      18
      18
      16
      12
      14
      13
      13
      15
      11
      12
      16
      15
      18
      15
      12
      13
      14
       6
      15
      12
      14
      13
       8
      14
      13
      13
      14
      11
      17
      14
      17
      11
      19
      12
      17
      17
      10
      13
      12
      16
      10
      17
       9
      12
       9
      12
       5
      14
      16
       9
      13
      14
      13
       8
      15
      14
      10
      16
      11
      13
      10
      14
      14
      14
      11
      14
      14
       8
      13
      12
       9
       9
      10
      10
      11
      10
      14
      11
      11
      12
      11
       6
      18
      13
       9
       6
      15
       8
       8
      13
      11
      10
      10
      11
       8
       9
       8
       9
       9
      11
       9
      10
       6
       6
       6
      12
       8
      10
      11
       9
       7
       9
      10
       9
      13
       6
       5
       8
      11
       7
       5
       7
      12
      12
       8
       6
       6
      14
       9
       9
       7
       7
       6
      12
       8
      10
      10
      12
      12
       9
      12
       9
      11
      11
       8
       7
      10
      15
       4
       3
      13
       9
       8
       6
      11
       8
      13
      11
      11
       7
       4
       9
      12
      13
       8
       5
      12
       9
       7
       9
       6
       9
      11
      10
       6
      12
      10
       7
      12
       3
      12
       5
       9
       5
       5
       8
       6
       6
      11
       6
       9
       8
       6
       7
       7
       8
       6
      11
       8
       8
      10
      12
       9
       7
      12
       9
      12
       9
       9
       6
      12
       9
      11
       7
       7
       7
      12
      18
       9
       5
       6
       8
       7
       7
      10
       3
       7
       7
       6
       9
      10
       4
       5
      11
       9
      14
       6
       7
       4
       7
       8
       9
      16
       7
       6
       6
      15
       6
       8
       6
       5
      14
       8
       9
       5
      10
       8
       3
       9
       6
      12
       7
       5
       7
       4
       7
       9
       8
      10
       4
       7
       5
       4
       7
       6
       9
       8
       7
       9
      12
       8
      11
      10
       7
       9
      11
      10
       4
       4
       7
       7
       2
      10
       7
       5
       4
      10
       4
      10
       5
       7
       6
       4
       8
       9
       4
       4
       3
       9
       8
      11
       5
       9
      12
      11
       6
       9
      10
       4
      11
       4
      10
      10
       9
       7
       9
       9
      10
      10
      10
       8
       6
       6
       6
       3
       2
       5
       6
       2
       7
       9
       6
       6
      11
      11
       5
      14
       4
      14
       8
       8
       9
       9
       8
       9
       7
       4
       5
       5
       4
       7
      12
       8
       7
       5
       8
       3
       7
       8
       6
       3
       4
       7
       6
      13
      10
       2
       5
       4
       4
       1
       8
       9
       7
       7
      10
       4
       4
       5
      10
       9
       4
       5
       7
      15
      10
       7
       1
       8
       4
       3
       6
       6
       2
       4
       6
       6
       8
       3
       2
       4
       7
       6
       9
       3
       6
       6
       9
       7
       8
       9
       8
       3
       3
       4
       8
      10
       9
       2
      12
       6
      11
       5
       6
      10
       6
       5
       7
       8
       6
      10
      10
       7
       2
       2
       4
       9
       7
       5
       9
       3
       3
       7
      11
       6
       5
       7
       7
       5
      10
       6
      12
       8
       8
       9
       1
       4
       5
       8
       4
       6
       6
       7
      10
       7
       4
       1
       7
       7
       5
       8
      10
       4
       4
       8
       8
       6
      11
       6
       7
       6
       8
       4
       6
      10
       7
       9
       5
       7
       7
       4
       9
       5
       2
       8
       4
       9
       7
      10
      10
       3
       8
       7
       7
       2
       8
       2
       9
       3
       7
       9
      11
       8
       9
       5
       3
       9
       8
       4
       4
       5
       6
       3
       8
       7
      11
       6
       7
       8
       5
       6
       1
       4
       5
       5
       4
       9
      10
       8
       9
       5
       7
       6
       9
      10
       7
       5
       6
       6
       8
       7
       2
       5
       3
      10
       6
       7
       6
       2
       3
       5
       5
       6
       7
       5
       7
       7
       6
       7
       3
       4
       9
      10
       2
       5
       6
       6
       2
       7
       6
       6
       4
       7
       9
      10
       9
       8
       9
       7
       6
       8
       1
       2
      11
       7
       4
      11
       5
      12
       7
       5
       4
       8
       3
       6
       2
       6
       8
       5
       6
       8
       4
      10
       3
       9
       4
       9
       4
       4
       5
       5
       3
       6
       6
       9
       7
      12
       3
       3
       1
       8
       6
       5
       7
       9
       7
       4
       7
       6
      10
       3
       5
      13
       6
       4
       4
       8
       5
       5
       3
       4
       5
       4
      10
      12
       3
       5
       3
       8
       6
       2
       5
       2
       7
       5
      13
       9
       6
      11
       8
       7
       7
       7
      10
       1
       9
       7
       4
       8
       5
      12
       9
      11
      10
       9
       7
       5
       5
      12
       3
       6
       4
       9
       6
       8
       7
       9
       9
       7
       9
       4
       7
       6
       8
       7
      10
       7
       5
       8
       5
       8
       8
       4
       5
       7
       5
       6
       3
       4
       9
       7
       4
       7
       6
       7
       9
       8
       3
       9
       9
       9
       9
       6
       4
       6
       6
       7
       7
      10
       1
       4
       7
       6
       6
       6
       6
       3
       5
       9
       5
       6
      10
       2
       3
       5
      11
       4
       6
       7
       5
       5
       3
       6
       3
       9
       3
       4
       6
       7
       8
       4
      10
       5
       2
       8
       7
       5
       7
      11
       8
       6
      11
       5
       7
       4
       2
       1
       6
       4
      10
       4
       7
       8
       6
       3
       8
       2
      13
       6
       9
       6
       5
       4
       5
       9
       2
       6
       8
       4
       2
       6
       2
       4
       8
      10
       6
       9
       7
      11
       6
       9
       3
       6
      11
       6
       6
       6
       5
       3
       0
       7
       3
      11
       7
       5
      11
       2
       7
       4
       5
       5
       5
       5
       7
       9
       3
       6
       7
       2
       6
       3
       7
       6
       5
      13
       7
       5
       3
       6
       7
       3
       4
       3
       6
       7
      10
       8
       6
       8
       6
       7
      10
       7
       4
       6
       7
       8
       6
       6
       6
       5
       4
       8
       8
       5
      10
       6
       4
       4
       6
       5
       8
      10
       8
       9
       4
       3
       8
       4
       4
       7
      12
       7
       8
       8
       6
       5
      11
       8
      10
      10
       8
      10
      10
       5
       3
       8
       9
       7
       5
       3
       5
       9
       3
       6
       7
       9
       4
       3
       7
       4
       8
       5
       7
       4
       9
       5
       7
       2
       9
       4
       9
       3
       6
       3
       6
       5
       7
       1
       4
      11
       5
       7
       5
      13
       4
       8
      10
       7
       5
       9
       3
       7
       5
       7
       5
       6
       5
       9
      10
       5
       8
       5
       3
       8
       6
       7
       9
       8
       5
       5
       5
      11
       3
       2
       6
       6
       7
       2
       6
       6
       5
       7
       5
       8
       4
       7
       5
       6
       5
       4
      14
       8
       7
       5
      11
       8
       7
       8
       6
       3
       2
       8
      11
      12
       9
       9
       6
       4
      10
       3
       5
       4
      10
       8
       4
       6
       4
       5
       2
       6
       6
       5
       8
       3
       4
       6
       4
       5
       1
      11
       3
       4
       6
       3
       4
       8
       6
       8
       5
       9
       6
       6
      11
       5
      10
       3
       8
       6
       8
       5
       8
       6
       7
       3
       2
      11
       8
       6
      10
       9
       9
       5
       3
       9
       6
       7
       6
       7
       6
       9
      11
       7
       7
       5
       7
       8
       8
       5
       3
      12
       4
       9
       7
       6
       7
       8
       2
       5
       3
       8
      12
       8
      10
       8
       5
       7
       8
       6
       1
       7
       5
       6
       8
       6
       5
       7
       3
       9
       4
       5
      12
       5
       6
      11
       7
       5
       8
       8
       7
       2
       4
       7
       7
       2
       9
       8
       8
       4
       9
       6
       9
      10
       5
       7
       3
      11
       8
       4
       9
       8
       3
       2
       7
       3
       5
       9
      10
      12
       5
       9
       6
       3
       5
       6
       6
       4
       7
       9
       8
       7
       7
       8
       8
       9
       9
       8
      10
       7
       4
       7
       3
       2
       4
       5
       5
       7
      10
       7
       8
       7
       5
       9
       8
       2
       4
       6
      10
       3
       5
       5
      11
       5
       6
       8
       5
       7
       6
       3
      10
       9
       7
       2
       5
       6
       5
      15
       7
      10
       3
       5
       7
       5
      12
       7
       3
       4
       9
      11
       2
       3
       4
       5
       9
       8
       4
       4
       7
       6
       6
       8
       7
      10
       7
      10
       4
       3
       8
      12
       8
       7
       7
       7
       5
      13
       7
       4
       8
       3
      10
      11
      16
       8
       8
       4
      12
       4
      11
       5
       8
       9
       7
       5
       3
       6
       9
       6
       6
       6
       5
       6
      13
       3
       3
       6
       7
       7
       6
       7
       7
       7
       4
       5
       9
       8
       6
       5
       7
       6
       9
       8
       4
      13
       6
       9
      11
       8
       7
       5
      11
       6
       5
      11
       3
       6
       9
       5
       7
       5
       4
       3
       6
       8
       5
       6
       9
       3
       8
      10
       8
       3
       9
       7
       5
       4
       4
       6
       3
       9
       8
       6
      12
       6
       8
       2
       8
       5
       5
       7
       8
       7
       6
       8
       9
       4
       5
       7
       7
       9
      10
       7
       8
       9
       8
       6
       8
       4
       8
      12
       7
       7
       1
       7
      10
       8
       7
       3
       7
      14
       6
       2
       4
       6
       3
       9
      10
      10
       5
       3
       7
      10
       4
       9
      11
       6
      11
       4
       5
       8
      12
       8
       8
      11
       8
       6
       8
      10
       8
      15
       5
       7
       5
       8
       3
       8
      13
       9
       5
       9
       4
       3
       9
       6
       9
       5
       6
       6
       4
      10
       6
       8
       5
       3
       5
       7
      12
       6
      12
       4
      11
       4
       8
      10
       9
       6
       9
       6
       4
       3
       6
       8
       8
       4
       9
       6
       6
       6
       2
       8
       7
       7
      11
       7
       4
      10
       9
       9
       4
       9
       5
       4
      10
       8
       9
       7
      11
       5
       7
      11
      11
      10
       9
       8
       7
       6
       9
       7
       3
       7
       8
      11
       6
       5
       5
       5
       6
       5
       7
      14
       8
       4
       9
       8
      14
      10
      11
       5
       7
       7
       9
       5
      11
       7
       5
       8
       4
       3
       7
       7
       4
       5
      12
      10
       5
       5
       6
       8
       8
       9
       6
       8
       8
      12
       9
       4
       6
       2
      12
       5
       9
       9
       4
       8
       7
       3
       8
       7
       7
       6
      11
       5
       5
       4
      10
       7
       7
       7
      11
       4
       5
       9
       3
       5
      10
       5
       4
       6
       7
       6
       6
       6
      12
       7
       5
       8
      13
       5
       6
      15
       6
       9
       6
       4
       9
      14
       6
      11
       7
       3
       7
       2
       4
       5
       7
       8
       7
       8
      13
       1
      11
      13
       4
      11
       9
       9
      10
      10
       6
       9
       6
       6
      11
       8
       4
       6
      10
       6
       7
       7
       8
      13
       8
       4
       7
       7
       5
       5
       6
      11
       8
       3
       9
       4
       7
       5
       6
       7
       9
       0
      10
       9
       2
      11
      11
      11
       3
      12
       6
       7
       5
       4
       5
       8
       8
       8
       9
      10
       9
      12
      10
       4
       6
       7
       8
      10
      10
       8
       8
      11
       8
       7
       3
      11
       5
       7
      10
       7
       9
       4
      12
       3
      12
      10
      10
      10
      11
       5
       3
      10
       7
      11
       9
       6
       8
       9
       9
      10
       7
       8
       5
      11
       2
      13
      13
       5
      10
       9
       6
       6
       7
       6
       9
       7
       6
       5
      12
      13
       6
       5
       9
      11
      10
       4
       8
       6
       6
       3
      10
      11
      14
       7
      11
       5
       9
       5
       5
       9
      11
       3
       9
       4
      13
      12
       9
       5
      14
       9
      10
       5
       9
       4
       6
       9
      15
       7
       9
      13
      10
       6
       9
       8
      12
      10
       6
       7
       9
      10
       6
       2
       9
       4
       7
      12
       6
      10
      10
       8
       9
       4
       4
      14
       4
      15
       8
       9
      15
       6
       8
      10
      11
      11
       9
       7
       5
      10
      10
       9
      10
       7
      10
       7
       8
      11
      10
       6
       8
      10
       8
       8
       8
       8
      11
       4
      10
       8
       9
       7
       9
       7
       8
       9
      10
      12
       8
       8
      14
      10
      12
       8
       9
       6
      10
      13
       6
       2
      10
      11
       8
      14
      15
       6
      15
      11
       6
      10
      18
       7
       8
      10
       5
      10
       5
       8
       7
       7
      10
       7
       9
       7
       7
       7
       9
       8
      11
       5
       3
       9
      11
      11
      13
       5
      10
       6
       5
       9
       5
      12
       8
       8
      12
      10
       6
       9
       8
       7
      11
       6
      14
       6
      13
      10
       9
       9
      11
      10
       9
       9
       6
      13
       9
       6
      13
       5
       6
       5
       4
       7
       7
       8
      12
      10
       8
      11
       8
       3
      10
      11
      14
       9
       6
      13
       7
       8
      11
       6
       9
       9
       4
       7
       5
       7
       9
       6
       8
      11
       7
       8
       6
       9
       5
      10
      17
       4
      10
      10
       9
       5
      10
       8
       7
       9
      11
       9
       8
      12
       5
       6
       9
       9
       7
      14
       7
      18
       3
      10
      12
       9
      12
      13
       7
      10
       4
      10
       2
      12
      13
      10
      11
       8
      13
      10
       9
       7
      13
       8
      12
      12
      13
       9
      15
       7
      13
      10
      14
       8
       6
       8
      11
       7
       5
      11
      10
       5
       5
      13
       4
      12
       8
       8
       7
       8
       5
      13
       8
       7
      13
      15
      13
      12
      12
      16
      12
      10
      10
      13
      12
      10
       6
      10
       4
       7
       6
       6
       5
      14
      14
      10
       5
       9
      14
      10
       8
       8
      10
       6
       8
      11
      14
      15
      10
       8
      10
       9
      12
      11
      15
      13
      11
       9
       7
      11
       6
       4
      11
      10
      18
       9
      11
       4
      12
      10
       6
       8
      10
      11
       7
      14
      14
      15
       9
      11
       6
      11
      13
      12
      11
      11
       9
      11
       9
      15
      11
      10
      11
      10
       3
       6
       5
       9
       4
      10
      11
      10
      15
       8
       8
      10
      10
       7
       7
       8
       7
      11
       8
       3
      11
       8
      10
      11
      16
       9
      10
       8
      11
       9
      12
       9
      12
       8
      12
       9
      12
      13
      10
       8
       9
      13
      13
       8
      12
      12
       8
      14
      11
      10
      11
      10
      14
      14
      10
      13
       8
       6
       9
      13
       9
      10
       9
      15
       7
      17
      12
       8
      11
      15
       7
       8
      12
      13
      12
      17
      15
      14
      10
      15
       6
       9
      13
       6
       8
       4
      11
       9
      14
      14
       7
       8
      14
      17
      11
       6
      10
       8
      13
       9
      14
      13
      11
       5
      11
      12
       6
       3
      10
      17
       5
      12
      20
       7
      10
      10
      14
      13
      16
       6
       9
       8
       8
       7
      13
      10
       8
       9
      10
      10
      11
       8
      12
      15
      12
      11
      10
      13
      17
      10
      10
      10
       7
      11
       8
       4
       9
       9
      11
      11
      10
       6
      14
      10
       9
      13
      10
      15
      12
      11
       9
      12
       8
      15
       6
      11
      12
       9
      10
      15
       6
      15
      15
       6
      14
      10
       5
      15
       5
      11
      15
       7
      10
      17
      13
       8
      14
       6
      15
       9
       6
      13
      12
      12
      12
      10
      13
       9
      11
      13
      11
      15
      15
      12
      11
      17
      11
       9
      11
      10
      11
      16
      13
      10
      10
       9
      13
      12
       8
      10
      15
      10
      10
      13
      11
      11
      14
      11
      11
       9
      11
      14
      11
      13
       5
      18
      18
      14
      12
      15
       9
      14
      15
      12
       9
      12
      11
      10
      10
      12
      12
      11
      10
      10
      10
      10
      11
       7
       7
      21
      16
      13
      18
       6
       8
      10
      14
      15
      11
       9
      10
       5
       8
      10
      15
      11
      13
       7
       7
      11
       5
      15
      19
      15
      12
       8
      13
      13
      19
       9
      14
      14
       7
      12
      16
       8
      16
       8
      16
       9
      15
      14
      15
      17
      13
      10
      10
       5
      21
       9
      12
      14
      18
      12
      11
      19
      14
      18
      15
      15
      11
      13
      12
      15
      12
      10
       9
      13
      20
      14
      13
      14
      17
       6
       8
      11
      17
      10
      16
      14
      14
      16
      15
      10
      17
      13
      11
      11
      14
      15
       9
      20
      14
      15
      10
      13
      17
       9
      15
      14
      14
      15
       7
      14
      14
      10
      15
      11
      13
       8
      13
      16
      13
      14
      11
      11
      11
       7
       7
      12
      14
       8
       8
       9
      15
      18
      15
       8
      16
       6
      13
      14
       9
       7
      13
       7
       7
      18
       7
       9
      13
       9
      18
      14
       8
       8
      13
      15
      15
      21
       7
      12
      15
       4
      14
       7
      14
      13
      11
      11
      14
      17
      10
       8
      14
      14
      16
       6
       8
       9
      14
      13
      14
      11
      13
      14
      11
      13
      11
      10
      15
      10
      19
      13
      20
      19
      14
      17
      15
      18
      14
      14
      12
      21
      19
       7
      12
      19
      17
      14
      19
      16
      12
      10
      17
      18
      19
      12
      11
      16
      12
      16
      13
      14
      13
      16
      19
      18
      14
      17
      21
      14
      13
      16
      13
      16
       9
      14
      16
      13
      21
      15
      16
      15
      18
      14
      21
      13
      11
      18
      11
      15
      16
      11
      18
       8
       8
       7
      11
      15
      14
      17
      17
      17
       8
      12
       7
      21
      21
      23
      10
      17
      16
      21
      13
       9
      15
      11
       7
      21
      24
      10
       9
      14
      16
      19
      10
      14
      15
       7
      12
      10
      19
      13
      16
      12
      15
      16
      10
      20
      15
      10
      14
      21
      17
      14
      17
      15
      10
      18
      18
      27
      18
      22
      10
      13
      11
      14
      19
      18
       9
      12
      15
      14
      11
      12
      18
      12
      13
       6
      13
      26
      21
      12
      12
      14
      18
      21
      12
      21
      14
      13
      15
      15
      14
      17
      20
      16
      15
      16
      21
      16
      13
      19
      13
      17
      11
      19
      12
      17
      16
      14
       9
      13
      22
      21
      12
      14
      11
      14
       8
      11
      18
      16
      14
      16
      14
       8
      17
      11
      17
      16
       7
      12
       9
       9
      12
      19
      18
      20
      16
      14
      10
      17
      17
      20
      17
      13
      17
      13
      15
      13
      17
      22
      23
      18
      17
       6
      12
      18
      11
      19
      10
      12
      19
      15
      11
      15
      11
      18
      21
      17
      13
      27
      20
      15
       9
      13
      15
      14
      16
      18
      19
      13
      14
      18
       9
      13
      21
      13
      14
      17
      14
      14
      22
      23
      19
      14
      20
      13
      23
      11
      13
      20
      16
      22
      17
      17
      15
      14
      14
      18
      17
      24
      20
      20
      17
      11
      24
      13
      17
      12
      10
      20
      16
      13
      20
      17
      12
      16
      19
      18
      14
      15
      18
      18
      15
      14
      19
      24
      19
      12
      18
      21
      21
      23
      15
      21
      16
      12
      17
      19
      17
      18
      16
      11
      14
      22
      23
      11
      15
      30
      13
      15
      17
       5
      19
      17
      21
      17
      14
      21
      13
      24
      13
      26
      18
      18
      22
      20
      18
      21
      18
      19
      22
      21
      14
      24
      22
      15
      16
      12
      23
      27
      18
      20
      22
      17
      31
      19
      23
      19
      12
      15
      14
      13
      24
      18
      26
      17
      21
      22
      19
      19
      20
      21
      20
      14
      19
      37
      18
      20
      22
      18
      14
      16
      19
      19
      29
      25
      22
      15
      27
      14
      22
      16
      20
      24
      15
      16
      25
      23
      15
      18
      19
      23
      17
      13
      12
      27
      24
      14
      15
      14
      16
      18
      14
      27
      21
      15
      20
      15
      22
      19
      16
      11
      24
      25
      29
      24
      26
      19
      14
      29
      24
      26
      27
      24
      20
      23
      24
      30
      24
      28
      19
      16
      17
      20
      26
      25
      30
      20
      21
      25
      16
      25
      29
      13
      26
      27
      24
      24
      16
      23
      30
      19
      19
      16
      21
      20
      21
      16
      26
      25
      32
      33
      27
      28
      30
      18
      21
      25
      34
      19
      23
      25
      23
      24
      27
      13
      20
      28
      23
      23
      16
      31
      18
      26
      22
      17
      12
      19
      23
      16
      20
      30
      32
      25
      17
      22
      22
      28
      28
      30
      39
      25
      25
      32
      18
      23
      20
      20
      29
      26
      19
      26
      21
      29
      23
      22
      29
      22
      24
      36
      21
      27
      18
      32
      21
      25
      24
      14
      20
      15
      23
      29
      32
      31
      23
      28
      29
      23
      20
      18
      28
      24
      29
      25
      20
      23
      30
      20
      35
      20
      19
      27
      27
      26
      32
      32
      24
      18
      18
      28
      27
      29
      22
      34
      16
      27
      22
      25
      28
      26
      22
      15
      29
      24
      19
      18
      26
      20
      34
      25
      35
      27
      29
      32
      24
      25
      34
      25
      28
      37
      19
      28
      32
      28
      26
      32
      28
      34
      38
      33
      46
      29
      21
      28
      28
      31
      34
      25
      27
      25
      21
      22
      27
      30
      30
      26
      28
      32
      30
      31
      27
      28
      46
      27
      25
      37
      22
      32
      39
      25
      28
      28
      25
      30
      28
      38
      26
      33
      35
      28
      35
      29
      37
      26
      33
      32
      28
      27
      22
      27
      43
      37
      32
      27
      37
      22
      36
      38
      30
      35
      27
      26
      37
      28
      34
      34
      31
      33
      32
      30
      33
      32
      24
      42
      25
      29
      41
      34
      48
      40
      38
      25
      43
      29
      36
      31
      43
      29
      36
      40
      31
      41
      41
      48
      24
      29
      31
      38
      28
      27
      45
      25
      36
      40
      50
      30
      35
      41
      31
      31
      30
      41
      40
      31
      54
      38
      32
      39
      34
      44
      36
      41
      35
      48
      36
      38
      28
      30
      32
      37
      35
      36
      44
      42
      32
      32
      40
      41
      47
      49
      36
      38
      45
      50
      39
      39
      41
      43
      64
      42
      49
      37
      44
      36
      42
      48
      45
      37
      39
      38
      42
      45
      39
      31
      38
      45
      54
      39
      38
      50
      41
      44
      45
      53
      64
      41
      40
      35
      48
      45
      39
      45
      44
      42
      45
      36
      52
      48
      55
      48
      52
      40
      57
      41
      45
      44
      54
      44
      54
      49
      52
      46
      51
      37
      57
      59
      51
      44
      45
      45
      39
      40
      56
      44
      49
      58
      54
      53
      45
      44
      50
      51
      54
      48
      63
      48
      50
      43
      55
      57
      41
      59
      48
      47
      46
      65
      56
      61
      50
      52
      61
      50
      43
      52
      42
      52
      48
      48
      35
      54
      53
      54
      52
      57
      51
      50
      60
      66
      51
      43
      46
      54
      60
      60
      67
      51
      58
      62
      58
      53
      67
      45
      61
      48
      59
      72
      58
      62
      57
      66
      85
      61
      58
      61
      55
      67
      56
      61
      80
      60
      51
      61
      59
      63
      49
      66
      54
      71
      59
      66
      65
      54
      66
      65
      73
      68
      57
      68
      66
      58
      56
      64
      58
      80
      71
      74
      78
      68
      73
      56
      76
      67
      61
      68
      58
      73
      57
      74
      74
      65
      85
      76
      73
      74
      85
      75
      69
      81
      70
      66
      79
      72
      71
      78
      73
      68
      80
      76
      60
      76
      78
      69
      71
      88
      88
      84
      75
      78
      73
      82
      86
      73
      75
      78
      71
      88
      80
      89
      70
      87
      93
      61
      77
     105
      78
      65
      83
      85
      77
      89
      88
      91
      76
      80
      90
      78
      81
     106
      77
      79
      72
      89
      88
      81
      93
      89
      99
      86
      99
      94
      97
      97
     104
      97
     109
     104
      86
     101
      84
      94
      82
     112
     121
      85
      95
      84
     105
     117
     100
      84
     101
      93
      91
     101
      92
     118
     100
      80
      96
     106
      98
     102
     110
     115
      96
     103
     109
      86
      95
     103
     113
     118
     107
     101
     101
     114
     101
     112
     123
     107
     107
     114
     126
     111
     114
     108
     102
     100
     115
     109
     115
     120
     111
     128
     111
     122
     122
     119
     101
     105
     107
      92
     123
     115
     130
     110
     138
     113
     111
     113
     115
      98
     148
     114
     105
     157
     123
     140
     103
     114
     132
     140
     127
     120
     119
     110
     149
     135
     142
     130
     141
     133
     136
     143
     135
     143
     137
     129
     129
     126
     142
     147
     127
     142
     140
     120
     135
     156
     149
     163
     135
     148
     135
     131
     144
     149
     147
     123
     138
     123
     140
     158
     166
     138
     145
     159
     139
     149
     166
     163
     152
     146
     141
     160
     155
     153
     177
     142
     161
     188
     148
     167
     175
     195
     171
     146
     170
     137
     169
     167
     159
     170
     159
     138
     173
     194
     186
     190
     170
     172
     171
     163
     193
     154
     172
     167
     179
     161
     194
     185
     197
     201
     150
     155
     173
     184
     171
     170
     160
     186
     186
     188
     216
     186
     183
     202
     188
     181
     204
     176
     215
     212
     194
     186
     197
     210
     179
     198
     193
     226
     189
     237
     183
     192
     225
     190
     213
     186
     189
     195
     219
     214
     199
     224
     232
     214
     217
     240
     241
     209
     223
     206
     219
     214
     211
     234
     216
     209
     200
     217
     231
     201
     230
     217
     235
     237
     225
     229
     238
     220
     236
     219
     263
     239
     235
     238
     235
     240
     264
     245
     234
     257
     272
     274
     240
     251
     245
     233
     217
     245
     273
     237
     244
     248
     252
     243
     280
     262
     249
     272
     271
     269
     275
     239
     253
     269
     296
     253
     255
     290
     271
     249
     268
     228
     251
     292
     271
     325
     289
     325
     283
     289
     313
     305
     297
     317
     304
     295
     291
     297
     318
     306
     323
     306
     318
     298
     304
     300
     285
     324
     322
     325
     293
     340
     321
     330
     325
     333
     307
     324
     332
     291
     328
     328
     333
     351
     343
     314
     320
     326
     327
     323
     323
     365
     331
     346
     351
     345
     317
     324
     356
     350
     342
     361
     361
     346
     357
     349
     376
     357
     325
     372
     381
     345
     352
     357
     368
     366
     369
     376
     392
     354
     358
     327
     361
     394
     385
     390
     380
     364
     395
     406
     376
     446
     457
     406
     385
     399
     392
     363
     422
     413
     418
     434
     423
     395
     384
     390
     410
     418
     410
     404
     404
     450
     443
     407
     457
     428
     413
     434
     401
     456
     402
     420
     430
     494
     448
     440
     455
     448
     452
     437
     418
     471
     502
     451
     485
     457
     463
     467
     482
     461
     500
     466
     501
     471
     518
     456
     477
     511
     469
     502
     499
     481
     523
     494
     514
     498
     489
     482
     476
     547
     506
     533
     487
     513
     516
     517
     507
     529
     502
     566
     587
     502
     515
     537
     528
     531
     536
     551
     584
     539
     597
     565
     619
     544
     582
     556
     572
     498
     579
     555
     605
     564
     605
     555
     632
     576
     578
     641
     613
     571
     613
     578
     637
     618
     556
     641
     595
     650
     607
     584
     632
     611
     638
     651
     622
     639
     574
     642
     626
     650
     631
     650
     650
     694
     644
     657
     672
     621
     639
     658
     689
     661
     640
     678
     704
     677
     706
     658
     679
     687
     711
     729
     731
     701
     710
     700
     684
     707
     692
     677
     701
     746
     726
     762
     686
     681
     700
     770
     720
     740
     687
     761
     759
     760
     737
     748
     785
     784
     728
     761
     804
     712
     795
     764
     740
     807
     783
     792
     772
     770
     758
     833
     793
     797
     847
     815
     876
     832
     808
     807
     833
     824
     853
     861
     867
     826
     838
     849
     812
     860
     867
     888
     876
     865
     891
     897
     868
     886
     907
     886
     886
     903
     875
     914
     911
     906
     888
     886
     950
     910
     923
     937
     950
     953
     949
     975
     927
     975
     932
     957
     955
    1007
     979
     961
     977
     955
     924
     962
    1021
     969
     947
    1002
     983
     988
    1046
    1037
    1015
    1028
    1014
    1006
    1033
     982
    1050
    1093
    1011
     988
     972
    1079
    1064
     975
    1086
    1086
    1074
    1057
    1098
    1063
    1087
    1109
    1110
    1152
    1064
    1123
    1050
    1096
    1051
    1107
    1142
    1137
    1146
    1121
    1104
    1127
    1114
    1126
    1131
    1187
    1181
    1207
    1128
    1168
    1182
    1167
    1165
    1186
    1205
    1202
    1163
    1178
    1257
    1193
    1207
    1197
    1245
    1175
    1255
    1216
    1192
    1201
    1228
    1279
    1248
    1284
    1251
    1260
    1241
    1226
    1240
    1320
    1266
    1313
    1366
    1287
    1293
    1291
    1358
    1348
    1327
    1336
    1316
    1279
    1344
    1350
    1389
    1343
    1353
    1343
    1352
    1321
    1314
    1376
    1390
    1429
    1422
    1425
    1438
    1424
    1466
    1407
    1441
    1388
    1418
    1492
    1426
    1417
    1447
    1451
    1441
    1474
    1455
    1529
    1472
    1477
    1508
    1495
    1455
    1538
    1467
    1526
    1509
    1497
    1477
    1562
    1529
    1489
    1534
    1477
    1507
    1513
    1496
    1554
    1591
    1654
    1539
    1616
    1531
    1544
    1606
    1568
    1550
    1623
    1586
    1590
    1607
    1510
    1607
    1668
    1613
    1642
    1635
    1675
    1683
    1660
    1626
    1664
    1683
    1631
    1658
    1662
    1768
    1661
    1633
    1665
    1713
    1684
    1732
    1654
    1690
    1710
    1705
    1736
    1717
    1721
    1798
    1713
    1829
    1787
    1699
    1792
    1792
    1766
    1845
    1769
    1766
    1839
    1806
    1774
    1796
    1921
    1869
    1801
    1794
    1808
    1848
    1868
    1834
    1796
    1853
    1857
    1957
    1851
    1853
    1845
    1891
    2035
    1918
    1874
    1939
    1881
    1956
    1941
    1902
    1874
    1945
    1913
    1975
    1911
    2018
    1942
    1966
    1982
    1967
    2029
    2074
    1965
    2056
    1987
    1970
    1934
    2022
    2043
    1956
    1990
    1939
    2011
    2090
    2130
    2050
    2025
    1946
    2110
    2095
    2109
    2051
    2069
    2110
    2151
    2116
    2112
    2276
    2161
    2134
    2137
    2097
    2180
    2156
    2182
    2165
    2116
    2174
    2152
    2179
    2210
    2201
    2124
    2186
    2233
    2207
    2254
    2179
    2244
    2240
    2211
    2215
    2199
    2270
    2224
    2196
    2318
    2188
    2264
    2256
    2272
    2210
    2358
    2222
    2273
    2321
    2331
    2306
    2291
    2345
    2349
    2338
    2308
    2296
    2321
    2298
    2343
    2426
    2370
    2403
    2305
    2322
    2260
    2316
    2365
    2433
    2383
    2340
    2404
    2445
    2422
    2469
    2437
    2457
    2384
    2500
    2462
    2472
    2469
    2517
    2536
    2470
    2426
    2477
    2536
    2468
    2562
    2514
    2620
    2524
    2498
    2459
    2531
    2452
    2524
    2565
    2547
    2581
    2671
    2480
    2552
    2605
    2544
    2608
    2618
    2564
    2618
    2552
    2572
    2657
    2623
    2619
    2667
    2656
    2594
    2606
    2663
    2625
    2555
    2666
    2528
    2714
    2767
    2750
    2666
    2765
    2761
    2671
    2763
    2682
    2783
    2693
    2693
    2717
    2776
    2714
    2726
    2723
    2733
    2768
    2730
    2744
    2806
    2717
    2776
    2739
    2806
    2823
    2850
    2789
    2683
    2726
    2761
    2775
    2727
    2852
    2824
    2817
    2834
    2869
    2753
    2951
    2905
    2788
    2798
    2875
    2881
    2866
    2879
    2791
    2826
    2795
    2893
    2885
    2891
    2865
    2938
    2912
    2845
    2937
    2890
    2934
    2915
    2894
    2854
    2838
    2995
    2848
    2897
    2852
    2932
    2905
    2887
    2795
    2900
    2903
    2869
    2927
    2923
    2928
    3037
    2944
    2977
    2984
    2929
    2842
    2958
    2949
    2917
    3052
    2948
    2992
    2974
    3094
    3008
    3012
    3083
    3019
    3015
    2998
    3013
    2961
    3066
    3011
    3033
    2913
    3006
    2905
    3058
    3010
    2966
    3056
    3067
    2893
    3061
    3133
    3096
    3136
    3143
    3021
    3054
    3011
    3092
    3122
    3054
    3059
    3092
    3144
    3020
    3196
    3142
    3028
    3185
    3073
    3052
    3161
    3003
    3056
    3066
    3123
    3190
    3063
    3034
    3077
    3066
    3094
    3079
    3019
    3127
    3232
    3122
    3190
    3123
    3183
    3160
    3072
    3172
    3093
    3122
    3156
    3131
    3126
    3234
    3187
    3083
    3150
    3141
    3226
    3173
    3063
    3208
    3203
    3249
    3150
    3135
    3060
    3184
    3212
    3172
    3121
    3180
    3139
    3214
    3106
    3171
    3222
    3230
    3128
    3106
    3256
    3127
    3101
    3178
    3132
    3149
    3148
    3245
    3114
    3255
    3162
    3207
    3285
    3148
    3116
    3183
    3124
    3169
    3195
    3270
    3214
    3167
    3198
    3168
    3154
    3173
    3160
    3155
    3275
    3142
    3204
    3199
    3200
    3171
    3138
    3142
    3249
    3109
    3167
    3275
    3179
    3286
    3202
    3176
    3271
    3167
    3120
    3234
    3214
    3161
    3092
    3233
    3092
    3221
    3175
    3217
    3159
    3209
    3183
    3218
    3228
    3196
    3171
    3179
    3238
    3207
    3148
    3097
    3272
    3195
    3235
    3170
    3099
    3182
    3090
    3166
    3188
    3237
    3141
    3132
    3192
    3180
    3243
    3137
    3176
    3153
    3151
    3167
    3159
    3160
    3189
    3107
    3178
    3144
    3199
    3141
    3206
    3225
    3088
    3091
    3021
    3155
    3153
    3183
    3088
    3059
    3199
    3113
    3079
    3165
    3152
    3172
    3132
    3137
    3141
    3109
    3100
    3112
    3098
    3253
    3119
    3122
    2998
    2995
    3138
    3022
    3061
    3083
    3079
    3026
    3059
    3077
    3040
    3076
    3122
    2903
    3095
    3081
    3055
    3070
    3033
    3049
    3016
    2950
    2968
    3014
    3077
    2933
    3066
    3012
    2966
    3056
    2950
    2969
    3028
    3005
    3027
    3006
    2985
    2909
    2953
    3010
    3038
    2972
    2924
    2858
    2983
    2924
    3024
    2903
    3002
    2958
    3032
    2925
    2942
    2894
    2857
    2993
    2886
    2904
    2927
    2887
    2897
    2924
    2952
    2858
    2961
    2845
    2807
    2891
    2860
    2899
    2810
    2885
    2915
    2948
    2932
    2899
    2804
    2845
    2853
    2832
    2824
    2852
    2847
    2732
    2826
    2881
    2822
    2824
    2850
    2822
    2718
    2699
    2751
    2734
    2702
    2877
    2791
    2776
    2716
    2791
    2839
    2624
    2740
    2720
    2674
    2656
    2717
    2743
    2731
    2748
    2584
    2676
    2695
    2684
    2635
    2586
    2633
    2705
    2687
    2580
    2540
    2767
    2564
    2623
    2567
    2631
    2535
    2586
    2656
    2479
    2577
    2573
    2616
    2587
    2478
    2532
    2601
    2484
    2507
    2463
    2464
    2529
    2513
    2597
    2473
    2486
    2427
    2516
    2524
    2521
    2422
    2515
    2384
    2450
    2412
    2382
    2485
    2403
    2426
    2506
    2420
    2318
    2373
    2328
    2390
    2374
    2441
    2359
    2325
    2361
    2390
    2315
    2315
    2386
    2353
    2345
    2351
    2312
    2309
    2318
    2317
    2246
    2294
    2259
    2285
    2233
    2252
    2253
    2262
    2244
    2147
    2166
    2214
    2315
    2257
    2204
    2113
    2109
    2221
    2124
    2117
    2174
    2235
    2262
    2120
    2157
    2044
    2091
    2091
    2056
    2120
    2180
    2119
    2098
    2093
    2053
    2213
    2052
    2061
    2041
    2067
    2117
    2109
    2040
    1989
    2098
    2069
    1979
    2016
    1982
    2027
    1874
    1917
    1941
    1919
    1928
    1970
    1897
    1994
    1943
    1938
    1895
    1964
    1885
    2009
    1912
    1909
    1818
    1850
    1957
    1809
    1815
    1815
    1815
    1890
    1829
    1783
    1842
    1766
    1769
    1809
    1771
    1792
    1760
    1808
    1723
    1720
    1775
    1800
    1756
    1682
    1753
    1781
    1759
    1682
    1695
    1717
    1759
    1675
    1721
    1679
    1751
    1651
    1691
    1672
    1684
    1630
    1676
    1587
    1629
    1628
    1595
    1620
    1642
    1566
    1580
    1567
    1596
    1570
    1581
    1585
    1504
    1543
    1610
    1510
    1550
    1447
    1539
    1494
    1567
    1523
    1483
    1469
    1537
    1490
    1493
    1468
    1500
    1482
    1478
    1400
    1457
    1396
    1453
    1391
    1424
    1364
    1420
    1420
    1428
    1402
    1316
    1365
    1345
    1351
    1372
    1341
    1328
    1361
    1325
    1303
    1345
    1332
    1320
    1334
    1352
    1264
    1334
    1268
    1264
    1286
    1267
    1267
    1276
    1272
    1242
    1240
    1238
    1172
    1230
    1264
    1186
    1197
    1232
    1179
    1180
    1198
    1214
    1184
    1184
    1200
    1201
    1199
    1181
    1153
    1111
    1113
    1100
    1134
    1140
    1112
    1129
    1098
    1139
    1047
    1058
    1081
    1086
    1043
    1057
    1027
    1043
    1090
    1055
    1085
    1043
    1051
    1017
    1001
     959
     977
     979
     970
     976
     966
     961
     998
     977
    1003
     968
    1017
     932
     882
    1004
     922
     893
     945
     965
     876
     901
     942
     878
     849
     868
     882
     860
     901
     901
     849
     867
     903
     827
     868
     888
     839
     812
     866
     792
     829
     815
     792
     742
     839
     785
     756
     802
     750
     751
     760
     718
     804
     784
     776
     748
     812
     738
     790
     680
     749
     722
     741
     775
     709
     722
     740
     668
     685
     745
     687
     647
     667
     709
     650
     657
     617
     654
     686
     685
     661
     605
     624
     659
     599
     629
     644
     614
     601
     630
     639
     576
     628
     620
     598
     649
     530
     575
     596
     592
     570
     567
     561
     546
     562
     578
     580
     523
     546
     547
     532
     562
     544
     540
     506
     529
     514
     507
     500
     546
     546
     482
     481
     475
     437
     488
     449
     476
     450
     469
     497
     506
     482
     492
     495
     459
     427
     486
     460
     429
     421
     459
     406
     399
     403
     425
     446
     400
     403
     386
     408
     412
     391
     401
     374
     376
     377
     348
     375
     380
     395
     353
     377
     370
     400
     383
     383
     364
     370
     371
     363
     355
     328
     359
     345
     340
     343
     328
     320
     338
     334
     354
     348
     308
     297
     288
     299
     300
     299
     298
     269
     311
     285
     308
     308
     283
     276
     292
     283
     284
     268
     289
     312
     246
     290
     288
     257
     244
     253
     274
     242
     233
     273
     256
     246
     234
     260
     241
     250
     231
     232
     280
     239
     259
     226
     229
     245
     216
     215
     204
     206
     222
     204
     214
     203
     205
     195
     226
     187
     232
     214
     190
     202
     179
     174
     191
     191
     181
     206
     210
     186
     192
     176
     192
     152
     175
     179
     154
     172
     177
     142
     201
     171
     178
     172
     159
     162
     174
     148
     178
     167
     155
     141
     162
     153
     154
     135
     137
     164
     143
     142
     144
     134
     153
     166
     132
     156
     139
     151
     137
     146
     130
     137
     128
     128
     121
     114
     128
     136
     119
     117
     108
     112
     117
     111
     109
     102
     105
     104
      98
      98
      91
     113
     101
     102
     118
     108
      86
     113
     103
     111
     100
     109
     106
      98
     106
     101
      97
      95
     108
      96
      72
      92
      88
      90
      76
      82
      83
      94
      95
      76
      81
      81
      73
     101
      79
      76
      78
      77
      73
      95
      73
      77
      65
      62
      68
      55
      73
      66
      66
      52
      61
      80
      57
      61
      72
      71
      57
      61
      60
      59
      51
      47
      66
      70
      44
      53
      55
      62
      42
      61
      58
      50
      46
      49
      42
      46
      60
      54
      49
      47
      54
      64
      48
      52
      43
      55
      49
      49
      50
      48
      51
      38
      34
      45
      41
      35
      47
      34
      34
      39
      41
      43
      37
      42
      34
      41
      52
      38
      35
      29
      33
      41
      33
      22
      32
      35
      42
      33
      33
      30
      38
      42
      31
      32
      32
      24
      29
      25
      30
      25
      30
      35
      25
      26
      22
      39
      28
      31
      33
      32
      37
      25
      29
      34
      24
      24
      20
      24
      18
      23
      39
      16
      21
      25
      25
      31
      22
      29
      28
      29
      29
      25
      23
      15
      29
      21
      28
      25
      22
      27
      24
      17
      20
      24
      19
      24
      21
      19
      25
      18
      20
      27
      23
      18
      12
      20
      18
      18
      21
      14
      14
      25
      18
      18
      25
      11
      20
      17
      20
      13
      12
      18
      15
      16
      10
      16
      10
      14
      11
      12
      10
       7
      16
       8
      12
      11
      13
      17
      11
      16
      14
       8
      10
      14
      12
      11
       9
      12
      10
      12
       6
      15
       8
       9
       9
       9
       8
       6
      10
       7
      13
      14
      12
       5
       5
       9
      15
      13
       9
       8
       8
      14
       7
       7
      12
       9
       9
      14
       8
       7
       6
       8
       9
       6
      12
      10
      13
      11
       5
       9
       9
      12
       6
       8
       8
      10
       7
       3
       8
       9
       7
       6
       9
       7
       6
      10
       8
       8
       6
       6
       8
       4
      10
       6
       9
       7
       4
       7
       6
       3
       3
       6
       5
      13
       6
       8
       5
       8
       4
       3
       2
       3
       7
       8
       9
      10
       9
       5
       9
       6
       3
       5
       8
       7
       8
       8
       5
       5
       8
       0
       3
       3
       7
       5
       2
       7
       5
       6
       9
       8
       4
       4
       7
       3
       5
       3
       5
       4
       4
       3
       4
       6
       7
       0
       5
       3
       2
       4
       3
       2
       4
       2
       2
      14
       3
       3
       6
       6
       4
       8
       1
       2
       2
       6
       5
       6
       3
       3
       7
       3
       9
       3
       2
       5
       4
       5
       4
       6
       5
       5
       5
       3
       5
       3
       2
       6
       5
       4
       7
       2
       4
       6
       3
       3
       4
       4
       3
       5
       0
       5
       4
       1
       2
       2
       8
       3
       2
       2
       3
       2
       4
       7
       3
       1
       1
       7
       4
       6
       2
       0
       1
       4
       7
       1
       3
       9
       2
       2
       3
       7
       2
       6
       5
       3
       3
       5
       4
       4
       3
       2
       5
       1
       6
       1
       2
       3
       1
       4
       1
       1
       3
       3
       5
       1
       6
       2
       5
       8
       1
       4
       7
       4
       6
       4
       3
       3
       3
       4
       3
       6
       3
       3
       2
       5
       3
       5
       1
       2
       3
       4
       9
       2
       7
       0
       4
       2
       0
       2
       3
       4
       3
       4
       3
       5
       3
       3
       1
       2
       3
       3
       6
       2
       4
       3
       3
       0
       3
       2
       5
       2
       4
       1
       3
       4
       2
       3
       2
       4
       2
       1
       2
       4
       1
       0
       1
       4
       4
       4
       3
       5
       3
       1
       4
       1
       3
       2
       2
       3
       7
       4
       3
       3
       5
       5
       5
       7
       3
       4
       4
       4
       3
       6
       4
       3
       1
       1
       6
       3
       5
       4
       2
       6
       3
       4
       6
       5
       3
       6
       5
       5
       3
       4
       4
       0
       4
       1
       6
       5
       3
       5
       5
       5
       4
       1
       1
       0
       3
       5
       0
       6
       6
       2
       1
       6
       4
       2
       4
       2
       1
       7
       1
       1
       2
       0
       3
       2
       1
       5
       7
       4
       4
       3
       4
       2
       3
       2
       1
       2
       6
       5
       5
       5
       5
       4
       5
       2
       3
       7
       5
       1
       3
       1
       1
       2
       4
       5
       3
       2
       2
       4
       3
       6
       4
       4
       5
       4
       2
       7
       2
       3
       2
       3
       3
       5
       4
       1
       5
       2
       6
       4
       2
       2
       3
       2
       3
       8
       4
       9
       4
       4
       2
       2
       5
       1
       2
       2
       3
       3
       5
       7
       7
       5
       3
       4
       3
       6
       1
       4
       2
       5
       3
       4
       3
       4
       6
       4
       5
       3
       7
       5
       4
       4
       5
       7
       4
       4
       2
       6
       5
       1
       1
       4
       3
       7
       3
       7
       3
       8
       4
       7
       4
       4
       4
       5
       6
       4
       3
       2
       5
       4
       4
       3
       1
       8
       7
       8
       3
       7
       4
       6
       1
      13
       4
       5
       4
       5
       1
       5
       4
       1
       4
       2
       8
       4
       5
       3
       1
       3
       4
       5
       1
       1
       4
       3
       0
       4
       4
       2
       5
       4
       4
       4
       6
       3
       1
       2
       3
       3
       1
       3
       3
       5
       6
       3
       2
       1
       6
       2
       2
       5
       6
       2
       4
       1
       3
       4
       1
       2
       6
       3
       5
       4
       2
       2
       2
       1
       2
       0
       3
       0
       0
       2
       4
       3
       2
       4
       1
       0
       3
       1
       0
       1
       2
       2
       1
       1
       2
       4
       1
       2
       4
       3
       0
       2
       3
       1
       0
       3
       1
       2
       2
       2
       2
       1
       3
       4
       3
       1
       1
       1
       1
       1
       2
       3
       1
       3
       1
       3
       4
       1
       4
       3
       3
       3
       2
       1
       0
       1
       1
       3
       3
       2
       1
       2
       0
       2
       2
       3
       0
       3
       0
       3
       4
       2
       1
       4
       3
       4
       2
       4
       2
       0
       1
       1
       2
       2
       3
       2
       3
       2
       1
       1
       1
       2
       5
       1
       2
       2
       2
       1
       0
       1
       1
       0
       0
       2
       1
       2
       1
       1
       2
       5
       1
       1
       1
       1
       2
       6
       2
       3
       2
       1
       2
       2
       1
       2
       2
       2
       0
       1
       1
       3
       1
       5
       3
       2
       4
       9
       1
       0
       2
       1
       2
       1
       2
       1
       3
       2
       3
       2
       0
       1
       2
       0
       1
       0
       0
       2
       3
       1
       1
       0
       1
       1
       1
       0
       2
       0
       2
       0
       1
       2
       1
       4
       0
       2
       3
       3
       1
       3
       5
       3
       1
       2
       2
       2
       1
       2
       1
       2
       1
       1
       2
       2
       2
       2
       0
       0
       2
       2
       3
       2
       0
       1
       1
       2
       3
       3
       4
       2
       2
       3
       1
       3
       3
       1
       1
       0
       2
       0
       2
       2
       1
       5
       1
       0
       2
       2
       0
       0
       2
       2
       0
       0
       1
       2
       2
       0
       1
       3
       3
       3
       3
       2
       2
       0
       1
       0
       2
       4
       0
       0
       4
       3
       0
       1
       2
       3
       3
       1
       2
       1
       1
       0
       3
       4
       6
       2
       0
       3
       1
       1
       4
       2
       2
       3
       3
       1
       2
       4
       0
       5
       2
       2
       3
       3
       1
       2
       4
       1
       1
       0
       3
       4
       5
       0
       1
       2
       4
       0
       1
       3
       3
       2
       0
       1
       3
       3
       3
       4
       2
       0
       2
       2
       4
       2
       1
       2
       1
       3
       0
       1
       1
       3
       1
       2
       2
       2
       2
       1
       3
       1
       3
       5
       0
       1
       3
       1
       2
       2
       1
       2
       1
       3
       1
       0
       2
       2
       1
       3
       3
       1
       3
       4
       2
       1
       4
       0
       1
       2
       4
       0
       7
       2
       4
       0
       0
       1
       5
       3
       1
       1
       4
       1
       1
       1
       1
       3
       0
       5
       0
       4
       1
       1
       1
       0
       4
       0
       2
       2
       2
       4
       2
       3
       2
       5
       1
       2
       0
       1
       4
       2
       1
       2
       1
       3
       1
       2
       1
       1
       1
       2
       3
       2
       4
       2
       1
       1
       1
       0
       3
       1
       0
       4
       3
       1
       1
       3
       4
       5
       2
       1
       1
       1
       1
       2
       4
       6
       3
       1
       2
       0
       2
       1
       2
       2
       2
       2
       5
       1
       1
       1
       6
       0
       4
       3
       2
       0
       5
       0
       1
       3
       4
       2
       1
       1
       2
       2
       1
       4
       3
       1
       4
       1
       1
       0
       4
       2
       1
       1
       2
       3
       1
       2
       2
       1
       2
       3
       2
       0
       7
       0
       1
       1
       2
       3
       1
       0
       1
       2
       3
       5
       3
       2
       3
       2
       4
       1
       0
       1
       2
       1
       1
       1
       5
       4
       2
       4
       1
       1
       1
       1
       0
       2
       0
       1
       2
       2
       3
       1
       1
       3
       1
       3
       0
       1
       2
       1
       5
       5
       0
       2
       2
       3
       3
       2
       3
       1
       1
       2
       2
       0
       4
       1
       1
       0
       1
       3
       2
       0
       4
       0
       0
       3
       1
       5
       1
       2
       1
       1
       5
       3
       3
       0
       1
       2
       4
       2
       2
       1
       2
       1
       1
       1
       2
       4
       3
       1
       1
       2
       2
       4
       2
       3
       1
       2
       0
       2
       1
       1
       5
       2
       6
       2
       0
       2
       2
       1
       2
       3
       2
       1
       4
       2
       2
       1
       5
       0
       4
       1
       2
       2
       3
       3
       4
       1
       6
       2
       0
       2
       3
       4
       3
       3
       3
       0
       1
       1
       2
       2
       1
       3
       0
       2
       5
       5
       1
       5
       2
       1
       2
       1
       1
       1
       1
       2
       0
       1
       4
       0
       4
       1
       6
       3
       1
       1
       1
       6
       1
       0
       1
       2
       4
       4
       1
       3
       1
       3
       3
       2
       0
       0
       0
       0
       1
       0
       2
       2
       3
       4
       1
       2
       2
       2
       3
       2
       1
       5
       3
       2
       1
       3
       2
       3
       1
       1
       1
       4
       2
       0
       1
       4
       0
       3
       0
       2
       2
       5
       2
       3
       1
       2
       1
       1
       0
       3
       1
       1
       3
       3
       4
       3
       0
       3
       2
       0
       0
       5
       1
       3
       0
       2
       3
       1
       1
       4
       1
       2
       2
       3
       0
       4
       3
       3
       1
       1
       1
       4
       4
       2
       2
       2
       1
       2
       1
       1
       1
       1
       2
       5
       5
       3
       3
       0
       6
       2
       1
       2
       2
       2
       3
       2
       2
       1
       2
       0
       4
       3
       4
       2
       1
       1
       1
       3
       3
       1
       2
       1
       1
       1
       2
       3
       0
       3
       0
       0
       2
       3
       5
       1
       3
       2
       4
       3
       3
       3
       5
       0
       3
       2
       1
       2
       1
       3
       2
       0
       1
       2
       2
       5
       1
       1
       3
       2
       0
       7
       1
       1
       1
       4
       0
       2
       1
       1
       1
       2
       2
       3
       0
       2
       2
       0
       2
       1
       1
       1
       2
       4
       2
       0
       4
       2
       3
       3
       3
       1
       2
       2
       2
       4
       2
       4
       2
       2
       1
       3
       3
       2
       3
       3
       2
       2
       3
       0
       1
       3
       1
       0
       1
       0
       0
       2
       3
       2
       1
       3
       2
       1
       3
       0
       3
       2
       1
       2
       2
       1
       2
       2
       2
       3
       2
       3
       4
       0
       2
       4
       1
       3
       1
       3
       3
       0
       3
       2
       4
       1
       2
       3
       2
       1
       0
       2
       3
       2
       2
       2
       2
       0
       0
       1
       3
       1
       2
       1
       4
       2
       2
       3
       2
       1
       2
       2
       1
       2
       0
       0
       1
       2
       2
       3
       3
       1
       2
       2
       2
       4
       0
       4
       0
       2
       3
       0
       1
       2
       2
       3
       0
       3
       3
       1
       2
       2
       3
       5
       2
       0
       4
       2
       1
       5
       2
       3
       1
       3
       0
       2
       3
       2
       1
       1
       2
       2
       5
       3
       0
       1
       2
       2
       0
       0
       1
       1
       3
       2
       2
       5
       2
       1
       0
       2
       0
       1
       4
       2
       2
       0
       2
       4
       3
       3
       3
       2
       5
       1
       1
       3
       1
       1
       2
       1
       3
       0
       1
       1
       5
       2
       1
       1
       3
       4
       1
       1
       1
       3
       1
       1
       2
       6
       1
       1
       2
       3
       0
       0
       0
       4
       2
       3
       1
       1
       2
       3
       2
       0
       1
       2
       0
       2
       0
       1
       0
       5
       2
       4
       1
       4
       2
       0
       2
       1
       0
       2
       7
       1
       6
       1
       5
       0
       0
       2
       0
       3
       4
       2
       1
       5
       4
       0
       1
       3
       1
       0
       2
       0
       3
       4
       1
       1
       1
       2
       2
       1
       1
       2
       2
       2
       1
       3
       3
       1
       3
       3
       0
       2
       1
       1
       1
       0
       0
       1
       1
       1
       0
       3
       3
       1
       4
       2
       0
       1
       1
       3
       1
       3
       0
       1
       2
       2
       1
       1
       1
       0
       2
       0
       0
       1
       3
       2
       2
       0
       1
       3
       3
       2
       1
       1
       2
       0
       3
       2
       3
       5
       1
       2
       2
       1
       0
       6
       2
       3
       7
       0
       2
       2
       2
       4
       2
       6
       0
       5
       4
       3
       1
       2
       2
       3
       2
       3
       3
       3
       4
       1
       3
       1
       3
       2
       1
       4
       4
       4
       0
       0
       0
       5
       2
       3
       6
       2
       2
       5
       3
       1
       4
       2
       1
       3
       0
       2
       4
       1
       1
       2
       2
       2
       3
       1
       4
       2
       2
       3
       4
       2
       3
       0
       2
       3
       0
       0
       1
       4
       3
       1
       2
       0
       0
       2
       5
       4
       1
       1
       3
       1
       2
       3
       1
       2
       2
       0
       0
       2
       2
       6
       0
       0
       1
       1
       0
       2
       1
       0
       1
       1
       1
       0
       2
       2
       2
       1
       3
       0
       0
       5
       2
       1
       2
       3
       0
       1
       3
       5
       0
       8
       1
       1
       2
       1
       1
       1
       3
       1
       3
       2
       0
       4
       3
       6
       3
       2
       2
       2
       1
       5
       4
       2
       2
       1
       3
       3
       1
       4
       4
       1
       3
       1
       2
       1
       2
       2
       4
       2
       0
       2
       0
       0
       4
       1
       1
       2
       2
       3
       2
       1
       2
       1
       2
       1
       3
       5
       3
       3
       1
       0
       3
       5
       1
       3
       4
       4
       2
       2
       4
       1
       0
       0
       6
       4
       0
       2
       4
       1
       2
       2
       4
       4
       3
       1
       4
       0
       0
       2
       4
       1
       0
       2
       1
       4
       2
       4
       0
       3
       1
       1
       1
       5
       1
       2
       0
       2
       1
       2
       3
       3
       4
       2
       4
       3
       0
       1
       2
       1
       2
       2
       2
       2
       1
       1
       3
       2
       4
       1
       1
       1
       3
       2
       0
       0
       1
       3
       2
       5
       1
       3
       2
       3
       1
       1
       3
       4
       2
       3
       0
       1
       2
       2
       2
       3
       1
       2
       2
       7
       2
       2
       3
       1
       4
       2
       2
       2
       0
       2
       0
       1
       2
       3
       0
       1
       0
       0
       0
       0
       0
       0
       0
       0
       0
       0
       0
       0
       0
       0
       0
       0
       0
       0
       0
       0
       0
       0
       0
       0
       0
       0
       0
       0
       0
       0
       0
       0
       0
       0
       0
       0
       0
       0
       0
       0
       0
       0
       0
       0
       0
       0
       0
       0
       0
       0
       0
       0
       0
       0
       0
       0
       0
       0
       0
       0
       0
       0
       0
       0
       0
       0
       0
       0
       0
       0
       0
       0
       0
       0
       0
       0
       0
       0
       0
       0
       0
       0
       0
       0
       0
       0
       0
       0
       0
       0
       0
       0
       0
       0
       0
       0
       0
       0
       0
       0
       0
       0
       0
       0
       0
       0
       0
       0
       0
       0
       0
       0
       0
       0
       0
       0
       0
       0
       0
       0
       0
       0
       0
       0
       0
       0
       0
       0
       0
$ROI:
3
6725 6813
6948 7045
7244 7256
$PRESETS:
None
0
0
$ENER_FIT:
-0.000074 0.728814
$MCA_CAL:
3
-7.366740E-005 7.288145E-001 -2.624510E-006 keV
$SHAPE_CAL:
3
0.000000E+000 0.000000E+000 0.000000E+000
