$SPEC_ID:
No sample description was entered.
$SPEC_REM:
DET# 1
DETDESC# PPF18-07 Easy-MCA-8k SN 14274550
AP# Maestro Version 7.01
$DATE_MEA:
11/16/2022 11:21:16
$MEAS_TIM:
5091 9213
$DATA:
0 8191
       0
       0
       0
       0
       0
       0
       0
       0
       0
       0
       0
       0
       0
       0
       0
       0
       0
       0
       0
       0
       0
       0
       0
       0
      30
    5621
  255699
 2355450
   50870
   14480
   18890
   25758
   34837
   42863
   46254
   42703
   33804
   25057
   18940
   15015
   12286
   10142
    8436
    6700
    5440
    4281
    3392
    2684
    2206
    1852
    1588
    1467
    1364
    1231
    1203
    1159
    1140
    1124
    1078
    1180
    1108
    1039
     895
     942
     885
     804
     681
     613
     593
     475
     451
     336
     288
     258
     216
     221
     170
     154
     150
     125
     137
     116
     116
      96
     112
      89
     107
      86
      91
      68
      76
      77
      72
      75
      65
      63
      63
      49
      50
      41
      42
      41
      35
      35
      32
      26
      34
      27
      28
      25
      30
      13
      22
      18
      16
      19
      20
      17
      23
      20
      16
      18
      13
      18
      15
      18
       8
      19
      23
      11
      22
      12
      15
      17
      12
      15
      16
      18
      16
      12
      10
      19
      14
      12
      13
      16
       7
      16
      16
      16
      14
      16
      17
      14
       9
      14
      16
       7
       7
      10
      11
      16
       8
      10
      13
      17
      16
      16
      14
      12
      13
      10
       7
      15
      11
      11
      12
      11
      16
       7
       9
       8
       5
       9
       8
      13
       9
      10
      13
      11
      15
       7
      13
      17
      14
      15
      11
      14
      16
       9
       9
      16
       8
       7
      12
       7
      16
       8
      14
      10
      18
      12
      14
      15
      10
       8
      12
      13
      11
      11
       8
       9
      11
      11
       9
       9
       7
       9
       9
      12
      11
      12
       6
       5
      12
      11
      11
      17
      11
       9
      12
       7
       7
      13
       9
       6
      17
       6
      11
      12
       9
       9
       8
      10
      10
       9
      14
      10
       6
       7
      14
       6
      11
      10
       5
       7
       8
       7
      11
       9
      12
      10
       7
      12
       8
       3
       3
       7
       5
       7
      13
       9
      12
      10
      15
      12
       7
      12
       4
       8
       8
       4
       8
       9
       9
      13
       8
       8
      13
       8
       7
       4
      10
      13
       7
      10
       6
       5
      13
      11
       6
       8
       8
       5
      10
       9
       7
       6
      10
       7
       9
       2
       4
      13
       9
      14
      14
      10
      11
      10
       7
       4
       9
       6
       6
       8
       9
      11
       6
       5
       8
       6
       5
       8
       8
       3
       9
       2
       6
       7
       6
       9
      11
       5
       3
       5
      13
      12
       5
       4
       9
       7
      12
       6
       5
       4
       9
       4
       8
       5
      12
       2
       4
       8
       8
      15
       8
       7
      10
      11
       8
      10
       5
       5
       6
       9
       6
       8
       6
       5
       8
       8
       9
       9
       4
       7
       5
       4
       9
       7
       9
       3
       5
       1
       8
       9
       6
       4
       7
       9
      13
       6
       6
       5
       7
      10
       9
       4
      10
       7
       7
       9
       3
      11
      11
       6
       6
       5
       8
       5
      10
       2
       5
       8
      11
       5
       5
       4
       5
       3
       5
       7
       9
       5
       3
       6
       6
      11
       7
       3
       7
      11
      11
       6
       4
       8
       9
      10
       3
       6
       4
       4
       6
       6
       8
       6
       7
       6
       4
       7
       2
       6
       4
      10
       7
       4
       5
       8
       4
      11
       4
       6
       9
       6
       7
       3
       5
       4
       5
       6
       8
       8
       5
       3
       9
       2
       5
       5
       4
      15
       7
      10
       8
       8
       6
      11
       1
       8
       5
       9
       5
       3
       7
       6
       3
       6
       7
       6
       7
      10
       4
       6
       4
       2
       6
       6
       2
       6
       0
       3
       7
       3
       2
       4
       6
      11
       4
       6
       9
      12
       8
       4
       9
      14
      16
       4
       6
       4
       9
      10
       8
       5
       5
       2
       8
       7
       7
       6
       5
       4
       5
       5
       5
      11
       5
       4
       5
       4
       4
       6
       7
       6
       9
       7
       7
       5
       4
       5
       5
       4
       9
       2
      10
       6
       6
       5
      10
       6
       7
       6
       5
       5
      10
       9
       7
       8
       9
       4
       7
       2
       6
       6
       7
       6
       7
       5
       8
       2
       5
      12
       4
       3
       2
       1
       2
       8
       4
       7
       5
       3
       5
       7
       7
      10
       4
       8
       7
       3
       5
       4
       7
      10
       4
       8
       7
       3
       8
       7
       7
       9
       6
       7
       7
       4
       4
       6
       2
       5
       8
       6
      10
       9
       3
       6
       4
       7
       6
       2
       3
       6
       7
       6
      12
       2
       7
       4
       7
       1
       4
       8
       7
       5
       2
       6
       2
       5
       8
       8
       9
       4
       6
       2
       7
       6
       3
      13
       8
       4
       4
      10
       5
       6
       7
       6
       4
       6
      10
       3
       8
       7
       4
       5
       6
       7
       6
      10
       5
       4
       2
       7
       6
       8
       5
      11
       3
       5
       9
       8
       6
       5
       8
       7
       4
       2
       2
       6
       5
      10
       3
      10
       8
       6
       3
       4
       8
       5
       6
       8
       3
       4
       3
      11
       5
       3
       5
       5
       3
       6
       6
       2
       7
       4
       5
       6
       3
       0
       4
       5
       7
       5
       6
       8
       5
       7
       5
       6
       4
       2
       4
       3
       2
       6
       7
       2
       7
       6
       5
       5
       8
       4
       4
       2
       6
       3
       8
       5
       4
       6
       0
       2
       7
       7
       2
       9
       7
       5
       8
       8
       5
       5
       5
       3
       2
       5
       5
       3
       8
       7
       8
       7
       5
       3
       8
       3
       6
       5
       6
       3
       6
       9
       5
       8
       3
       8
       4
       0
       8
       6
       5
       2
       5
       6
       6
       3
       7
       8
       1
       4
       6
       6
       0
       8
       4
       5
       6
       6
       8
       3
       8
       5
       4
       7
       2
       6
       4
       7
       4
       4
       4
       7
       9
       2
       4
       4
       5
       4
       8
       5
       2
       5
       6
       5
       5
       0
       3
       4
       4
       3
       6
       2
       4
       5
       3
       4
       6
       3
       8
       5
       6
      10
       4
       3
       1
       5
       1
       1
       4
       5
       4
       4
       6
       6
       3
       9
       7
       5
       3
       4
       5
       8
       8
       0
       4
       8
       4
       7
       7
       1
       7
       5
       4
       6
       6
       5
       2
       2
       8
       3
       6
       4
       8
       7
       4
       6
       5
       5
       9
       7
       9
       2
       5
       6
       3
       3
       3
       4
       7
       2
       9
       1
      10
       5
       6
       2
       2
       5
       4
       5
       4
       4
       7
       9
       5
       6
       7
       2
       3
       5
       5
       8
       3
       3
       6
       5
       6
       5
       3
       1
       2
       5
       2
       4
       6
       6
       6
       6
       6
       6
      10
       2
       4
       7
       2
       0
       5
       2
       4
       6
       7
       4
       6
       6
      10
       6
       6
       4
       3
       6
       4
       6
       5
       3
       2
       1
       4
       6
       3
       8
       5
       4
       5
       6
       4
       4
       5
       2
       6
       8
       3
       7
       3
       5
       5
       6
       5
       6
       5
       2
       7
       6
       2
       5
       6
       6
       1
       9
       8
       4
       6
       4
       8
       3
       7
       7
      11
       4
       7
      11
       3
       3
       5
       5
       2
       4
       4
       2
       4
       5
       4
       1
       3
       2
       5
       7
       5
       1
       8
       4
       0
       3
       5
       4
       5
       3
       6
       6
       6
       6
       3
       6
       1
       7
       7
       4
       7
       5
      13
       7
       7
       8
       9
       7
       6
       8
       4
       2
       7
       4
      10
       6
      12
       7
      10
       2
       8
       7
       6
       4
       9
       7
       8
       8
       4
       5
       5
       7
       2
       2
       7
       6
       5
       3
      10
       2
       6
       4
       7
       4
       3
       7
       9
       5
       2
       9
       6
       4
       5
       4
       6
       5
       3
       5
      10
       9
      10
       8
       7
       3
       5
       6
       8
       7
       3
       4
       7
       4
       9
       2
       7
       2
       5
       5
       8
       3
       9
      10
       3
       9
      12
       3
       9
       4
       8
       3
       6
       7
       4
       4
       5
       9
       2
       7
       4
       9
       6
       6
       7
       4
       4
       5
       5
       3
       3
       3
       2
       3
       5
      10
      11
       5
       2
       4
       5
       3
       4
       3
       3
       3
       9
       5
       7
       8
       7
       2
       8
      10
       6
       6
       5
       6
       5
       2
       3
       2
       2
       4
       7
       1
       6
       5
       4
       2
       2
       3
       6
       3
       8
       5
       2
       3
       7
       4
       6
       6
       8
      10
       7
       4
       4
       3
      13
       4
       8
       6
       9
       3
       8
       6
       5
       8
       3
       3
       4
       3
       7
       6
       4
       4
       5
       8
       1
       5
       4
       5
       6
       4
       7
       8
       6
       6
       6
       8
       7
       8
       2
       4
       0
       8
       8
       7
       6
       4
       3
       6
       3
       9
       2
       5
       5
       5
       7
       6
       8
       5
       7
       8
       6
       3
       7
       5
       6
       9
       7
       2
       4
       1
       7
       5
       9
       5
       6
       6
       5
       8
       2
       5
       7
       4
       5
       9
       3
       6
       2
       3
       4
       5
       6
       6
       7
       9
       3
       4
       7
       1
       7
       4
      13
       9
       9
       7
       6
       3
       4
       5
       4
       4
       7
       7
       4
       5
       6
       5
       5
       9
       8
       3
       6
       7
       7
       1
       6
       6
       6
       8
       3
       3
       0
       7
       4
       9
      11
       8
       8
       6
       5
       3
       5
      10
       1
       3
       3
       6
       3
       2
       4
       3
       2
       9
       5
       7
       6
       4
       4
       4
       4
       7
       1
       4
       8
       1
       9
       2
       5
      10
       8
       8
       8
       4
       5
       6
       7
       5
       5
       3
       8
       8
       5
       0
       4
       4
       6
       5
       8
       8
       5
       9
       8
       6
       7
       3
       4
       8
       9
       4
       5
       4
       6
       8
       4
       9
       5
       6
       3
       6
       5
       6
       5
       6
       4
       6
       4
       1
       4
       8
       5
       3
       7
       4
       3
       3
       6
       8
      10
       9
       4
       8
       8
       3
       5
       2
       6
       7
       7
       3
       2
       5
       5
       5
      10
       4
       8
       3
       5
       9
       5
       7
       8
      11
       3
       6
       9
      10
      10
       5
       8
       5
       5
       7
       7
       4
       6
       6
       5
       6
       5
       4
       4
       5
       5
       6
       5
       3
       2
       4
       3
       5
       5
       2
       3
       7
       3
       7
       7
       5
       7
       9
      12
       6
       6
       3
       6
       9
       4
       9
       6
       4
      10
       6
       1
       8
       4
       1
       2
       3
       4
       3
       5
       2
       2
       4
       5
       3
       4
       6
       4
       4
      10
       6
      11
       7
       6
       7
       8
       6
       7
       3
       6
      10
       2
       3
       6
       4
       3
       4
       7
       7
       9
       8
       1
      10
       6
       6
      10
       5
       5
       4
       4
       6
       5
       7
       6
       7
       4
       9
       8
       5
       8
       5
       8
       5
       7
       2
       5
       7
       8
       5
       7
       3
       7
       5
       5
       4
       6
       7
       4
       2
       2
       6
       6
       6
       6
       8
       5
       7
       1
       3
       7
       3
      10
       8
       7
       3
       7
       5
       4
       7
       3
       4
       6
       7
       6
       8
       3
      10
       7
      10
       4
       1
       9
       9
       5
       5
       5
       2
       3
       3
       6
       7
       5
       6
       8
       7
       9
       4
       8
       5
       5
       3
       4
       9
       7
       6
       9
       4
       7
       7
       5
       7
       4
       1
       3
       6
       5
       8
       2
       4
       3
       9
       9
       4
      11
       6
       4
       8
       5
       4
       2
       5
       8
       9
       7
       5
       3
       4
       4
       9
       6
       5
       7
       5
       2
       6
       8
      12
       8
       7
       8
       6
       8
       7
      10
       6
       4
       9
       8
      10
       8
       6
       4
      10
       6
       6
       6
       2
       5
       6
       6
       7
       6
       8
       7
       5
       6
       5
       2
       4
       5
       7
       7
       5
       7
       4
       7
       6
      13
      10
       6
       6
       3
       6
       8
       6
      10
       7
       5
       4
       7
       4
       4
       4
       4
       8
      10
       5
       8
      11
       8
       7
       4
      10
       8
       6
      10
       4
       4
       6
       8
       1
       6
       1
       5
       5
       5
      11
      13
       5
       4
      10
       4
       3
       2
       2
       8
      10
       5
       3
       4
      11
       4
       6
       5
       5
       5
       6
       7
       6
       8
       8
       6
       7
       6
       8
      12
       3
       6
       9
       8
       6
       7
       4
       7
       9
       8
       5
       1
       5
       6
       5
       9
      12
       4
       4
       3
       5
       6
       9
       7
       7
      10
       9
       6
       3
       6
       3
       7
       2
       9
       8
       5
       5
       7
       8
       7
       8
       8
       3
       7
       7
       7
       6
       3
       6
      10
       8
       7
       7
       7
       8
       3
       5
       7
       7
       6
       5
       3
       4
       3
       3
       3
       7
      15
       9
       8
       8
      12
       3
      13
       5
       7
       7
       4
       7
       4
       8
       5
       6
       4
      14
       6
       9
       8
       3
       2
       7
       7
       5
      11
       7
       3
       9
      10
       3
       4
       8
       8
       5
       8
       4
       5
       9
       8
       6
       8
       9
      16
       4
       8
       3
       7
       7
      10
       1
       9
       8
       9
      16
       7
       5
       9
       5
       7
       9
       4
       4
       9
       5
       5
       5
       8
       9
       8
       5
      11
       8
      12
       4
      13
       5
       9
       4
       7
       6
      12
       8
       8
       7
       5
       7
       6
       7
       4
       3
      10
       4
       8
       9
       5
       6
       8
      10
      11
       4
       7
       8
       8
       9
       5
       9
       5
       5
       5
      10
       5
       5
       6
       9
       6
       7
       9
       7
       5
       8
       7
       4
       9
       8
       7
       5
       3
      12
       6
       5
       9
      13
      12
       7
       4
       6
       3
       8
       9
       6
       8
       6
       8
       6
       5
       3
       8
      13
       4
       6
       9
       6
       4
       8
       9
       7
       4
       8
       7
      11
       6
       5
       2
       5
       7
       6
       9
       8
      10
      10
       7
       9
       5
       6
       4
       8
       8
       8
       6
       5
       4
       7
       3
       7
       9
      10
       8
       6
       6
       8
       8
       7
       7
       7
       5
       6
       8
       3
       9
       5
       9
       8
      12
       6
       6
       5
       9
       6
       8
       7
       7
       5
      12
       8
       5
       8
       7
       3
       8
      10
       7
      11
       7
      11
       6
       8
       7
      10
      11
      13
       9
       7
       7
       5
      11
       9
       7
       9
       9
       4
       6
       7
       9
       9
       6
       6
       7
       9
       5
       4
       9
      10
       9
      12
       2
       6
       3
       4
       9
      11
       9
      11
       6
      11
       5
       9
       4
       6
       5
       9
      11
       5
       7
      10
      10
       7
       9
       4
       6
      10
       5
      10
      11
      12
       6
       9
       3
       7
      11
       9
       8
       9
       8
       7
      10
       7
       5
       7
       7
       9
      14
      10
       8
       9
       8
      10
      13
       7
       7
       7
       4
       8
       5
      10
       6
       7
       8
      10
      13
       4
      10
       4
       6
      13
       4
       3
       4
       7
       6
      12
      10
       9
      10
      10
      12
       8
       4
      12
      12
       5
      10
       3
       8
      10
       6
       3
       7
       7
       9
       7
       7
       7
      12
       4
       7
      10
      11
       8
      10
       7
       6
       6
       4
       6
       6
      10
       5
      12
       6
       9
      13
      15
       7
       7
       7
       4
      13
       5
      11
       7
       6
      13
       9
       8
       8
      10
       8
      11
       7
       7
       9
      11
       8
       9
       5
       7
       5
      13
      10
       9
       9
       8
       7
       7
       6
       5
      11
       4
       4
      10
      10
       4
       5
       8
      10
       9
       5
      11
      10
       8
      16
       9
      10
      11
       6
       7
       5
       8
       9
       4
       9
      14
       9
      10
       8
       7
      14
      12
       9
       7
       7
       3
       8
       7
      11
       9
      13
       3
       9
       6
      12
      12
       8
      11
       5
      12
      13
       9
      11
       8
      13
       9
       9
       4
       8
       8
       9
       6
       9
       9
       5
       9
       6
       8
       9
      12
       7
       6
      17
       5
      12
       4
       7
      17
      12
      10
      10
       9
      13
      10
      11
       3
       5
      12
       9
      13
       7
       9
       9
      12
       6
       6
       4
      14
      10
       8
      10
      10
      12
       4
       6
      10
       9
      12
      12
       6
      11
       8
       6
       7
       8
      13
      11
       5
      11
       7
      10
      10
       6
      10
      11
       8
       9
       8
       9
      10
       9
       8
      10
      17
       9
       9
       8
       7
       8
       6
       7
       4
      14
      12
      12
       8
       8
       9
      13
      10
      10
      11
      13
       9
       9
      12
      11
      11
       7
       2
       9
      11
      10
      10
       7
       6
      13
       6
       8
       8
      13
      10
       5
       8
       5
       4
       5
      12
       6
       8
      10
       7
      10
       6
       8
       9
       7
       8
       9
      12
       9
       7
      11
      10
       7
       5
      10
       7
       6
       9
      16
      12
       7
       8
      11
       7
       9
       8
      12
       9
       9
       3
      10
      12
       8
      13
      12
       7
       3
      11
       7
       9
      12
       9
       7
      12
       9
      12
       7
       9
      10
      10
      10
      11
      16
      13
      13
       8
      13
      11
      12
      13
       7
       7
       9
      11
      13
       9
      15
       7
      10
       7
      15
       8
       7
      10
       8
       5
      13
      12
      13
      11
      11
       7
      10
      17
      10
      11
       4
      11
      12
       6
      11
       6
       9
      11
      11
      11
       7
       6
       8
       8
      12
       8
       9
       9
      13
      13
       7
       9
       9
      10
      15
      12
       9
      12
      15
       8
      11
      13
       7
       8
      10
      12
       9
      11
      13
       8
      11
       4
      12
       9
      14
       6
       7
      19
       9
       5
      11
      13
       7
      11
      15
       5
       8
      12
      13
       6
      16
       8
       8
       9
      10
      14
       7
       8
       5
      10
       9
      11
      13
      12
      13
       8
       9
      15
       6
      13
      13
       7
      17
       3
       7
      10
       6
       7
      10
       5
      10
      12
       8
       8
       5
      10
      10
       8
       4
       9
       9
       9
      10
      11
      17
       4
      14
      14
      13
       7
      15
      12
      12
       8
       7
      15
      10
       6
       7
      10
       9
       9
       7
       9
      17
      14
      11
       9
      15
       9
      12
      15
      10
       9
       9
      10
      12
      14
      15
      15
       5
      10
       6
      10
      14
       8
      17
      12
       9
      14
       6
      10
       7
      14
      15
      12
      10
      13
       8
      10
      11
       7
      13
      10
       8
      11
       8
       5
      11
       5
      13
      15
      26
      14
      12
      13
       9
       6
      12
      13
      20
      16
      11
       8
      13
      17
      13
      11
       6
      10
       8
      21
      17
       8
      13
       9
       9
      13
      19
      11
      10
      14
      10
      14
       9
       9
      16
      18
      11
      14
       8
      16
      12
       9
       7
      10
      10
      13
       9
      10
      10
      11
       8
      10
      11
      14
      12
      10
      11
      10
       8
      11
       9
       6
       9
       8
       9
      12
      11
       7
      12
       7
       8
      14
       7
      13
      15
      20
      20
       8
      11
      13
      11
       8
      12
      10
      14
       8
       4
      19
      13
      14
      12
      11
      18
      10
      17
      11
      18
      16
      13
       8
      12
      17
      10
      16
      11
      13
       5
      13
      14
      15
       7
      17
      13
      15
      12
      14
       9
      16
       9
      10
      10
      11
      10
       4
       6
      11
       8
      17
       9
      10
      16
       7
      16
      11
      12
      10
      18
      13
       7
       9
      12
       8
      13
      18
      13
      15
       8
      14
      17
      14
      12
      14
      14
      14
      14
       8
      16
      15
      18
      13
      16
      10
      13
      20
      14
      13
       7
      11
      18
      11
      17
      17
      17
      11
      17
      11
      14
      13
      12
      20
      13
      16
       5
       7
      13
      16
      10
      14
       6
      10
      13
      11
      15
      14
      14
      10
      13
       7
      16
      10
      10
      10
      12
      18
      14
      13
      15
      13
      16
      10
      19
      12
      11
      17
      11
      14
      18
      15
      14
      14
      18
      11
      10
      18
      12
      19
      11
      10
       6
      13
      14
      13
      14
      16
      15
      16
      10
      18
      18
      12
      14
       9
      19
      19
      17
      13
      11
       8
      11
       7
      10
      17
      13
      10
       9
      18
      16
      19
      13
      18
      15
       8
      22
      16
      15
      10
      11
      11
      11
      15
      16
      13
       9
      20
      19
      13
      17
      13
       7
      13
      15
      11
       9
       7
      16
      13
      15
      13
      17
      17
      14
      14
      19
      24
      13
      15
      12
      13
      17
      11
      12
      16
      20
      12
      19
      15
      23
      13
      13
      12
      13
      21
      10
      15
      15
      18
      14
      20
      13
      13
      11
      14
      11
      11
      14
      18
      10
      17
      14
      14
       7
      21
      16
      14
      16
      18
      17
      20
      10
      15
      11
       8
      10
      12
       7
      10
      15
      11
       9
      10
      16
      15
      16
       7
      18
      12
      15
      11
      16
      24
      18
      17
      14
      18
      18
      21
      16
      11
      14
      16
      14
      13
      13
      12
      13
      18
      20
      13
      13
      16
      10
      16
      18
      15
      16
      21
      16
      22
      16
      16
      15
      16
      15
      13
      15
      18
      16
      20
      13
      23
      13
      17
      17
      17
      14
      22
      14
      17
      10
      16
      19
      11
      26
      23
      15
      13
      16
      15
      11
      12
      15
      18
      22
      18
      17
      20
      13
      21
      22
       6
      16
      12
      20
      14
      14
      17
      15
      18
      11
      13
      12
      19
      24
      18
      15
      24
      15
      15
      19
      18
      22
      18
      19
      18
      27
      24
      19
      25
      16
      23
      22
      19
      18
      15
      20
      13
      21
      11
      11
      19
      13
      13
      16
      18
      19
      15
      19
      22
      15
      27
      20
      21
      20
      12
      11
      21
      13
      10
      23
      10
      14
      23
      30
      14
      17
      13
      21
      17
      19
      16
      30
      22
      16
      26
      19
      12
      13
      15
      19
      20
      11
      15
      18
      19
      15
      20
      22
      12
      17
      23
      18
      18
      15
      21
      20
      17
      20
      16
      15
      17
      17
      17
      11
      22
      21
      26
      23
      17
      20
      17
      18
      18
      17
      30
      22
      22
      20
      19
      18
      26
      22
      18
      22
      21
      11
      24
      19
      19
      22
      27
      14
      19
      16
      19
      20
      15
      19
      16
      16
      15
      19
      24
      21
      30
      22
      25
      20
      22
      34
      22
      17
      22
      23
      29
      13
      21
      26
      21
      19
      25
      18
      28
      23
      21
      27
      22
      21
      25
      23
      25
      20
      23
      22
      19
      22
      14
      19
      26
      22
      23
      17
      20
      23
      18
      29
      30
      21
      18
      18
      20
      30
      27
      22
      19
      28
      23
      20
      23
      30
      31
      25
      25
      16
      16
      26
      24
      28
      27
      23
      30
      13
      23
      24
      34
      31
      33
      25
      21
      23
      27
      19
      24
      23
      27
      21
      19
      32
      23
      18
      28
      22
      21
      33
      28
      37
      28
      30
      23
      19
      29
      30
      28
      22
      29
      22
      27
      24
      27
      23
      22
      18
      29
      18
      24
      22
      27
      21
      23
      29
      29
      21
      21
      24
      28
      27
      27
      27
      16
      28
      21
      27
      26
      20
      21
      21
      23
      19
      32
      24
      29
      32
      26
      32
      28
      26
      28
      32
      33
      25
      31
      20
      18
      27
      27
      24
      34
      32
      19
      22
      30
      23
      25
      35
      27
      32
      26
      24
      27
      27
      31
      25
      24
      38
      32
      28
      22
      32
      38
      29
      35
      40
      31
      31
      22
      33
      38
      34
      37
      32
      38
      31
      29
      36
      24
      39
      33
      28
      28
      30
      28
      25
      30
      22
      36
      35
      36
      32
      42
      29
      28
      26
      29
      22
      24
      43
      34
      42
      33
      34
      32
      33
      40
      36
      33
      31
      37
      37
      37
      26
      35
      34
      32
      35
      32
      39
      34
      32
      39
      39
      42
      27
      32
      36
      43
      36
      28
      39
      27
      37
      29
      32
      34
      31
      39
      36
      35
      46
      29
      39
      35
      32
      29
      31
      48
      49
      45
      32
      43
      37
      36
      37
      42
      36
      39
      34
      37
      42
      37
      31
      33
      38
      30
      38
      39
      49
      39
      36
      44
      32
      42
      45
      33
      49
      37
      34
      36
      30
      45
      51
      37
      46
      48
      44
      53
      43
      43
      48
      42
      38
      46
      35
      37
      47
      46
      46
      43
      43
      37
      41
      36
      48
      47
      50
      49
      34
      45
      46
      45
      45
      50
      49
      42
      47
      45
      43
      50
      44
      45
      52
      49
      47
      42
      58
      52
      39
      51
      44
      36
      53
      53
      50
      50
      49
      50
      42
      54
      40
      48
      60
      49
      49
      53
      47
      51
      61
      47
      52
      35
      60
      52
      56
      45
      46
      62
      46
      65
      59
      57
      53
      53
      77
      45
      61
      44
      44
      53
      53
      53
      53
      45
      49
      47
      54
      55
      52
      59
      58
      56
      45
      71
      52
      60
      48
      53
      66
      63
      71
      46
      61
      40
      65
      61
      65
      56
      49
      55
      51
      63
      58
      63
      42
      65
      59
      63
      70
      59
      57
      62
      63
      60
      76
      51
      64
      73
      54
      59
      68
      61
      77
      69
      65
      72
      62
      50
      71
      69
      58
      57
      71
      53
      64
      64
      84
      76
      72
      65
      65
      65
      75
      73
      60
      64
      63
      66
      78
      66
      69
      83
      80
      79
      62
      88
      62
      85
      69
      63
      69
      78
      69
      68
     102
      77
      81
      76
      84
      72
      79
      79
      60
      59
      84
      72
      70
      81
      79
      73
      70
      82
      76
      74
      80
      92
      79
      80
      85
     102
      65
      94
      92
      62
      92
      87
      77
      97
      79
      94
      91
      84
      94
      70
      92
      87
      84
      92
      91
      95
      79
      77
      96
      93
      81
      95
      73
      98
      84
      73
     118
      98
     112
      92
     105
      94
      86
      82
      96
      96
      89
      96
      87
     114
     106
     104
      94
      86
      93
      93
      85
      99
      91
     112
     102
      87
     100
      85
      81
      81
      96
      84
     112
      88
     102
     116
      99
      82
      92
      96
     116
     125
     123
      99
     121
      91
      96
     111
     100
     111
     114
     114
      92
     111
     114
     111
      95
     113
      98
     110
     129
     135
     108
     102
     110
     121
     123
      86
     112
     110
     118
     123
     123
     107
     127
     122
     117
     114
     131
     143
     127
     118
     130
     138
     131
     101
     136
     139
     124
     136
     132
     119
     119
     127
     132
     122
     114
     150
     145
     131
     151
     118
     127
     126
     118
     124
     124
     144
     128
     130
     142
     144
     142
     128
     138
     127
     154
     132
     164
     133
     132
     147
     145
     149
     153
     158
     144
     172
     147
     146
     143
     148
     144
     146
     130
     131
     142
     151
     142
     170
     182
     138
     143
     135
     144
     163
     163
     169
     151
     158
     164
     153
     162
     163
     164
     195
     158
     177
     192
     147
     160
     176
     153
     179
     174
     156
     168
     176
     169
     186
     187
     197
     169
     194
     169
     178
     183
     191
     195
     185
     188
     185
     184
     172
     208
     203
     182
     167
     206
     181
     204
     186
     190
     178
     201
     194
     204
     191
     201
     179
     206
     205
     185
     181
     202
     189
     214
     210
     198
     221
     206
     179
     204
     183
     212
     227
     226
     201
     203
     210
     228
     205
     194
     204
     211
     224
     244
     222
     226
     222
     233
     214
     218
     211
     243
     223
     229
     215
     244
     222
     227
     254
     236
     242
     238
     228
     236
     234
     243
     211
     264
     223
     225
     249
     259
     253
     222
     238
     253
     223
     231
     267
     248
     246
     242
     267
     258
     275
     277
     257
     273
     259
     248
     259
     297
     263
     283
     273
     291
     283
     252
     289
     286
     289
     261
     267
     270
     270
     256
     287
     263
     290
     283
     268
     275
     290
     300
     279
     315
     277
     268
     292
     294
     317
     280
     301
     292
     314
     309
     291
     325
     342
     306
     320
     309
     338
     339
     310
     344
     331
     325
     315
     330
     338
     334
     322
     282
     310
     322
     305
     341
     387
     340
     318
     337
     329
     355
     347
     327
     353
     369
     330
     366
     370
     352
     337
     344
     346
     342
     345
     368
     370
     373
     382
     347
     365
     361
     380
     346
     388
     376
     340
     338
     386
     356
     411
     371
     407
     398
     370
     368
     394
     408
     383
     380
     387
     406
     342
     384
     415
     390
     408
     411
     436
     402
     394
     363
     428
     430
     417
     404
     423
     406
     436
     398
     400
     438
     367
     404
     461
     452
     397
     411
     449
     433
     415
     421
     413
     444
     424
     482
     449
     426
     478
     451
     476
     481
     470
     477
     478
     459
     478
     444
     443
     452
     489
     469
     495
     458
     501
     502
     471
     537
     501
     549
     497
     486
     536
     523
     447
     506
     527
     518
     455
     512
     523
     499
     475
     539
     517
     493
     531
     477
     544
     542
     567
     530
     522
     589
     539
     562
     531
     535
     517
     533
     568
     543
     549
     556
     579
     565
     562
     547
     552
     576
     594
     583
     545
     593
     592
     576
     599
     631
     620
     615
     583
     570
     650
     552
     593
     544
     638
     653
     604
     624
     588
     605
     671
     679
     579
     592
     623
     634
     625
     632
     642
     642
     621
     669
     656
     709
     663
     675
     675
     619
     654
     684
     661
     638
     704
     657
     719
     723
     685
     623
     662
     693
     672
     688
     681
     648
     692
     705
     716
     733
     741
     697
     713
     751
     719
     733
     734
     747
     740
     762
     721
     754
     771
     768
     715
     754
     736
     781
     770
     766
     830
     770
     768
     787
     764
     742
     794
     757
     754
     752
     758
     768
     820
     777
     811
     856
     807
     830
     740
     867
     819
     823
     817
     857
     771
     871
     846
     814
     867
     804
     959
     808
     869
     792
     910
     847
     874
     881
     852
     906
     883
     847
     886
     849
     911
     942
     930
     921
     921
     907
     912
     964
     960
     899
     942
     896
     975
     942
     894
     912
     948
     983
     960
     985
     979
     918
     883
     951
     956
     985
     966
     943
     993
     953
    1023
     993
     994
    1061
     989
     968
     993
    1041
    1076
    1006
    1051
     992
    1019
    1016
    1052
    1006
    1055
    1091
    1085
    1075
    1069
    1073
    1095
    1053
    1068
    1055
    1050
    1117
    1099
    1120
    1079
    1115
    1116
    1106
    1136
    1117
    1106
    1103
    1187
    1156
    1138
    1147
    1185
    1148
    1168
    1142
    1168
    1199
    1195
    1159
    1126
    1217
    1191
    1239
    1188
    1209
    1153
    1212
    1195
    1182
    1203
    1223
    1166
    1213
    1240
    1227
    1276
    1210
    1300
    1229
    1230
    1181
    1234
    1295
    1245
    1181
    1243
    1351
    1274
    1315
    1256
    1314
    1227
    1261
    1286
    1300
    1265
    1316
    1275
    1300
    1314
    1299
    1361
    1336
    1294
    1352
    1338
    1286
    1406
    1361
    1356
    1361
    1375
    1378
    1317
    1406
    1382
    1333
    1402
    1335
    1386
    1458
    1414
    1431
    1409
    1394
    1469
    1373
    1496
    1442
    1448
    1431
    1473
    1457
    1418
    1498
    1480
    1478
    1510
    1419
    1437
    1487
    1535
    1468
    1492
    1505
    1522
    1557
    1525
    1462
    1586
    1550
    1564
    1506
    1533
    1579
    1545
    1568
    1590
    1570
    1601
    1589
    1545
    1563
    1591
    1586
    1620
    1573
    1637
    1611
    1582
    1567
    1653
    1626
    1600
    1683
    1655
    1601
    1643
    1669
    1652
    1576
    1656
    1664
    1682
    1645
    1667
    1668
    1673
    1661
    1758
    1757
    1738
    1661
    1742
    1720
    1729
    1698
    1751
    1788
    1687
    1679
    1752
    1752
    1689
    1724
    1759
    1770
    1788
    1793
    1863
    1831
    1851
    1785
    1779
    1836
    1767
    1825
    1806
    1847
    1779
    1775
    1740
    1785
    1837
    1813
    1830
    1844
    1823
    1868
    1861
    1856
    1881
    1918
    1879
    1903
    1900
    1911
    1873
    1960
    1991
    1903
    1870
    1912
    1914
    1876
    1939
    1997
    1943
    1955
    1942
    1938
    2010
    1984
    1969
    1901
    1986
    1992
    1976
    1961
    1955
    1988
    2023
    1965
    2018
    2021
    1983
    2009
    2057
    2098
    2005
    2030
    2016
    2135
    2060
    2071
    2094
    2090
    2131
    2099
    2112
    2104
    2031
    2159
    2066
    2127
    2110
    2119
    2137
    2172
    2053
    2168
    2183
    2109
    2160
    2150
    2125
    2137
    2165
    2203
    2206
    2165
    2195
    2216
    2144
    2204
    2168
    2116
    2183
    2119
    2177
    2145
    2228
    2196
    2229
    2201
    2166
    2246
    2231
    2295
    2185
    2275
    2187
    2260
    2219
    2278
    2196
    2248
    2296
    2229
    2263
    2247
    2299
    2304
    2294
    2324
    2340
    2213
    2302
    2313
    2287
    2229
    2303
    2272
    2362
    2320
    2240
    2378
    2207
    2302
    2298
    2341
    2310
    2372
    2413
    2360
    2360
    2335
    2387
    2441
    2402
    2415
    2328
    2455
    2411
    2348
    2298
    2397
    2363
    2458
    2374
    2428
    2475
    2344
    2460
    2338
    2431
    2396
    2334
    2378
    2432
    2418
    2434
    2397
    2454
    2437
    2436
    2441
    2485
    2540
    2485
    2557
    2517
    2458
    2407
    2531
    2511
    2522
    2517
    2478
    2540
    2553
    2500
    2470
    2537
    2566
    2519
    2462
    2480
    2512
    2472
    2482
    2532
    2569
    2535
    2530
    2650
    2553
    2489
    2473
    2577
    2579
    2573
    2585
    2578
    2518
    2571
    2569
    2500
    2602
    2628
    2523
    2605
    2647
    2543
    2594
    2613
    2586
    2561
    2627
    2653
    2536
    2645
    2569
    2635
    2573
    2523
    2575
    2734
    2551
    2739
    2574
    2634
    2767
    2642
    2690
    2668
    2653
    2653
    2671
    2546
    2726
    2622
    2679
    2652
    2828
    2630
    2705
    2590
    2533
    2706
    2613
    2642
    2591
    2706
    2677
    2634
    2704
    2625
    2652
    2637
    2687
    2679
    2653
    2590
    2771
    2680
    2662
    2682
    2710
    2720
    2772
    2755
    2758
    2710
    2711
    2707
    2642
    2656
    2709
    2726
    2759
    2696
    2774
    2654
    2585
    2667
    2738
    2808
    2612
    2759
    2709
    2688
    2646
    2737
    2607
    2749
    2674
    2652
    2675
    2691
    2722
    2737
    2659
    2672
    2674
    2753
    2776
    2688
    2702
    2734
    2644
    2758
    2762
    2818
    2727
    2731
    2691
    2624
    2698
    2682
    2795
    2729
    2770
    2732
    2754
    2758
    2554
    2777
    2721
    2668
    2709
    2748
    2664
    2670
    2667
    2745
    2838
    2766
    2765
    2648
    2789
    2757
    2701
    2725
    2810
    2762
    2779
    2681
    2820
    2782
    2624
    2700
    2698
    2699
    2759
    2735
    2732
    2667
    2705
    2657
    2703
    2714
    2765
    2728
    2745
    2764
    2698
    2741
    2733
    2753
    2647
    2695
    2739
    2617
    2637
    2766
    2723
    2783
    2642
    2718
    2718
    2779
    2705
    2659
    2658
    2710
    2639
    2710
    2664
    2614
    2652
    2644
    2750
    2765
    2697
    2785
    2639
    2710
    2741
    2707
    2633
    2656
    2626
    2626
    2737
    2717
    2692
    2661
    2706
    2647
    2664
    2622
    2694
    2577
    2681
    2578
    2614
    2578
    2590
    2605
    2631
    2570
    2697
    2595
    2569
    2635
    2539
    2650
    2648
    2602
    2607
    2657
    2508
    2590
    2591
    2634
    2600
    2640
    2475
    2578
    2536
    2606
    2565
    2620
    2622
    2604
    2544
    2541
    2603
    2583
    2507
    2422
    2466
    2460
    2485
    2499
    2529
    2581
    2452
    2523
    2478
    2529
    2524
    2531
    2436
    2467
    2585
    2450
    2532
    2629
    2451
    2411
    2461
    2489
    2496
    2526
    2472
    2499
    2471
    2360
    2461
    2475
    2398
    2479
    2454
    2444
    2540
    2363
    2452
    2405
    2491
    2385
    2375
    2471
    2353
    2473
    2444
    2486
    2385
    2362
    2276
    2357
    2443
    2498
    2373
    2321
    2386
    2334
    2468
    2352
    2300
    2343
    2342
    2305
    2324
    2352
    2334
    2376
    2290
    2244
    2234
    2270
    2307
    2302
    2319
    2237
    2284
    2360
    2302
    2280
    2199
    2273
    2239
    2253
    2250
    2278
    2330
    2283
    2216
    2175
    2239
    2224
    2173
    2182
    2187
    2252
    2234
    2181
    2154
    2161
    2088
    2205
    2205
    2225
    2275
    2128
    2155
    2086
    2105
    2169
    2108
    2132
    2110
    2110
    2102
    2152
    2092
    2126
    2100
    2136
    2183
    2087
    2072
    2071
    2073
    2065
    2040
    2022
    2014
    2112
    2032
    1930
    2094
    2035
    1979
    1964
    2063
    2017
    1969
    1948
    1980
    1963
    1956
    1968
    1899
    1990
    1926
    1910
    1983
    1909
    1959
    2014
    1943
    1832
    1890
    1953
    1792
    1832
    1966
    1823
    1884
    1832
    1947
    1869
    1821
    1828
    1882
    1896
    1781
    1875
    1851
    1823
    1814
    1851
    1818
    1863
    1790
    1741
    1779
    1822
    1835
    1848
    1690
    1800
    1744
    1799
    1770
    1776
    1762
    1768
    1730
    1749
    1751
    1704
    1783
    1680
    1706
    1671
    1635
    1683
    1672
    1605
    1731
    1584
    1658
    1664
    1567
    1695
    1669
    1545
    1605
    1640
    1666
    1657
    1567
    1616
    1661
    1561
    1568
    1667
    1536
    1468
    1531
    1543
    1495
    1584
    1580
    1582
    1484
    1545
    1497
    1538
    1500
    1528
    1534
    1504
    1512
    1422
    1455
    1467
    1409
    1418
    1404
    1469
    1433
    1457
    1404
    1413
    1463
    1403
    1357
    1394
    1378
    1336
    1460
    1488
    1402
    1433
    1328
    1326
    1324
    1338
    1316
    1417
    1349
    1330
    1276
    1355
    1342
    1341
    1279
    1287
    1331
    1276
    1312
    1303
    1264
    1252
    1293
    1278
    1273
    1183
    1224
    1302
    1197
    1192
    1218
    1185
    1214
    1199
    1192
    1167
    1237
    1222
    1216
    1186
    1118
    1118
    1174
    1122
    1129
    1116
    1091
    1195
    1134
    1124
    1048
    1106
    1108
    1104
    1084
    1112
    1091
    1100
    1084
    1129
    1098
    1086
     960
    1126
    1017
    1075
    1094
    1058
    1030
    1053
    1018
    1011
    1013
    1005
     948
     965
    1029
    1022
    1014
     947
    1014
     951
    1032
     987
     964
     949
     914
     966
    1035
     942
     920
     945
     886
     943
     922
     886
     890
     890
     887
     863
     872
     885
     903
     897
     898
     872
     883
     907
     915
     830
     850
     822
     887
     824
     803
     833
     808
     804
     788
     803
     815
     747
     841
     806
     757
     811
     765
     733
     751
     741
     825
     749
     765
     760
     700
     695
     689
     752
     724
     727
     698
     715
     722
     702
     726
     708
     706
     672
     665
     632
     672
     651
     666
     648
     657
     652
     653
     674
     595
     603
     619
     665
     660
     656
     615
     604
     601
     657
     619
     590
     575
     588
     582
     606
     589
     556
     570
     616
     529
     594
     606
     594
     552
     562
     538
     552
     565
     550
     531
     526
     560
     526
     551
     544
     516
     521
     507
     519
     479
     507
     473
     534
     517
     458
     508
     506
     459
     492
     469
     478
     461
     479
     473
     501
     455
     441
     455
     449
     455
     489
     413
     429
     423
     431
     419
     431
     415
     425
     395
     408
     412
     402
     391
     387
     396
     426
     401
     367
     403
     391
     331
     403
     370
     391
     392
     419
     347
     329
     369
     321
     359
     387
     344
     369
     345
     364
     364
     329
     339
     313
     338
     311
     320
     314
     310
     315
     341
     291
     305
     290
     331
     291
     320
     286
     308
     317
     304
     283
     294
     290
     300
     292
     291
     273
     269
     292
     296
     273
     273
     231
     278
     272
     236
     270
     259
     233
     219
     234
     269
     250
     234
     239
     246
     235
     242
     215
     203
     244
     229
     229
     212
     230
     226
     223
     211
     194
     211
     260
     203
     212
     199
     199
     230
     222
     180
     205
     195
     184
     201
     204
     194
     188
     225
     209
     180
     191
     196
     156
     203
     185
     188
     181
     183
     187
     168
     153
     200
     182
     170
     163
     154
     185
     164
     154
     158
     175
     151
     172
     142
     148
     140
     154
     143
     164
     150
     138
     146
     136
     120
     128
     129
     150
     139
     112
     115
     135
     117
     154
     129
     126
     143
     119
     121
     127
     120
     131
     125
     141
     124
     101
     127
     105
     112
     119
     120
     122
     109
      98
      84
      96
     101
     113
     109
      83
      80
     104
     104
     100
      95
      98
      96
      95
      98
     100
      86
      83
      81
      82
      88
      73
      64
      85
     102
      84
      81
      83
     103
      91
      86
      68
      82
      74
      91
      73
      69
      80
      62
      72
      69
      70
      77
      71
      60
      73
      68
      62
      65
      46
      66
      51
      65
      75
      70
      64
      67
      62
      73
      49
      54
      41
      51
      63
      67
      70
      70
      62
      50
      47
      47
      66
      67
      50
      35
      50
      58
      67
      53
      41
      53
      53
      61
      58
      36
      43
      55
      51
      44
      44
      50
      52
      42
      38
      35
      42
      36
      44
      40
      33
      45
      34
      36
      39
      36
      47
      39
      34
      41
      32
      45
      37
      41
      30
      46
      36
      31
      27
      19
      38
      45
      34
      33
      38
      30
      32
      22
      39
      34
      29
      23
      24
      20
      28
      33
      29
      30
      23
      29
      26
      24
      35
      33
      24
      23
      27
      18
      29
      24
      33
      23
      18
      17
      22
      30
      35
      19
      24
      22
      23
      21
      22
      17
      23
      22
      22
      20
      19
      17
      20
      16
      16
      18
      14
      29
      20
      18
      24
      14
      18
      19
      17
      11
      18
      16
      19
      21
      26
      15
      12
      15
      19
      17
      19
      16
      16
      16
      15
       9
       5
      15
      12
      18
      15
      13
      10
      17
      11
      13
      15
      11
      18
      12
      11
      11
       7
      14
      12
      13
       8
       9
      14
      16
      16
      14
      13
      13
      12
      15
      15
      12
       9
      12
      11
      15
      12
      10
       9
      13
      11
      12
      10
      12
      12
       4
       8
      15
      14
       5
      11
      10
       8
       8
       6
       9
      17
      10
       2
       7
      10
      10
       4
       6
       6
      12
       7
       8
       8
      10
       7
       9
       6
       9
       7
       7
       7
       9
       9
       6
       7
       8
      10
       3
       8
       9
       8
       4
       5
       9
       3
       9
       7
       5
       8
       4
       8
       9
       4
      10
       6
       8
       5
      11
       6
      12
       6
       3
       6
       6
       4
      11
       7
       6
       3
       7
       7
       3
       8
       6
      10
       4
       4
       3
       4
       3
       8
       5
       8
       3
       2
       1
       8
       4
       6
       6
       7
       7
       8
       2
       4
       7
       8
       2
       6
       1
       4
       3
       2
       7
      10
       5
       8
       3
       5
       8
       4
       3
       6
       3
       0
       1
       4
       4
       2
       2
       4
       3
       2
       2
       2
       1
       5
       4
       1
       1
       2
       5
       4
       5
       1
       4
       5
       4
       2
       2
       4
       5
       7
       0
       3
       6
       6
       2
       3
       2
       4
       3
       9
       4
       1
       2
       3
       3
       2
       5
       6
       3
       6
       2
       4
       4
       2
       1
       2
       3
       4
       3
       5
       2
       5
       1
       6
       4
       0
       5
       2
       5
       1
       1
       1
       1
       3
       2
       3
       8
       5
       3
       2
       4
       1
       3
       3
       1
       2
       5
       1
       2
       3
       0
       3
       1
       3
       0
       3
       2
       1
       3
       1
       2
       2
       4
       3
       2
       5
       5
       6
       3
       3
       7
       4
       3
       6
       4
       3
       3
       5
       4
       2
       1
       1
       2
       2
       3
       5
       2
       8
       3
       3
       1
       3
       1
       7
       3
       3
       0
       1
       6
       6
       1
       2
       1
       2
       2
       3
       2
       1
       4
       2
       1
       2
       3
       3
       2
       5
       7
       2
       1
       4
       0
       0
       0
       1
       3
       5
       2
       5
       1
       3
       2
       4
       3
       2
       0
       5
       3
       4
       1
       1
       3
       1
       2
       1
       3
       4
       0
       3
       5
       1
       4
       0
       4
       4
       5
       1
       3
       2
       3
       5
       3
       1
       2
       3
       3
       5
       1
       2
       1
       1
       3
       2
       4
       5
       3
       3
       2
       1
       1
       3
       1
       1
       2
       0
       4
       2
       3
       5
       4
       2
       3
       2
       5
       2
       2
       4
       4
       2
       0
       2
       5
       2
       2
       0
       3
       5
       2
       1
       2
       1
       3
       2
       3
       2
       2
       2
       1
       0
       4
       1
       2
       2
       1
       4
       2
       1
       3
       3
       2
       2
       3
       0
       6
       0
       2
       4
       2
       1
       3
       3
       2
       5
       1
       5
       5
       2
       2
       1
       7
       3
       6
       4
       2
       4
       3
       1
       7
       2
       4
       3
       4
       4
       3
       3
       1
       3
       5
       1
       3
       1
       3
       3
       5
       3
       4
       2
       1
       2
       3
       4
       2
       4
       6
       2
       1
       5
       2
       3
       2
       0
       1
       6
       3
       5
       4
       2
       3
       2
       2
       2
       2
       3
       4
       2
       4
       4
       5
       2
       8
       4
       5
       4
       2
       3
       2
       3
       2
       8
       1
       4
       3
       7
       4
       6
       3
       3
       4
       3
       2
       3
       4
       6
       1
       4
       2
       6
       1
       3
       3
       3
       6
       4
       5
       2
       7
       2
       2
       3
       5
       2
       3
       4
       2
       2
       2
       3
       5
       5
       4
       7
       3
       7
       9
       7
       1
       1
       3
       5
       3
       1
       6
       8
       2
       2
       3
       2
       0
       3
       3
       3
       2
       4
       5
       4
       3
       4
       4
       0
       5
       5
       1
       2
       3
       6
       3
       2
       8
       4
       1
       0
       1
       2
       4
       2
       1
       2
       0
       3
       0
       0
       4
       3
       1
       3
       0
       3
       2
       2
       2
       2
       1
       3
       1
       3
       5
       1
       1
       1
       2
       1
       2
       3
       1
       2
       2
       1
       1
       5
       4
       3
       2
       2
       3
       2
       0
       3
       3
       1
       4
       4
       1
       3
       1
       1
       1
       3
       1
       0
       2
       1
       1
       1
       3
       1
       0
       1
       2
       0
       1
       2
       2
       1
       2
       2
       1
       0
       1
       4
       3
       1
       3
       2
       2
       3
       2
       4
       2
       3
       1
       0
       1
       1
       2
       3
       2
       1
       0
       2
       3
       0
       1
       4
       0
       3
       0
       1
       3
       2
       1
       0
       1
       1
       0
       3
       3
       1
       1
       2
       1
       4
       3
       4
       0
       0
       0
       1
       1
       1
       4
       0
       0
       1
       0
       2
       2
       0
       1
       1
       2
       3
       3
       2
       3
       0
       0
       2
       3
       0
       1
       2
       0
       2
       2
       3
       0
       1
       3
       1
       3
       2
       3
       2
       0
       2
       1
       5
       2
       2
       0
       2
       0
       0
       0
       1
       0
       1
       0
       1
       0
       3
       0
       1
       2
       3
       2
       1
       2
       1
       0
       2
       1
       1
       0
       1
       0
       1
       4
       2
       1
       0
       1
       1
       0
       2
       0
       0
       1
       1
       2
       0
       3
       1
       3
       0
       3
       2
       3
       0
       2
       1
       3
       3
       1
       1
       2
       2
       2
       1
       1
       2
       0
       2
       1
       2
       0
       2
       2
       0
       3
       3
       3
       0
       2
       2
       2
       4
       3
       1
       1
       1
       1
       2
       2
       0
       1
       4
       4
       4
       0
       1
       2
       0
       2
       2
       4
       2
       1
       1
       3
       6
       3
       2
       5
       4
       3
       1
       2
       1
       3
       3
       2
       1
       0
       1
       2
       1
       2
       2
       2
       2
       4
       1
       0
       3
       3
       3
       1
       2
       3
       1
       0
       1
       4
       1
       3
       3
       2
       1
       1
       2
       1
       4
       0
       1
       3
       1
       2
       3
       5
       2
       1
       2
       4
       6
       1
       3
       1
       1
       3
       0
       0
       0
       1
       2
       2
       1
       3
       0
       0
       4
       1
       3
       2
       2
       3
       2
       1
       3
       5
       2
       4
       2
       2
       1
       4
       4
       3
       2
       4
       3
       0
       3
       5
       2
       2
       2
       2
       1
       0
       1
       2
       2
       1
       0
       0
       1
       2
       1
       3
       4
       1
       0
       3
       0
       1
       2
       1
       0
       5
       2
       4
       0
       3
       1
       2
       1
       3
       4
       0
       0
       0
       2
       0
       5
       3
       0
       2
       1
       1
       3
       3
       2
       2
       1
       0
       1
       1
       3
       0
       2
       1
       1
       0
       1
       0
       3
       3
       2
       3
       1
       0
       2
       0
       2
       2
       2
       2
       1
       2
       3
       0
       2
       2
       2
       4
       2
       2
       5
       3
       2
       0
       3
       0
       3
       0
       0
       1
       1
       1
       5
       0
       1
       1
       1
       0
       2
       5
       1
       0
       5
       3
       4
       3
       3
       1
       3
       1
       1
       1
       0
       3
       1
       1
       0
       0
       4
       1
       0
       0
       1
       2
       2
       4
       2
       0
       3
       3
       1
       3
       0
       2
       1
       2
       3
       1
       2
       2
       5
       0
       2
       2
       3
       0
       1
       2
       2
       1
       3
       0
       0
       2
       2
       1
       3
       1
       4
       1
       1
       2
       4
       4
       2
       1
       1
       2
       1
       1
       1
       1
       1
       2
       1
       3
       2
       4
       1
       4
       1
       2
       3
       0
       1
       3
       2
       1
       1
       1
       2
       2
       2
       5
       3
       0
       2
       2
       2
       1
       2
       0
       2
       0
       2
       0
       0
       0
       0
       4
       0
       2
       2
       1
       1
       1
       0
       0
       2
       2
       2
       2
       1
       2
       1
       1
       2
       1
       3
       4
       2
       1
       0
       2
       0
       0
       1
       1
       1
       1
       4
       2
       2
       5
       0
       0
       2
       1
       0
       1
       1
       2
       2
       0
       1
       3
       3
       3
       3
       1
       5
       1
       2
       1
       3
       3
       2
       0
       3
       2
       2
       1
       1
       3
       1
       1
       2
       2
       3
       1
       1
       1
       5
       0
       0
       3
       1
       3
       2
       2
       1
       0
       1
       4
       3
       0
       1
       1
       0
       0
       0
       1
       3
       1
       2
       2
       2
       0
       1
       1
       4
       0
       2
       1
       2
       1
       1
       2
       0
       0
       2
       2
       1
       1
       0
       1
       1
       0
       2
       2
       1
       1
       0
       1
       1
       1
       1
       1
       0
       1
       2
       1
       1
       3
       3
       1
       0
       2
       0
       1
       0
       2
       2
       0
       2
       2
       0
       1
       1
       1
       4
       0
       0
       2
       1
       3
       2
       4
       2
       4
       0
       4
       0
       1
       2
       1
       0
       1
       2
       1
       2
       2
       1
       0
       1
       1
       2
       2
       2
       1
       0
       0
       0
       1
       3
       0
       3
       1
       3
       1
       3
       1
       3
       2
       2
       2
       3
       1
       2
       2
       1
       1
       1
       2
       1
       1
       1
       0
       2
       2
       2
       2
       0
       3
       1
       2
       1
       4
       2
       0
       1
       1
       0
       2
       2
       1
       1
       0
       2
       1
       2
       2
       4
       2
       2
       1
       1
       1
       2
       4
       3
       2
       0
       1
       3
       0
       2
       0
       0
       4
       1
       0
       0
       1
       0
       3
       0
       2
       2
       2
       0
       3
       2
       2
       1
       1
       2
       1
       3
       1
       0
       3
       1
       2
       3
       0
       3
       0
       2
       2
       2
       0
       2
       2
       2
       1
       2
       0
       0
       0
       1
       2
       4
       0
       0
       2
       2
       2
       3
       1
       0
       1
       0
       2
       1
       2
       4
       1
       4
       2
       2
       3
       1
       3
       0
       3
       1
       2
       1
       1
       1
       0
       2
       0
       1
       2
       0
       0
       2
       3
       1
       2
       2
       2
       0
       0
       0
       1
       3
       1
       0
       1
       2
       1
       1
       0
       1
       0
       0
       3
       2
       1
       3
       5
       0
       0
       2
       0
       1
       1
       2
       1
       2
       4
       2
       0
       3
       2
       3
       1
       0
       0
       2
       3
       2
       3
       1
       1
       1
       4
       3
       0
       1
       0
       1
       0
       0
       2
       2
       1
       3
       4
       1
       0
       0
       3
       2
       0
       1
       1
       3
       3
       0
       1
       0
       1
       0
       1
       3
       1
       2
       0
       0
       0
       1
       0
       2
       1
       0
       3
       1
       1
       1
       1
       1
       1
       2
       2
       2
       0
       3
       0
       0
       1
       1
       2
       4
       7
       1
       1
       2
       1
       2
       0
       1
       3
       2
       3
       2
       2
       0
       1
       1
       2
       0
       1
       0
       2
       1
       2
       3
       0
       0
       1
       2
       2
       2
       2
       2
       3
       4
       2
       1
       1
       3
       3
       1
       0
       0
       2
       0
       4
       4
       1
       3
       2
       3
       0
       1
       2
       2
       2
       1
       2
       1
       3
       1
       4
       1
       3
       2
       1
       1
       5
       1
       3
       0
       5
       1
       0
       3
       3
       0
       2
       1
       2
       3
       1
       1
       2
       1
       3
       2
       1
       2
       3
       3
       3
       1
       3
       3
       4
       1
       2
       2
       1
       3
       1
       2
       3
       0
       0
       2
       3
       1
       0
       2
       1
       1
       1
       0
       0
       1
       2
       1
       2
       2
       2
       2
       4
       6
       0
       0
       1
       0
       0
       0
       2
       1
       1
       1
       0
       3
       4
       2
       1
       2
       1
       2
       1
       4
       1
       2
       2
       1
       1
       3
       0
       0
       3
       0
       2
       0
       1
       0
       1
       3
       0
       0
       3
       3
       2
       0
       3
       4
       3
       0
       1
       4
       2
       2
       1
       0
       2
       0
       2
       1
       1
       2
       1
       1
       1
       1
       1
       4
       0
       0
       3
       2
       1
       0
       0
       0
       2
       2
       0
       2
       0
       3
       0
       3
       2
       2
       2
       4
       0
       1
       2
       1
       3
       3
       2
       0
       2
       1
       0
       2
       2
       5
       2
       0
       2
       2
       2
       2
       0
       1
       1
       2
       2
       3
       3
       0
       2
       1
       1
       1
       2
       3
       2
       1
       1
       0
       3
       0
       2
       3
       3
       0
       1
       1
       0
       1
       1
       2
       2
       2
       2
       1
       3
       3
       1
       3
       2
       2
       3
       2
       2
       3
       0
       2
       1
       2
       0
       1
       4
       0
       1
       0
       1
       2
       2
       1
       2
       0
       1
       2
       1
       2
       1
       2
       2
       3
       2
       1
       1
       1
       2
       0
       4
       0
       1
       2
       0
       2
       2
       2
       1
       2
       0
       3
       3
       1
       0
       1
       1
       1
       2
       1
       1
       3
       3
       0
       1
       1
       2
       0
       0
       3
       1
       2
       3
       3
       0
       0
       2
       1
       3
       2
       3
       2
       0
       1
       3
       2
       0
       1
       2
       0
       3
       3
       0
       4
       1
       1
       2
       1
       2
       1
       4
       1
       1
       2
       1
       0
       1
       1
       2
       2
       5
       1
       1
       2
       1
       4
       3
       1
       0
       1
       1
       2
       0
       2
       0
       3
       0
       1
       1
       2
       1
       1
       2
       3
       6
       2
       2
       3
       1
       1
       0
       1
       1
       2
       3
       1
       1
       2
       0
       1
       1
       1
       1
       3
       1
       3
       1
       5
       1
       3
       0
       3
       5
       3
       0
       0
       5
       4
       1
       2
       1
       2
       0
       0
       1
       4
       3
       0
       3
       4
       2
       0
       0
       0
       0
       0
       0
       0
       0
       0
       0
       0
       0
       0
       0
       0
       0
       0
       0
       0
       0
       0
       0
       0
       0
       0
       0
       0
       0
       0
       0
       0
       0
       0
       0
       0
       0
       0
       0
       0
       0
       0
       0
       0
       0
       0
       0
       0
       0
       0
       0
       0
       0
       0
       0
       0
       0
       0
       0
       0
       0
       0
       0
       0
       0
       0
       0
       0
       0
       0
       0
       0
       0
       0
       0
       0
       0
       0
       0
       0
       0
       0
       0
       0
       0
       0
       0
       0
       0
       0
       0
       0
       0
       0
       0
       0
       0
       0
       0
       0
       0
       0
       0
       0
       0
       0
       0
       0
       0
       0
       0
       0
       0
       0
       0
       0
       0
       0
       0
       0
       0
       0
       0
       0
       0
       0
       0
       0
       0
       0
$ROI:
3
6725 6813
6948 7045
7244 7256
$PRESETS:
None
0
0
$ENER_FIT:
-0.000074 0.728814
$MCA_CAL:
3
-7.366740E-005 7.288145E-001 -2.624510E-006 keV
$SHAPE_CAL:
3
0.000000E+000 0.000000E+000 0.000000E+000
