$SPEC_ID:
No sample description was entered.
$SPEC_REM:
DET# 1
DETDESC# PPF18-07 Easy-MCA-8k SN 14274550
AP# Maestro Version 7.01
$DATE_MEA:
11/17/2022 12:01:34
$MEAS_TIM:
5134 9211
$DATA:
0 8191
       0
       0
       0
       0
       0
       0
       0
       0
       0
       1
       0
       0
       0
       0
       0
       0
       0
       0
       0
       0
       0
       0
       0
       0
      16
    5561
  248146
 2863651
   85821
   17120
   22652
   31343
   41917
   52130
   57492
   53703
   43281
   31940
   24301
   19238
   15620
   13094
   10660
    8423
    6771
    5242
    4124
    3291
    2546
    2143
    1764
    1446
    1344
    1271
    1184
    1114
    1098
    1064
    1074
    1046
     995
    1018
     948
     934
     806
     746
     702
     624
     497
     446
     431
     383
     293
     285
     219
     180
     202
     136
     120
     127
      95
     102
     102
      90
      92
      75
      70
      82
      81
      82
      65
      66
      64
      59
      56
      63
      43
      36
      38
      46
      49
      32
      32
      33
      33
      19
      28
      25
      27
      19
      20
      19
      23
      15
      18
       7
      17
      11
      16
      10
      16
      17
      20
      16
      11
      16
      10
      10
      15
      18
       9
      23
      13
       8
      18
       9
      18
      14
      13
      16
      12
       5
      12
       8
      14
       9
      10
      12
       8
       6
      12
      11
      12
       8
      11
      15
      10
      10
      13
      11
      11
       8
       8
       8
       8
      17
      12
       8
      12
       6
      10
       6
       9
       5
      10
       8
       9
      15
       9
      10
       6
      11
       8
       6
      15
       9
       6
       9
      13
      10
       3
      12
       9
      14
       8
      13
      12
       6
       8
      10
       8
       6
       8
       9
      10
      11
      13
      11
       4
       9
      10
      13
       9
       6
       8
      13
       8
      13
      11
       7
      13
      12
       4
      12
       7
       7
       6
      14
       6
       7
       4
       4
      16
       6
      10
       9
       8
       6
       4
      10
      13
       9
       5
      12
      13
      10
       8
       7
       8
      11
       7
       7
      10
       5
      10
      11
      10
       9
       5
       4
      11
       7
       6
       9
       2
      12
       4
      10
      10
       6
       5
       6
       6
       5
       4
      17
       4
       8
       8
       6
       9
       6
      11
       5
      12
       3
      10
      10
      10
       9
      11
       7
      13
       3
      10
       9
       7
      12
      11
       9
       7
       7
       4
       5
       7
      12
       8
       9
      12
       9
       2
      11
       6
       8
      11
      10
       7
       7
      10
       8
       8
       7
       5
       6
       9
      11
       6
       6
      10
       5
       4
       6
      10
       4
       8
       5
       8
      10
       4
       7
       9
      11
      10
       6
       9
      13
       5
       2
       4
      17
       9
       5
       4
       8
      11
       7
       7
       9
       4
       3
       3
       9
       8
       4
       5
       4
       4
      10
       7
       6
       8
      11
       4
       6
       6
       4
      10
       5
       2
       4
       7
       8
       5
       4
       6
       6
       6
       6
       7
       9
       4
       9
       8
      13
       2
       6
       5
       6
       2
       7
       6
       5
       6
       2
       4
       7
       8
       9
       3
       4
       2
       8
       4
       6
       3
       4
       8
       8
       3
       6
       8
       6
      11
       6
       2
       4
       8
      10
       6
       7
       5
       5
       5
       5
       7
       9
      12
       2
       6
       3
       4
       7
       5
       8
       5
       8
       8
       4
       8
       3
       9
       2
       3
       3
       6
       9
       4
       5
       8
       5
       5
       2
       8
       9
       5
       2
       6
       4
       6
       8
       8
       7
       8
       8
       6
       4
       2
       4
      10
       3
       2
       4
       3
       6
       9
       4
       5
       4
       6
       8
       5
       7
       7
       7
       6
       6
       7
       2
       6
       5
       6
       5
       8
       7
       4
       8
      11
       6
       8
       4
       5
       5
       5
       6
       5
       5
       7
      10
       5
       7
       9
       5
       5
       7
       4
       6
       4
       4
       8
       5
       5
       3
       6
       5
       7
       4
       4
       2
       9
       7
       5
       4
       7
       7
       5
       6
       6
       6
       9
      10
       7
       9
       9
       5
       8
       5
       7
       6
       5
       5
       9
       5
       5
       5
       5
       6
       4
       7
       9
       6
       6
       4
       3
       8
       9
       5
       9
       6
       6
       4
       6
       5
      12
       9
       6
       0
       6
       6
       4
       7
       8
       5
       2
       6
       3
       5
       6
       4
       5
       7
       8
       8
       3
       6
       3
       9
       1
      11
       5
       9
       8
       5
       6
       3
       4
       2
       5
       4
       4
       3
       4
      11
       6
       2
       4
       5
       3
       6
       7
       5
       6
       6
       6
       7
       4
       3
      13
       6
       4
       1
       5
       2
       7
       8
       4
       2
       7
       5
       8
       5
       9
       3
       5
       4
       8
       7
       5
       4
       6
      10
       3
       7
       6
       5
       6
       6
       1
       2
       2
       7
       6
       6
       8
       6
       6
       6
       8
       3
      10
       8
       6
      12
       3
       5
       4
       4
       8
       3
       2
      11
      10
       6
       6
       6
       1
       7
       2
       2
       3
       6
       8
       8
      11
       1
      10
       5
       2
       8
       3
       2
       6
       8
       3
       3
       6
       4
       9
       4
       5
       1
       2
       6
       4
       6
       9
       7
       5
       7
       4
      11
       5
       4
       4
       6
       7
       6
       7
       5
       6
       6
       2
       6
       1
       8
       9
       5
       7
       4
       2
       6
       4
       5
       4
       9
       6
       5
       1
       8
       6
       5
       6
      10
       4
       9
       6
       7
       4
       7
       9
       4
       5
       7
       5
       7
       6
       7
       4
       5
       5
      10
       7
       8
       4
       8
       7
       7
       5
       9
       4
       7
       5
       3
       5
       5
       5
       2
       6
       7
       2
       3
       7
       5
       7
       4
       3
       4
       2
       5
       2
       2
       5
       5
       6
       1
       5
       4
       3
       3
       5
       5
       4
       1
       9
       5
       4
       3
       5
       9
       7
       2
       9
       5
       4
       8
       4
       3
       9
       4
       6
       9
      12
       8
       4
       4
       3
       3
       6
       4
       2
       5
       5
       2
       5
      10
       8
       7
       1
       2
       5
       4
       5
       3
       9
       3
       3
       3
       7
       1
       5
       5
       2
       8
       3
       5
      11
       4
       5
       2
       1
       4
       4
       4
      11
       3
       6
       4
       4
       5
       3
       4
       6
       7
       5
       6
       4
       5
       5
       4
       4
       6
       6
       7
       4
       5
       2
       5
       3
      11
       1
       5
       1
       8
       8
       4
       6
       9
       6
       5
       4
       5
       4
       2
       8
       2
       6
       6
       5
       5
       6
       5
       5
       6
       1
       2
       8
       4
       3
       7
       4
       7
       4
       5
      11
       8
       8
      10
       7
       1
       6
       6
       8
       3
       4
       5
       6
       5
       6
       5
       8
       3
       5
       6
       4
       5
       7
       2
       5
       7
       4
       5
       5
       5
      10
      12
       4
      11
       3
       7
       0
      10
       4
       3
       2
       7
       8
       8
       8
      11
       8
       4
       2
       2
       7
       5
       3
       5
       5
       4
       3
       2
       4
       4
       4
       6
       7
       6
       7
       3
       4
       5
       3
       5
       2
       0
       4
       7
       4
       4
       7
       2
       6
       2
      11
       5
      12
       2
       5
       7
       7
       2
       9
       6
       2
      10
       2
       6
       5
       5
       5
       8
       3
       6
       9
       8
      10
       7
       7
       4
       7
       1
       4
       6
       6
       4
       7
       8
       9
       8
       6
       3
       3
       4
       4
       6
       7
       7
       5
       5
       6
       6
       6
       8
       4
       5
       4
       7
       3
       4
       7
       5
       8
       5
       6
       4
       5
       7
       3
       4
       3
       5
       6
       2
       6
       9
       7
      10
       4
       9
       5
       6
       2
      10
       6
       8
       9
      11
      10
       5
       5
       6
       5
       3
       3
       7
       9
       5
       8
      10
       7
       3
       8
       3
       5
       8
       6
       2
       2
       3
       4
       3
       4
       7
       0
       8
       7
       5
       5
       6
       4
       3
       3
       7
       6
       6
       4
      12
       9
       8
       6
       4
       5
       4
       4
       5
       4
      11
      11
       3
       4
       7
      10
       3
       8
       6
       4
       3
       3
       8
      11
       8
       4
       5
       3
       3
       5
       4
       7
       5
       4
       3
       1
       6
       8
       6
       5
       6
       4
       7
       6
       5
      13
       4
       6
       9
       0
      10
      10
       4
      11
       7
       5
       6
      11
       7
       2
       7
       6
       4
       4
       4
       6
       5
       4
       6
       5
       4
       6
      15
       7
       6
       8
       8
       8
       5
       0
       3
       2
       6
       7
       6
       5
      11
      10
       5
       8
       8
       6
       6
       3
       6
       3
       7
       8
      10
       5
       3
       7
       7
       6
       4
       7
       8
       8
       9
       7
       6
       6
       6
      10
       6
       6
       8
       4
       6
       5
       7
       2
       7
       8
       8
       5
       5
       6
      11
       5
       8
       9
       3
       7
       5
       2
       5
      11
       7
       2
      10
       5
       5
       5
       5
       5
       7
       4
       8
       8
       3
       5
       8
       2
       5
       5
       4
       9
       2
       6
       6
       7
       8
       6
       0
       7
      12
       4
       7
       4
       8
       5
       9
       4
       2
      11
       4
       9
       5
      10
       5
      13
       4
       7
       3
       6
       5
       9
       4
       7
       7
      11
       7
       6
       6
       3
       8
       7
       5
       8
       4
       8
       7
       5
       4
       3
       5
       6
       8
      11
       2
       4
       3
       6
       5
       2
       9
       5
       7
       7
       7
       6
       6
       3
       8
      11
       5
      10
       5
       4
       5
       4
       9
       2
       7
       6
      11
       6
       4
       5
       6
       2
       3
      11
       6
       6
       7
       9
       9
       8
       5
      10
       9
       9
       6
       7
       3
       7
       5
      11
       6
       4
       9
       8
       6
       6
       2
       7
       7
       2
       3
       6
       5
       8
      13
       4
       5
       6
       9
       7
      10
       5
       7
       6
       9
       9
       7
       5
       6
       5
       9
       8
      11
       7
       8
      13
       8
       7
       8
      10
       8
      10
      10
       6
       3
       8
       6
       3
       5
      13
       5
       3
       5
       7
      10
       6
       3
       3
       8
       3
       4
       7
       7
       3
       8
       6
       5
       9
       4
       8
      10
       6
       7
       2
       4
       8
       9
       7
       7
       7
       6
       9
       6
       9
       4
       2
       6
       3
       8
       4
       3
       7
       2
       5
       6
       7
       8
       6
       3
       3
       7
      13
       5
       3
       8
      10
      10
       6
       6
      10
       9
       8
       5
       5
       7
       9
       6
       7
       7
       9
       9
      13
       6
      10
       2
       8
       5
       8
       6
       7
       4
       9
       7
      10
       3
       5
       9
      10
       7
       5
       9
       4
       6
       4
       7
       6
       8
       8
       8
       9
       5
       9
      12
       3
      12
       6
       6
       8
       6
       9
       4
       6
       8
       9
       5
       6
       7
       7
       3
       6
       5
       5
       8
       7
      10
       7
       9
      11
       8
      10
       7
       6
      10
       7
       7
       7
      11
       4
       6
       5
       5
      10
       9
       7
       7
       9
       6
       7
       6
       3
       6
       5
       7
       8
       9
       8
       5
       3
       6
       6
       9
      12
      12
       6
      14
       5
       7
       7
       7
       7
       8
       4
       8
       6
       3
       5
       6
       8
      11
       4
      13
       9
       8
       6
       9
       7
       6
      11
      11
       7
       6
       9
       3
       4
       7
      13
      15
       9
      11
       4
      11
       8
       8
       4
       7
       7
       4
       9
       8
       9
       7
       7
       5
       9
      12
       7
       5
      13
       8
      10
       8
      12
       6
      13
       8
       3
       8
       7
       7
      13
       5
       7
       8
       5
       7
       4
       5
       4
       5
       6
      12
       2
       9
      13
       9
      13
       8
       7
       4
      11
       5
       7
      10
      10
      10
       5
       5
       5
       9
      13
       6
      10
      13
      10
      12
       6
      11
       5
       4
       8
      14
      13
       6
      11
       6
       7
      11
       7
       7
      11
       2
       8
       7
       4
      12
       7
       7
       5
       4
       6
       6
      12
      15
       4
       8
       5
       6
       6
      13
      13
       6
       2
       9
       4
      11
       6
       8
      10
       5
       5
       6
       8
       7
       6
       8
       8
      11
       6
      14
       4
      11
      10
      11
       8
      10
       7
       7
       7
       9
      12
       5
       2
       8
      13
       8
       7
       7
       9
       8
       6
      13
       3
       6
       5
       3
       6
       5
       9
       6
       6
       9
       9
      10
       8
       8
       9
       5
      11
       6
      10
      13
      12
       6
       8
       4
       3
      12
       8
      10
       5
       4
       6
       5
       8
       6
       5
       6
       5
       9
      10
       5
      10
       5
       5
       9
       4
       5
       8
       8
       6
      12
       4
       6
       9
      10
       9
       8
       9
      10
       7
      11
      10
      10
       5
       8
      11
       5
       7
      10
       9
      13
       5
      10
      12
       9
       9
       9
      12
      13
       6
       6
       6
      11
       6
       9
      10
       6
       8
      19
       8
       4
       9
       5
       9
      10
      15
      12
      11
       7
      10
       6
       8
       7
      10
       6
      10
       8
       3
       9
      10
       6
       6
       7
       7
       7
       5
       5
      11
       8
       8
       8
      14
       5
       6
       8
       7
      12
      12
       7
       7
      17
       8
      13
       8
       7
       7
       6
       4
       1
       5
      13
       8
       6
      11
      14
       8
       9
       7
      10
       5
       8
      15
      11
       5
       7
       8
       7
      13
       8
       9
       7
       8
      10
       7
      15
       6
       6
       6
      11
      14
       8
      13
       4
      10
       3
      10
       7
       8
       3
      11
       6
       5
      12
      11
       6
       5
       5
      12
       8
       9
       9
      11
       9
      11
       6
      13
       7
       7
       7
       8
       9
       8
      10
      12
      11
       6
       5
       8
       8
      11
       6
       9
      10
       8
      15
       9
      13
       7
       5
       8
       9
       9
       9
       8
       7
       8
      10
       7
       3
       7
       9
       8
       5
      10
      11
       8
       5
      12
      11
      12
       6
      10
       5
       8
      11
      13
       7
      11
       8
      11
       8
       8
       9
       6
       5
       8
       9
       8
       8
       7
       8
       5
       9
      11
       8
      12
       9
      13
      11
      13
      14
       9
       8
       9
       5
      10
       8
       8
       9
       6
      12
       7
       8
      13
      10
      11
       6
       5
       9
      15
      11
      11
      14
      11
      10
       9
      13
      14
       7
       6
       9
      10
       6
       8
       8
       8
       4
       7
       6
       7
       9
       7
       8
      18
       8
       7
       6
       8
      11
      11
      10
       8
      11
       6
       8
      12
       5
       8
       6
       9
       5
      10
       9
      10
       9
       8
      13
       8
       7
       9
       6
      14
      14
      10
      17
       4
       7
       8
      12
       5
       7
       8
      17
       9
       9
      13
      11
      12
       4
      11
      13
      11
       4
       9
       9
      11
      12
      12
       8
      10
       7
       6
       8
      13
      11
      12
      13
      12
      10
      11
      14
       8
      16
       9
      10
       9
      16
       9
      11
      11
      11
      15
      10
      10
      11
      12
      14
       9
       8
      15
      10
      11
      10
      10
       9
      16
       5
      11
      10
       6
       6
      15
      13
      11
       4
      12
      13
       8
       9
      12
      11
      10
       7
      17
       6
       6
       8
      10
       7
      17
       8
       7
       9
       9
      15
      11
      11
       9
       9
      14
      11
      10
       7
      11
      14
       6
      18
      12
      11
      18
      15
      14
       9
      10
      11
      12
      14
      10
      11
       8
      14
      12
       7
       6
      16
      16
      11
      13
       8
      11
       8
      16
      14
       9
       6
       9
       7
       9
      13
       4
       7
      12
       6
      13
      10
      12
      10
      11
       9
      16
       9
       8
      10
       6
       7
       9
      14
      15
       8
      13
      15
      17
      10
      10
      10
      11
       7
      18
       8
      15
      14
      11
       7
       5
      13
       7
      10
      10
       7
       7
      10
      18
      14
      13
       6
      18
       9
      12
      10
       5
       6
      12
      13
      12
      11
      11
      11
       8
      12
       9
      10
      13
      14
      13
       7
      10
       7
      14
       8
       7
      17
       9
      15
      11
      11
       9
      11
      15
      13
      13
       9
      13
      16
      13
      13
       9
       9
       7
      13
       6
      17
      13
      16
       7
      15
      15
       6
      10
       6
       7
       5
      14
      16
      13
      12
      12
       9
      22
      11
       7
      11
      14
      17
       8
      14
      14
      13
      10
      13
      15
       9
      13
      13
      19
      10
      11
      16
      10
       9
      12
      15
      12
      11
      17
       8
      10
      16
      11
      12
       9
      15
      12
       8
      10
      11
      14
      19
      10
      10
       7
      13
      11
      17
      21
      12
      12
      17
      14
      16
      12
      21
      11
      18
       8
      12
       9
      12
       9
       8
      12
      17
      10
      14
      10
      12
       8
      16
      14
      10
      19
      10
      13
      18
      10
      11
      13
      19
      13
      15
      12
      16
       8
      13
      12
      15
      12
      17
      19
      16
      15
      15
      11
      13
      14
      10
      16
      13
      13
      13
       6
       8
      15
       6
      12
      10
      12
      12
      12
      14
      11
      11
      16
      10
      14
      11
      19
      12
       7
      12
      11
      12
      13
      15
      15
      11
      13
       8
       9
      16
       9
       7
      13
      11
      16
      14
      15
      14
       6
      11
      12
       8
      12
      13
      13
      14
       6
      21
      14
      14
      14
      18
      11
      12
      13
      23
      12
      16
      15
      19
       6
      12
      12
      15
      11
      14
      14
      16
      12
      12
      14
      14
      18
      16
      12
      14
       9
      12
      19
      24
      15
      10
      15
      15
      16
       8
      14
      14
      11
      17
      13
      13
      12
       7
       8
       9
      16
      14
      16
      18
      19
      10
      15
      22
      16
      14
      15
      10
      11
      14
      15
      10
      14
      11
      16
      15
      21
      12
       9
      12
      15
      15
      10
      11
       9
       9
      15
      11
      17
      16
      13
      14
      17
      13
      19
      21
       8
      18
      22
      14
      19
      11
      16
      13
      12
      10
      10
      22
       7
      14
      16
      23
      16
      14
      12
      16
      12
      15
      17
      18
      13
      12
      13
      18
      15
      14
      14
      22
      14
       9
       9
      18
      20
      18
      18
      14
      14
      12
      16
      15
      18
      16
       8
      14
      18
      18
      15
      19
      17
      13
      16
      14
      17
       9
      14
      13
      13
      15
      13
      22
      14
      14
      17
      21
      14
      21
      14
      26
      17
      20
      16
      15
      11
      14
      16
      21
      16
      16
      11
      19
      12
      15
      19
      19
      18
      28
      14
      19
      17
      18
      25
      14
      25
      15
      19
      18
       9
      23
      17
      14
      19
      18
      15
      20
      18
      14
      19
      20
      19
      11
      13
       8
      19
      20
      11
      16
       9
      16
      14
      16
      15
      21
      16
      16
      19
      17
      15
      15
      23
      25
      19
      11
      16
      13
      19
      15
      18
      23
      26
      19
      20
      16
      19
      18
      21
      21
      17
      19
      15
      17
      19
      17
      24
      13
      14
      11
      16
      30
      15
      21
      19
      18
      25
      19
      17
      23
      26
      16
      22
      21
      18
      24
      22
      12
      18
      18
      19
       9
      22
      13
      15
      20
      21
      19
      18
      13
      16
      27
      21
      12
      15
      23
      13
      22
      25
      24
      10
      17
      16
      11
      22
      18
      11
      18
      16
      19
      21
      26
      24
      26
      30
      10
      15
      14
      26
      20
      11
      22
      17
      22
      18
      16
      21
      17
      14
      18
      24
      21
      26
      21
      23
      19
      20
      21
      17
      28
      19
      27
      21
      25
      18
      22
      32
      22
      24
      16
      26
      14
      25
      13
      20
      17
      29
      25
      20
      30
      18
      16
      24
      23
      16
      18
      12
      15
      26
      15
      23
      18
      16
      15
      22
      27
      24
      15
      22
      20
      28
      26
      29
      21
      25
      21
      21
      15
      28
      22
      14
      18
      23
      22
      21
      27
      14
      17
      18
      27
      26
      18
      24
      22
      25
      24
      24
      31
      18
      26
      24
      25
      21
      20
      23
      20
      17
      22
      23
      22
      23
      22
      19
      16
      23
      19
      29
      21
      25
      23
      20
      28
      19
      30
      24
      32
      22
      27
      21
      23
      27
      22
      27
      28
      25
      22
      22
      26
      27
      22
      19
      26
      25
      26
      30
      31
      27
      17
      24
      22
      21
      32
      17
      34
      36
      28
      24
      31
      26
      21
      33
      17
      24
      25
      25
      37
      28
      20
      25
      25
      29
      23
      21
      23
      26
      32
      26
      35
      28
      23
      23
      29
      21
      35
      31
      23
      25
      24
      21
      35
      26
      28
      26
      26
      26
      23
      21
      33
      25
      20
      32
      27
      30
      35
      19
      22
      29
      30
      27
      20
      38
      31
      31
      37
      32
      26
      28
      24
      34
      26
      22
      32
      22
      28
      25
      31
      32
      37
      34
      32
      38
      30
      30
      33
      36
      33
      22
      41
      23
      37
      31
      29
      32
      31
      32
      34
      32
      27
      33
      27
      34
      37
      38
      31
      37
      37
      33
      40
      37
      36
      34
      28
      25
      36
      30
      36
      36
      40
      39
      35
      37
      38
      27
      26
      29
      42
      35
      45
      37
      32
      34
      36
      36
      34
      28
      34
      42
      33
      28
      44
      35
      45
      42
      43
      28
      27
      45
      39
      29
      46
      48
      31
      32
      24
      34
      45
      31
      36
      36
      40
      33
      44
      39
      32
      36
      39
      39
      45
      39
      44
      42
      48
      37
      46
      40
      41
      36
      35
      45
      33
      46
      40
      37
      37
      29
      39
      38
      44
      38
      44
      35
      43
      43
      41
      39
      30
      39
      48
      44
      32
      36
      37
      37
      42
      45
      37
      46
      52
      44
      41
      38
      48
      33
      49
      54
      39
      50
      52
      39
      43
      41
      50
      41
      47
      41
      46
      39
      54
      41
      46
      50
      52
      44
      40
      44
      49
      46
      58
      50
      43
      38
      55
      33
      49
      45
      67
      53
      44
      46
      45
      45
      43
      63
      62
      42
      35
      51
      51
      38
      46
      61
      37
      42
      54
      55
      54
      44
      55
      40
      39
      42
      44
      48
      50
      51
      60
      58
      51
      54
      54
      59
      60
      47
      50
      62
      61
      53
      53
      50
      66
      57
      63
      69
      50
      65
      58
      55
      55
      56
      40
      42
      59
      47
      57
      68
      67
      39
      64
      55
      55
      60
      59
      58
      56
      49
      47
      67
      52
      60
      65
      59
      69
      57
      60
      69
      75
      66
      65
      72
      58
      68
      68
      44
      72
      57
      51
      62
      67
      73
      80
      71
      66
      63
      61
      73
      47
      62
      69
      56
      71
      71
      65
      66
      77
      76
      74
      70
      78
      60
      81
      77
      71
      65
      71
      61
      79
      56
      80
      55
      73
      64
      73
      58
      77
      87
      73
      83
      85
      69
      70
      71
      73
      70
      78
      91
      70
      68
      71
      85
      88
      70
      77
      83
      74
      77
      77
      84
      87
      55
      72
      83
      92
      80
      93
      88
      75
      74
      91
      84
      87
      69
      75
      68
      74
      77
      78
      76
      87
      80
      90
      75
      86
      83
      73
      88
      77
      89
     100
      76
      67
     109
      72
     106
      84
      93
      92
      84
      93
      94
      65
     103
      85
      92
      98
     102
      85
      92
      81
      86
      79
      84
      98
      85
      80
     111
     101
      88
      99
      76
     105
     101
      96
     129
      79
     101
     109
     101
      99
      82
     108
      84
     114
     105
     108
      92
      88
      88
     119
      86
     111
     113
      94
     101
      90
     122
     113
     106
     102
      83
      95
     118
     109
     106
      87
      97
     102
     112
     119
     122
     111
     108
     148
     106
      95
     114
     107
     104
     115
     130
     112
     128
     116
      93
     127
     124
     112
     117
     124
     134
     116
     124
     138
     111
     119
     117
     123
     151
     140
     128
     125
     138
     133
     130
     107
     130
     152
     148
     138
     119
     119
     137
     105
     131
     158
     122
     136
     120
     143
     130
     143
     140
     129
     156
     158
     133
     130
     158
     128
     133
     133
     121
     136
     142
     154
     143
     148
     171
     154
     140
     138
     147
     132
     125
     129
     132
     149
     140
     136
     124
     161
     146
     150
     161
     125
     162
     152
     137
     146
     162
     160
     162
     181
     145
     146
     140
     149
     178
     162
     155
     151
     172
     134
     161
     167
     167
     192
     167
     156
     161
     164
     155
     152
     159
     184
     146
     161
     176
     151
     162
     169
     171
     146
     177
     160
     153
     168
     183
     160
     191
     193
     181
     186
     174
     166
     200
     210
     182
     180
     184
     187
     180
     182
     185
     188
     198
     188
     199
     188
     187
     225
     186
     216
     193
     208
     204
     168
     195
     175
     219
     202
     205
     190
     191
     209
     166
     220
     168
     205
     232
     226
     218
     204
     216
     206
     227
     207
     240
     237
     206
     224
     257
     218
     238
     208
     227
     239
     226
     209
     210
     246
     209
     233
     216
     223
     227
     273
     239
     241
     229
     229
     231
     244
     251
     252
     230
     269
     265
     231
     249
     240
     223
     249
     239
     278
     261
     257
     267
     258
     244
     206
     242
     244
     264
     304
     229
     252
     251
     278
     242
     243
     264
     256
     257
     267
     257
     267
     259
     269
     271
     293
     244
     271
     291
     254
     274
     265
     282
     267
     282
     292
     281
     260
     294
     273
     293
     269
     297
     285
     304
     307
     295
     270
     282
     289
     320
     313
     317
     298
     282
     309
     298
     275
     291
     309
     335
     327
     305
     310
     318
     290
     312
     295
     289
     317
     322
     310
     303
     310
     347
     323
     343
     342
     337
     313
     296
     328
     350
     366
     334
     344
     335
     339
     365
     351
     346
     315
     348
     336
     307
     359
     356
     323
     373
     366
     389
     374
     399
     358
     329
     368
     378
     365
     371
     349
     388
     367
     361
     406
     368
     361
     365
     352
     380
     385
     382
     382
     378
     397
     384
     391
     372
     402
     381
     444
     405
     380
     420
     375
     385
     428
     409
     424
     366
     405
     433
     410
     395
     413
     460
     415
     400
     464
     441
     378
     425
     427
     456
     433
     435
     429
     387
     480
     415
     449
     441
     490
     470
     473
     455
     435
     445
     436
     465
     459
     487
     451
     485
     430
     491
     459
     481
     486
     463
     491
     462
     458
     456
     437
     476
     478
     520
     495
     455
     490
     503
     502
     480
     515
     505
     510
     481
     513
     510
     486
     533
     527
     551
     510
     499
     528
     548
     597
     498
     481
     514
     525
     550
     452
     515
     532
     547
     485
     522
     590
     532
     564
     528
     557
     529
     523
     553
     543
     542
     581
     546
     557
     551
     557
     613
     576
     548
     617
     594
     583
     612
     591
     562
     583
     617
     577
     611
     621
     584
     587
     627
     605
     582
     641
     585
     598
     611
     592
     592
     663
     613
     639
     659
     656
     644
     640
     609
     672
     640
     658
     653
     594
     667
     624
     669
     596
     643
     651
     638
     666
     699
     745
     652
     683
     678
     684
     639
     668
     726
     733
     722
     712
     716
     665
     651
     734
     740
     641
     736
     752
     709
     695
     748
     742
     695
     757
     794
     694
     735
     718
     751
     729
     770
     764
     743
     764
     770
     752
     793
     807
     779
     801
     742
     756
     824
     792
     831
     730
     771
     798
     797
     822
     746
     780
     786
     833
     779
     822
     860
     793
     803
     831
     867
     817
     830
     875
     863
     782
     876
     848
     866
     837
     892
     863
     883
     906
     872
     869
     908
     863
     878
     889
     900
     854
     915
     897
     921
     892
     835
     914
     896
     908
     907
     885
     949
     922
     923
     939
     878
     930
     937
     964
     918
     908
     912
     926
     927
     995
     923
     977
     985
    1010
     933
    1029
     958
     969
     965
    1031
     906
    1013
     977
     995
     985
    1076
     998
    1027
     979
     935
     989
    1074
    1015
    1040
    1043
    1118
    1023
    1017
    1031
    1076
     998
    1024
    1058
    1051
    1023
    1074
    1037
    1087
    1022
    1089
    1061
    1091
    1123
    1059
    1100
    1153
    1083
    1125
    1103
    1186
    1113
    1094
    1111
    1089
    1138
    1130
    1125
    1135
    1148
    1127
    1156
    1153
    1173
    1187
    1231
    1159
    1188
    1105
    1238
    1200
    1195
    1152
    1215
    1156
    1229
    1299
    1159
    1170
    1218
    1266
    1179
    1250
    1156
    1209
    1239
    1232
    1150
    1211
    1229
    1249
    1284
    1157
    1290
    1231
    1300
    1242
    1259
    1212
    1255
    1239
    1254
    1282
    1305
    1300
    1343
    1285
    1291
    1313
    1365
    1346
    1336
    1349
    1289
    1278
    1357
    1350
    1317
    1354
    1307
    1357
    1360
    1323
    1376
    1315
    1421
    1303
    1361
    1424
    1320
    1385
    1381
    1340
    1450
    1410
    1330
    1396
    1465
    1422
    1432
    1421
    1445
    1488
    1399
    1431
    1462
    1379
    1487
    1502
    1450
    1470
    1434
    1473
    1490
    1465
    1580
    1470
    1490
    1465
    1442
    1523
    1552
    1482
    1522
    1563
    1481
    1563
    1487
    1482
    1546
    1520
    1577
    1583
    1609
    1560
    1580
    1573
    1541
    1530
    1597
    1551
    1545
    1657
    1612
    1585
    1564
    1678
    1679
    1623
    1674
    1618
    1656
    1677
    1629
    1617
    1634
    1610
    1668
    1671
    1625
    1627
    1702
    1686
    1657
    1613
    1645
    1654
    1705
    1666
    1758
    1664
    1779
    1700
    1730
    1683
    1687
    1715
    1770
    1732
    1743
    1727
    1789
    1653
    1745
    1766
    1713
    1774
    1760
    1771
    1718
    1798
    1767
    1800
    1760
    1829
    1720
    1744
    1767
    1818
    1874
    1760
    1783
    1798
    1809
    1856
    1815
    1813
    1857
    1858
    1895
    1907
    1871
    1822
    1901
    1913
    1841
    1874
    1856
    1812
    1953
    1808
    1964
    1968
    1831
    1843
    1919
    1929
    1894
    1963
    1943
    1968
    1857
    1946
    1927
    1899
    1947
    1990
    2003
    1901
    1927
    1951
    1980
    1926
    2015
    1976
    1928
    2025
    2006
    2054
    1985
    2035
    1999
    2030
    2032
    1978
    2027
    2083
    2061
    2032
    2068
    2037
    2021
    2058
    2060
    2069
    2141
    2065
    2124
    2003
    2157
    2031
    2045
    2078
    2064
    2135
    2058
    2108
    2093
    2148
    2094
    2048
    2146
    2165
    2026
    2144
    2126
    2143
    2194
    2132
    2072
    2165
    2198
    2132
    2097
    2226
    2165
    2138
    2095
    2163
    2152
    2217
    2123
    2174
    2248
    2244
    2260
    2312
    2142
    2107
    2219
    2294
    2150
    2289
    2192
    2272
    2215
    2248
    2154
    2191
    2198
    2336
    2271
    2260
    2294
    2178
    2235
    2307
    2269
    2216
    2320
    2304
    2246
    2240
    2375
    2300
    2131
    2249
    2276
    2277
    2317
    2223
    2358
    2327
    2311
    2266
    2230
    2371
    2365
    2360
    2344
    2301
    2295
    2328
    2300
    2418
    2347
    2338
    2391
    2297
    2362
    2356
    2303
    2344
    2351
    2419
    2357
    2391
    2391
    2360
    2373
    2393
    2328
    2366
    2386
    2377
    2430
    2504
    2432
    2353
    2443
    2383
    2423
    2444
    2461
    2472
    2524
    2381
    2486
    2456
    2521
    2499
    2425
    2329
    2438
    2496
    2455
    2402
    2518
    2467
    2486
    2537
    2554
    2521
    2482
    2476
    2588
    2489
    2476
    2441
    2456
    2430
    2432
    2457
    2481
    2455
    2499
    2523
    2535
    2574
    2412
    2493
    2544
    2474
    2493
    2619
    2498
    2602
    2569
    2519
    2525
    2614
    2526
    2487
    2490
    2549
    2479
    2503
    2511
    2585
    2560
    2481
    2559
    2412
    2487
    2577
    2586
    2510
    2523
    2514
    2491
    2502
    2536
    2581
    2597
    2583
    2507
    2423
    2449
    2504
    2567
    2564
    2588
    2623
    2535
    2553
    2627
    2522
    2560
    2567
    2602
    2518
    2627
    2589
    2625
    2523
    2582
    2590
    2630
    2572
    2551
    2612
    2650
    2571
    2660
    2591
    2502
    2692
    2649
    2608
    2578
    2602
    2622
    2635
    2664
    2558
    2571
    2591
    2678
    2727
    2592
    2599
    2612
    2627
    2610
    2625
    2551
    2674
    2509
    2638
    2638
    2655
    2536
    2682
    2682
    2583
    2682
    2569
    2609
    2583
    2633
    2653
    2588
    2671
    2633
    2605
    2619
    2583
    2566
    2621
    2596
    2560
    2667
    2616
    2629
    2571
    2675
    2695
    2564
    2679
    2490
    2658
    2562
    2668
    2597
    2624
    2637
    2633
    2624
    2582
    2660
    2671
    2612
    2577
    2576
    2604
    2704
    2617
    2688
    2617
    2661
    2620
    2668
    2614
    2574
    2666
    2583
    2633
    2671
    2640
    2549
    2564
    2650
    2636
    2614
    2624
    2572
    2614
    2611
    2622
    2542
    2631
    2665
    2650
    2656
    2555
    2520
    2558
    2531
    2601
    2575
    2593
    2560
    2553
    2734
    2598
    2580
    2547
    2462
    2598
    2530
    2689
    2506
    2673
    2588
    2547
    2501
    2493
    2613
    2617
    2558
    2562
    2515
    2538
    2543
    2542
    2532
    2465
    2496
    2449
    2610
    2524
    2585
    2525
    2510
    2554
    2466
    2485
    2464
    2449
    2593
    2410
    2489
    2481
    2519
    2476
    2513
    2467
    2475
    2522
    2458
    2541
    2511
    2421
    2485
    2598
    2424
    2488
    2531
    2446
    2450
    2562
    2392
    2455
    2356
    2415
    2519
    2395
    2439
    2509
    2450
    2382
    2501
    2505
    2431
    2432
    2518
    2457
    2483
    2433
    2528
    2441
    2367
    2501
    2536
    2476
    2438
    2355
    2353
    2369
    2422
    2352
    2323
    2358
    2341
    2457
    2412
    2391
    2295
    2403
    2390
    2298
    2338
    2377
    2318
    2290
    2446
    2371
    2336
    2373
    2351
    2438
    2322
    2317
    2316
    2327
    2299
    2385
    2191
    2357
    2354
    2344
    2296
    2281
    2291
    2284
    2252
    2307
    2291
    2210
    2326
    2245
    2275
    2237
    2336
    2231
    2276
    2163
    2311
    2222
    2235
    2099
    2254
    2216
    2225
    2271
    2155
    2234
    2091
    2175
    2302
    2246
    2163
    2109
    2222
    2138
    2114
    2221
    2156
    2188
    2087
    2136
    1988
    2125
    2126
    2162
    2122
    2122
    2107
    2081
    2047
    2079
    2138
    2010
    2062
    2065
    2127
    2089
    2098
    2087
    2058
    2060
    1971
    2049
    2075
    2016
    1987
    2019
    2039
    1971
    2001
    2035
    1982
    1953
    2015
    1934
    1952
    1882
    1988
    1938
    1961
    1999
    1965
    1991
    2018
    1963
    1997
    1976
    2001
    1897
    1912
    1923
    1966
    1863
    1915
    1886
    1961
    1952
    1957
    1949
    1896
    1875
    1905
    1887
    1901
    1880
    1839
    1877
    1783
    1836
    1855
    1826
    1917
    1893
    1839
    1800
    1818
    1780
    1843
    1852
    1830
    1727
    1759
    1777
    1722
    1784
    1733
    1776
    1787
    1725
    1787
    1825
    1698
    1715
    1734
    1757
    1609
    1749
    1672
    1688
    1762
    1785
    1709
    1644
    1670
    1712
    1586
    1612
    1683
    1682
    1593
    1659
    1578
    1599
    1586
    1580
    1664
    1636
    1582
    1628
    1637
    1640
    1577
    1547
    1625
    1535
    1618
    1561
    1540
    1638
    1539
    1516
    1546
    1525
    1520
    1524
    1542
    1502
    1558
    1550
    1465
    1499
    1456
    1465
    1476
    1513
    1519
    1457
    1504
    1432
    1463
    1439
    1418
    1504
    1432
    1429
    1337
    1443
    1412
    1429
    1399
    1351
    1387
    1393
    1381
    1293
    1362
    1393
    1326
    1368
    1308
    1338
    1339
    1332
    1296
    1291
    1308
    1349
    1363
    1295
    1326
    1326
    1292
    1286
    1289
    1295
    1275
    1351
    1236
    1239
    1215
    1268
    1223
    1299
    1231
    1257
    1234
    1265
    1196
    1231
    1193
    1244
    1165
    1198
    1238
    1230
    1191
    1243
    1155
    1112
    1205
    1215
    1199
    1109
    1173
    1162
    1073
    1109
    1114
    1129
    1072
    1139
    1149
    1154
    1124
    1080
    1071
    1116
    1108
    1058
    1040
    1089
    1055
    1022
    1009
    1054
    1045
     927
    1027
     999
    1034
    1057
     993
    1016
     978
     997
    1001
     999
    1009
    1002
     988
     958
     934
     953
    1012
     919
     907
     865
     932
     917
     934
     934
     932
     871
     918
     928
     927
     886
     842
     901
     890
     943
     831
     888
     900
     899
     871
     813
     835
     855
     819
     858
     863
     868
     826
     833
     778
     810
     863
     836
     780
     797
     802
     809
     777
     778
     758
     762
     766
     788
     804
     791
     728
     740
     777
     754
     709
     734
     747
     755
     759
     775
     755
     692
     724
     749
     658
     688
     725
     706
     674
     660
     661
     699
     708
     658
     688
     697
     664
     630
     693
     645
     619
     617
     619
     621
     646
     620
     651
     574
     622
     625
     648
     598
     617
     640
     580
     572
     603
     580
     576
     571
     589
     622
     539
     571
     526
     573
     607
     534
     586
     566
     595
     541
     557
     539
     522
     573
     588
     561
     546
     492
     515
     485
     495
     500
     481
     513
     496
     446
     536
     493
     529
     479
     498
     477
     459
     485
     435
     481
     475
     476
     432
     452
     415
     458
     452
     446
     442
     416
     424
     453
     438
     423
     434
     412
     401
     394
     416
     418
     412
     407
     424
     389
     375
     421
     367
     404
     375
     416
     424
     382
     384
     363
     369
     388
     383
     341
     384
     370
     379
     353
     384
     329
     346
     322
     333
     348
     310
     329
     357
     333
     327
     317
     306
     327
     323
     294
     326
     298
     300
     313
     305
     301
     305
     289
     306
     278
     308
     284
     274
     298
     272
     295
     277
     290
     265
     282
     243
     256
     272
     274
     254
     241
     291
     263
     263
     268
     239
     237
     252
     243
     209
     230
     239
     223
     224
     235
     251
     251
     198
     251
     225
     246
     229
     245
     220
     235
     211
     214
     196
     204
     217
     198
     192
     222
     203
     220
     192
     208
     193
     220
     195
     171
     196
     179
     173
     188
     189
     169
     179
     181
     190
     153
     163
     166
     187
     153
     174
     163
     182
     165
     177
     157
     171
     157
     175
     140
     144
     168
     129
     170
     146
     149
     149
     144
     139
     156
     148
     160
     137
     113
     123
     105
     132
     136
     128
     121
     112
     136
     135
     139
     131
     133
     132
     135
     131
     113
     121
     130
     118
     101
     124
     112
     122
     107
     116
     121
     133
     132
     128
     120
      99
     113
     100
     117
     110
      93
      97
     110
     105
      96
      96
      84
      97
     109
     101
      92
     109
      86
      97
      96
      89
      82
     104
      78
      72
      88
      87
      84
      72
      86
      80
      73
      81
      84
      75
      71
      83
      72
      73
      88
      60
      72
      65
      68
      91
      68
      76
      76
      69
      66
      60
      68
      60
      76
      71
      62
      63
      62
      41
      49
      48
      60
      51
      59
      58
      48
      58
      44
      59
      54
      57
      53
      59
      55
      58
      55
      49
      69
      41
      50
      58
      52
      63
      62
      60
      45
      47
      50
      36
      41
      37
      43
      35
      61
      37
      45
      55
      42
      51
      45
      36
      40
      34
      42
      69
      39
      44
      33
      33
      39
      33
      45
      37
      42
      42
      35
      41
      42
      39
      33
      43
      40
      31
      40
      31
      28
      26
      20
      36
      30
      37
      32
      35
      27
      33
      25
      26
      44
      28
      36
      30
      29
      26
      34
      27
      35
      26
      28
      17
      22
      25
      33
      24
      23
      31
      28
      33
      27
      31
      18
      22
      25
      24
      31
      27
      14
      23
      22
      27
      24
      27
      22
      24
       9
      31
      20
      17
      22
      16
      14
      20
      19
      22
      22
      20
      25
      17
      17
      20
      19
      19
      18
      12
      20
      20
      19
      13
      15
      19
      18
      15
      19
      12
      22
      22
      10
      17
      19
      17
      10
      16
      17
      15
      10
      23
      14
      15
      16
      15
      16
      11
      12
      12
      14
      17
      11
      14
      16
       7
      13
      21
      10
      13
      10
      16
      14
      12
      12
      14
      13
       6
      15
       7
      12
      14
       2
      11
      14
       9
      12
       7
      10
      12
       8
       7
      10
      10
      14
       8
      11
      10
      11
       9
       6
       8
      11
      12
      11
       5
       9
      10
      11
      13
      12
      10
      10
       9
       9
       6
       8
       5
       9
       8
       9
       6
       6
       6
      10
       7
       2
       5
      13
       6
       5
       7
      10
       9
       9
       9
       5
       8
       9
       6
       6
      11
       7
       9
       8
      12
       3
       6
       3
       8
       6
       4
       6
       6
       6
       6
       6
       4
       6
       4
       3
       7
       4
       6
       7
       3
       8
       8
       5
       8
       3
       1
       7
       4
       4
       5
       5
       8
       6
       2
       4
       6
       5
       7
       5
       8
       7
       5
       5
       3
       9
       6
       4
       5
       3
       9
       4
       5
       1
       7
       3
       5
       2
       2
       2
       2
       4
       1
       0
       4
       3
       3
       5
       1
       6
       2
       4
       7
       2
       6
       3
       3
      11
       6
       2
       3
       6
       3
       4
       4
       4
       6
       4
       5
       6
       6
       7
       4
       4
       1
       7
       3
       3
       3
       5
       4
       5
       4
       6
       6
       5
       2
       8
       4
       6
       4
       3
       1
       2
       5
       5
       3
       4
       3
       2
       3
       8
       5
       3
       4
       3
       2
       3
       4
       3
       1
       6
       0
       5
       3
       3
       5
       3
       6
       2
       1
       4
       4
       4
       7
       2
       2
       3
       4
       1
       3
       2
       4
       5
       3
       3
       3
       3
       1
       4
       2
       3
       4
       5
       4
       4
       2
       1
       3
       4
       6
       1
       2
       4
       4
       2
       5
       1
       1
       6
       1
       7
       3
       4
       3
       5
       2
       3
       3
       0
       2
       1
       4
       5
       5
       5
       6
       4
       0
       2
       5
       4
       1
       1
       3
       1
       5
       1
       2
       1
       6
       2
       2
       3
       2
       3
       3
       5
       2
       6
       1
       1
       5
       1
       2
       1
       1
       7
       0
       3
       5
       4
       4
       5
       1
       6
       2
       5
       3
       2
       3
       4
       4
       3
       5
       0
       3
       1
       2
       2
       3
       6
       4
       5
       2
       1
       1
       0
       3
       3
       1
       4
       1
       1
       8
       1
       1
       1
       3
       4
       2
       1
       2
       1
       4
       4
       5
       2
       4
       3
       2
       3
       2
       3
       3
       3
       1
       1
       4
       3
       6
       3
       4
       3
       2
       6
       3
       2
       2
       0
       1
       5
       2
       2
       3
       1
       4
       4
       5
       3
       4
       3
       3
       3
       0
       4
       4
       0
       3
       3
       3
       7
       3
       4
       1
       1
       3
       3
       1
       1
       2
       5
       4
       2
       1
       2
       4
       2
       5
       3
       4
       0
       1
       2
       3
       3
       4
       1
       2
       2
       0
       2
       1
       2
       2
       3
       0
       0
       2
       2
       6
       9
       2
       5
       3
       2
       6
       3
       2
       4
       2
       4
       8
       2
       3
       2
       1
       5
       7
       4
       5
       2
       2
       7
       1
       6
       4
       2
       3
       2
       6
       2
       2
       2
       7
       1
       7
       6
       3
       2
       9
       3
       2
       2
       4
       4
       4
       2
       1
       4
       8
       3
       4
       5
       7
       1
       7
       2
       3
       4
       6
       5
       2
       2
       5
       5
       4
       3
       6
       4
       3
       1
       5
       3
       3
       5
       2
       1
       0
       6
       1
       2
       5
       3
       2
       3
       2
       3
       4
       3
       4
       1
       2
       3
       4
       5
       5
       3
       6
       2
       4
       5
       5
       4
       2
       2
       5
       3
       6
       1
       2
       4
       3
       3
       4
       1
       4
       3
       5
       3
       0
       5
       4
       4
       3
       5
       1
       6
       5
       9
       2
       6
       3
       2
       4
       2
       1
       4
       3
       4
       5
       2
       2
       1
       2
       2
       1
       4
       4
       3
       4
       5
       2
       4
       3
       1
       3
       4
       2
       5
       0
       2
       4
       1
       1
       1
       1
       1
       5
       2
       2
       5
       2
       1
       4
       2
       5
       3
       4
       5
       1
       3
       3
       1
       4
       2
       1
       3
       4
       2
       4
       5
       1
       1
       3
       5
       3
       3
       4
       3
       3
       2
       4
       2
       2
       2
       0
       1
       2
       2
       2
       3
       0
       2
       2
       2
       1
       1
       4
       3
       1
       2
       1
       1
       1
       0
       2
       1
       2
       0
       0
       2
       3
       2
       5
       2
       5
       2
       1
       0
       3
       2
       3
       1
       3
       2
       2
       0
       4
       1
       2
       0
       2
       3
       3
       1
       2
       2
       0
       1
       0
       2
       1
       2
       4
       0
       0
       3
       4
       2
       1
       2
       2
       2
       2
       1
       1
       3
       2
       0
       5
       1
       4
       2
       1
       1
       2
       3
       2
       4
       1
       2
       2
       2
       3
       0
       2
       1
       2
       1
       4
       1
       0
       2
       0
       5
       2
       1
       2
       3
       2
       1
       1
       2
       4
       1
       0
       0
       4
       0
       4
       0
       2
       0
       0
       1
       1
       1
       5
       4
       2
       2
       0
       1
       0
       4
       0
       5
       2
       1
       4
       5
       3
       0
       5
       0
       4
       0
       0
       3
       2
       0
       1
       2
       3
       2
       5
       0
       0
       0
       2
       1
       1
       4
       3
       1
       2
       2
       2
       2
       6
       1
       3
       1
       1
       4
       3
       1
       3
       0
       1
       1
       2
       3
       3
       2
       2
       2
       1
       3
       0
       2
       1
       1
       2
       2
       1
       1
       2
       0
       4
       3
       3
       4
       3
       1
       2
       0
       1
       1
       4
       2
       4
       1
       1
       2
       1
       0
       4
       2
       2
       2
       2
       0
       2
       0
       2
       1
       4
       1
       1
       0
       2
       6
       1
       1
       1
       2
       2
       3
       2
       3
       1
       3
       0
       2
       3
       3
       1
       3
       0
       3
       0
       3
       1
       0
       1
       1
       1
       2
       1
       1
       1
       2
       2
       2
       3
       1
       2
       1
       0
       0
       2
       1
       2
       2
       2
       2
       4
       1
       1
       4
       2
       3
       1
       4
       3
       2
       4
       3
       1
       4
       0
       2
       1
       2
       2
       0
       2
       2
       1
       2
       3
       2
       0
       0
       2
       3
       2
       2
       4
       1
       1
       4
       3
       2
       3
       0
       1
       1
       2
       2
       1
       0
       1
       1
       2
       3
       1
       1
       2
       2
       0
       0
       0
       1
       2
       1
       2
       1
       0
       3
       1
       1
       1
       4
       3
       2
       3
       1
       3
       1
       0
       4
       5
       0
       3
       1
       4
       2
       2
       1
       1
       3
       1
       1
       3
       2
       4
       3
       0
       1
       4
       0
       3
       2
       2
       1
       1
       4
       1
       0
       2
       3
       3
       0
       2
       1
       2
       3
       2
       3
       2
       2
       2
       2
       1
       2
       1
       3
       2
       1
       1
       1
       0
       4
       3
       1
       2
       2
       1
       4
       0
       1
       2
       1
       2
       3
       0
       1
       2
       2
       2
       0
       3
       4
       1
       2
       0
       2
       2
       3
       1
       2
       0
       4
       3
       1
       3
       1
       0
       0
       1
       2
       2
       1
       3
       4
       1
       3
       0
       2
       3
       2
       2
       3
       2
       2
       4
       2
       2
       1
       3
       1
       3
       0
       0
       4
       0
       1
       4
       3
       1
       3
       2
       0
       0
       5
       1
       1
       0
       3
       1
       1
       1
       2
       3
       1
       1
       3
       3
       2
       2
       3
       0
       1
       1
       1
       2
       3
       1
       1
       1
       2
       1
       1
       1
       1
       1
       0
       4
       1
       2
       1
       1
       1
       2
       1
       0
       5
       0
       0
       2
       3
       3
       1
       5
       1
       3
       3
       0
       3
       1
       0
       1
       3
       0
       1
       5
       0
       1
       4
       3
       0
       6
       3
       5
       3
       0
       3
       3
       0
       0
       4
       1
       0
       5
       2
       2
       3
       3
       2
       0
       1
       3
       4
       4
       3
       0
       1
       0
       3
       1
       2
       2
       4
       2
       0
       0
       3
       1
       1
       2
       3
       1
       2
       3
       3
       1
       1
       2
       1
       1
       1
       3
       2
       3
       2
       1
       3
       1
       3
       2
       3
       4
       1
       1
       2
       5
       0
       1
       3
       3
       2
       2
       1
       1
       2
       3
       4
       3
       4
       2
       3
       1
       2
       1
       1
       3
       1
       1
       0
       1
       2
       1
       2
       0
       3
       1
       2
       2
       1
       3
       3
       2
       3
       2
       4
       0
       4
       3
       1
       0
       2
       0
       1
       4
       0
       2
       0
       2
       3
       0
       0
       1
       0
       0
       2
       2
       0
       2
       3
       1
       2
       2
       1
       2
       2
       2
       0
       1
       1
       2
       1
       1
       3
       3
       2
       5
       1
       2
       1
       1
       0
       0
       0
       1
       0
       1
       0
       1
       1
       1
       2
       4
       3
       1
       2
       0
       2
       2
       1
       3
       1
       1
       4
       1
       2
       2
       0
       5
       3
       2
       0
       2
       3
       1
       1
       3
       0
       2
       1
       3
       3
       1
       2
       1
       2
       1
       1
       2
       1
       4
       2
       1
       3
       2
       1
       1
       2
       1
       0
       3
       1
       0
       3
       2
       0
       3
       2
       2
       3
       2
       0
       4
       2
       1
       3
       3
       2
       2
       1
       1
       2
       0
       4
       1
       1
       3
       0
       1
       2
       2
       3
       1
       1
       2
       0
       1
       1
       2
       0
       1
       2
       2
       2
       1
       3
       1
       1
       2
       0
       2
       3
       1
       2
       0
       2
       3
       4
       1
       2
       1
       0
       1
       0
       1
       1
       1
       4
       4
       3
       2
       2
       3
       1
       4
       1
       1
       1
       2
       0
       2
       2
       3
       3
       1
       1
       3
       1
       0
       1
       4
       1
       1
       2
       1
       1
       0
       2
       2
       1
       1
       0
       1
       2
       2
       1
       0
       3
       3
       3
       5
       0
       2
       2
       1
       1
       1
       2
       2
       1
       1
       1
       2
       2
       3
       2
       1
       0
       2
       3
       0
       2
       0
       0
       2
       1
       0
       2
       2
       2
       2
       1
       1
       0
       0
       4
       2
       1
       2
       1
       0
       2
       0
       3
       1
       0
       2
       4
       4
       1
       1
       1
       2
       3
       3
       0
       2
       1
       2
       1
       3
       2
       2
       1
       2
       2
       2
       2
       1
       0
       1
       4
       1
       0
       3
       5
       4
       2
       1
       1
       2
       1
       2
       1
       1
       2
       0
       0
       3
       1
       2
       4
       0
       0
       2
       3
       0
       1
       3
       2
       2
       1
       2
       3
       1
       6
       1
       2
       1
       1
       2
       3
       2
       2
       2
       2
       2
       4
       0
       2
       1
       2
       3
       2
       0
       6
       4
       1
       3
       1
       2
       0
       1
       2
       0
       1
       2
       2
       1
       2
       2
       1
       0
       3
       1
       4
       2
       2
       1
       2
       3
       3
       1
       0
       0
       2
       4
       1
       0
       2
       1
       2
       0
       2
       3
       2
       2
       1
       2
       1
       1
       1
       1
       2
       1
       1
       3
       3
       1
       1
       0
       2
       4
       0
       3
       2
       2
       3
       4
       2
       1
       1
       4
       0
       3
       0
       2
       3
       1
       1
       2
       2
       3
       3
       1
       1
       1
       0
       2
       1
       1
       1
       1
       2
       1
       1
       1
       3
       0
       0
       1
       1
       1
       0
       1
       1
       3
       1
       3
       2
       0
       3
       2
       3
       1
       5
       0
       4
       3
       2
       5
       1
       2
       0
       1
       2
       1
       0
       3
       4
       0
       4
       0
       5
       1
       2
       1
       2
       2
       1
       3
       2
       3
       5
       1
       3
       3
       3
       2
       1
       8
       1
       3
       3
       1
       0
       2
       3
       3
       0
       0
       4
       0
       0
       3
       2
       1
       2
       3
       2
       0
       2
       1
       0
       1
       0
       0
       2
       0
       1
       1
       5
       2
       4
       1
       1
       3
       2
       1
       3
       0
       1
       3
       1
       0
       0
       1
       1
       4
       3
       2
       1
       2
       1
       2
       3
       1
       0
       3
       2
       1
       2
       1
       2
       2
       3
       5
       0
       5
       2
       1
       1
       2
       2
       3
       0
       1
       2
       1
       1
       3
       2
       0
       1
       3
       1
       0
       1
       2
       1
       5
       2
       2
       1
       2
       2
       1
       1
       0
       4
       3
       2
       3
       1
       4
       1
       1
       1
       3
       3
       1
       3
       0
       1
       1
       0
       0
       2
       0
       2
       1
       0
       3
       3
       1
       1
       1
       0
       2
       1
       1
       1
       2
       1
       3
       2
       1
       0
       1
       5
       1
       1
       0
       3
       1
       2
       1
       2
       3
       3
       4
       2
       1
       7
       1
       1
       3
       2
       4
       3
       2
       1
       1
       1
       0
       3
       1
       1
       2
       0
       3
       1
       1
       2
       1
       0
       3
       1
       0
       0
       2
       2
       5
       3
       1
       3
       0
       0
       1
       0
       4
       0
       1
       1
       4
       3
       0
       2
       0
       4
       3
       1
       3
       3
       2
       3
       1
       5
       2
       1
       1
       2
       2
       3
       2
       4
       1
       0
       0
       2
       2
       1
       4
       1
       1
       4
       6
       4
       3
       0
       3
       4
       2
       1
       2
       1
       0
       1
       5
       3
       2
       1
       1
       1
       0
       2
       1
       2
       2
       0
       4
       2
       2
       1
       2
       2
       0
       1
       3
       5
       3
       1
       1
       2
       3
       3
       3
       3
       1
       0
       2
       1
       4
       5
       1
       3
       2
       2
       1
       3
       3
       3
       2
       0
       2
       3
       3
       4
       2
       2
       5
       2
       1
       1
       3
       1
       3
       4
       1
       3
       4
       1
       0
       1
       2
       1
       1
       2
       1
       3
       3
       1
       5
       2
       2
       5
       1
       2
       3
       3
       5
       2
       2
       1
       1
       1
       3
       2
       3
       3
       1
       0
       0
       1
       2
       1
       2
       0
       1
       1
       3
       2
       2
       2
       2
       2
       0
       3
       1
       0
       3
       3
       3
       3
       1
       2
       3
       2
       2
       1
       1
       0
       3
       3
       2
       1
       3
       3
       0
       1
       1
       0
       3
       3
       2
       0
       1
       3
       0
       1
       2
       1
       4
       1
       3
       2
       2
       0
       3
       1
       3
       3
       1
       3
       3
       0
       1
       2
       2
       1
       0
       1
       4
       1
       2
       3
       2
       2
       2
       1
       3
       2
       2
       1
       4
       1
       1
       4
       1
       1
       2
       2
       1
       1
       2
       1
       3
       4
       2
       3
       0
       3
       2
       1
       1
       0
       3
       2
       1
       1
       0
       1
       0
       1
       1
       1
       2
       1
       3
       2
       2
       3
       1
       2
       0
       3
       2
       3
       2
       0
       1
       2
       0
       3
       2
       1
       3
       2
       5
       2
       0
       1
       3
       4
       3
       2
       2
       4
       1
       3
       1
       1
       1
       3
       1
       1
       2
       1
       5
       1
       2
       3
       3
       2
       3
       1
       0
       3
       2
       2
       2
       2
       1
       1
       1
       1
       3
       1
       2
       1
       1
       4
       2
       2
       2
       1
       4
       3
       0
       1
       0
       0
       2
       4
       1
       1
       1
       1
       1
       1
       3
       1
       3
       2
       6
       1
       1
       3
       1
       4
       4
       2
       2
       3
       2
       1
       3
       1
       2
       3
       0
       3
       1
       1
       5
       1
       0
       4
       1
       1
       1
       2
       3
       2
       1
       1
       3
       3
       1
       4
       3
       2
       2
       4
       2
       3
       4
       1
       2
       1
       2
       2
       3
       2
       2
       4
       3
       1
       1
       3
       2
       4
       1
       5
       1
       3
       0
       3
       1
       0
       4
       2
       5
       3
       1
       3
       2
       1
       1
       1
       2
       6
       0
       0
       0
       0
       0
       0
       0
       0
       0
       0
       0
       0
       0
       0
       0
       0
       0
       0
       0
       0
       0
       0
       0
       0
       0
       0
       0
       0
       0
       0
       0
       0
       0
       0
       0
       0
       0
       0
       0
       0
       0
       0
       0
       0
       0
       0
       0
       0
       0
       0
       0
       0
       0
       0
       0
       0
       0
       0
       0
       0
       0
       0
       0
       0
       0
       0
       0
       0
       0
       0
       0
       0
       0
       0
       0
       0
       0
       0
       0
       0
       0
       0
       0
       0
       0
       0
       0
       0
       0
       0
       0
       0
       0
       0
       0
       0
       0
       0
       0
       0
       0
       0
       0
       0
       0
       0
       0
       0
       0
       0
       0
       0
       0
       0
       0
       0
       0
       0
       0
       0
       0
       0
       0
       0
       0
       0
       0
       0
$ROI:
3
6725 6813
6948 7045
7244 7256
$PRESETS:
None
0
0
$ENER_FIT:
-0.000074 0.728814
$MCA_CAL:
3
-7.366740E-005 7.288145E-001 -2.624510E-006 keV
$SHAPE_CAL:
3
0.000000E+000 0.000000E+000 0.000000E+000
