$SPEC_ID:
No sample description was entered.
$SPEC_REM:
DET# 1
DETDESC# PPF18-07 Easy-MCA-8k SN 14274550
AP# Maestro Version 7.01
$DATE_MEA:
11/18/2022 15:37:21
$MEAS_TIM:
3984 6995
$DATA:
0 8191
       0
       0
       0
       0
       0
       0
       0
       0
       0
       0
       0
       0
       0
       0
       0
       0
       0
       0
       0
       0
       0
       0
       0
       0
      14
    5281
  213477
 3096900
  133487
   19313
   25324
   35017
   47121
   58653
   64284
   59556
   48089
   35746
   26607
   21034
   16728
   13856
   11083
    8893
    6898
    5367
    4158
    3245
    2516
    1981
    1594
    1265
    1092
     949
     935
     868
     781
     797
     832
     775
     758
     744
     705
     675
     654
     619
     528
     519
     423
     402
     332
     265
     256
     189
     158
     162
     105
     126
      97
      78
      95
      58
      69
      66
      72
      55
      61
      67
      55
      58
      54
      59
      51
      53
      38
      38
      42
      37
      39
      36
      36
      28
      20
      24
      24
      23
      28
      15
      17
      21
      12
      19
      16
      21
      13
      12
      18
      17
      13
       8
      13
      25
      16
      11
      14
       8
      15
      10
      11
      14
      11
      10
       8
      12
      14
       7
      10
       7
       4
      10
       6
      10
      10
       9
       2
      14
      13
      11
       6
       7
       6
      10
      12
      11
      10
       6
      10
       6
      12
       2
       9
      12
       8
       9
       7
       9
       8
       8
      11
       7
       9
       9
      16
       7
      11
       9
       7
       5
      10
       8
       9
      12
      10
      10
      11
      11
      10
       9
      11
       9
       8
      12
       6
       3
       6
       9
       9
       1
       9
       9
       8
      12
       8
      11
      11
       5
       7
       9
      13
      11
       8
       5
       8
       9
       6
      10
      15
      11
      11
       7
      12
       9
       8
       9
       6
      11
      10
      13
       9
       5
       8
       4
       9
       4
      13
       7
      11
      12
       7
       6
       8
       6
       7
       2
      11
       3
       3
       2
       7
       3
       7
      17
       6
       3
       7
      11
       4
      10
       7
       7
       6
       8
       3
       6
       3
       5
       8
       6
       7
       6
       7
       7
       3
       9
      14
       5
       8
       5
       3
       3
       4
       5
      10
      12
      10
      11
       5
       9
       8
       6
       4
       9
       7
       4
       8
       4
       7
       5
       2
       5
       6
       3
      10
       6
       9
      11
       6
       5
       8
       7
      10
       8
       6
       6
       5
       6
       7
       4
       5
       4
      11
       4
       4
       6
       7
       5
       4
       6
       4
       2
       6
       4
       6
       3
       7
       6
       5
       4
       3
       7
       7
       3
       7
       8
       8
       5
       5
       9
       5
       4
       6
       6
       9
       9
       7
       6
       4
       5
      11
       5
       3
       8
       6
       6
       6
       6
       6
       4
       7
      10
       7
       7
       8
       5
       6
       4
       5
       5
       4
       9
      11
       2
       9
       5
       5
       6
       6
       7
       4
      12
       5
       5
       5
       7
       5
      10
       3
      13
      10
       8
       8
       7
       9
       4
       7
      10
       6
       4
       6
       9
      11
       4
      11
       3
       4
       8
       4
       5
       8
       6
       3
       6
       3
       7
       5
       7
       6
       8
       1
      12
       5
       7
       4
       3
       6
       4
       6
       7
       6
       5
       8
       8
       3
       6
       6
       4
       7
       5
       8
      12
       9
       9
       3
       4
       5
       3
       9
      10
       3
       9
       3
       8
       5
       4
       2
       8
       6
       9
       8
       7
       3
       5
       3
       2
       4
       4
       4
      10
       5
       4
       2
       7
       4
       6
       9
       5
       4
       2
       7
       7
       4
      11
       6
       9
      11
       9
       8
       6
       4
       5
       7
       3
       5
       8
       7
       5
       6
       7
       6
       2
      13
       5
       8
       4
       9
       6
       7
       6
       5
       8
       4
       4
       6
       2
      11
       6
       8
       5
       4
       3
       8
       6
       4
       6
       2
       6
       4
       6
       5
       4
       9
       4
       1
       5
       3
       6
       3
       8
       3
       5
       6
       7
      10
       9
       5
       5
       6
       7
       1
       5
       9
       5
       6
       8
      10
       5
       6
       5
      12
       7
       6
       5
       7
       8
       4
       3
       5
       5
       8
       5
       4
       6
       9
       3
       1
       9
       6
       7
       9
       4
       4
       5
       7
       7
       6
       8
       7
       7
       8
       8
       6
       6
       9
       6
       6
       6
       3
      10
       1
       3
       8
       4
       6
       5
       7
       9
       7
       5
       6
       7
       9
       5
       8
       8
       7
       4
       6
       6
       7
       2
       8
       6
       9
       7
      11
       4
      11
       1
       4
       7
       5
       3
       7
      12
       3
       4
       5
       5
       5
       8
       9
       3
       5
       8
       8
       5
       5
       3
       4
       6
       4
       4
       3
       4
       3
       2
       5
       7
       5
       7
       6
       8
       4
       4
       7
       2
       7
       6
       5
       4
       5
       9
       8
       6
       6
       9
       6
       5
       7
       5
       9
       7
       3
       4
       1
       5
      11
      11
       6
       5
       8
       3
       5
       3
       8
       8
       7
       7
       4
       6
       8
       6
       9
       3
       8
       5
       6
       3
       4
       8
       5
       4
       9
       6
       8
       8
       6
       3
       6
       1
       7
       5
       3
       6
       2
       4
       5
       3
       6
       6
      12
       7
       7
       5
       6
       4
       7
       4
       5
       6
       5
       2
       2
       4
       2
       6
       5
       6
       2
       5
       5
       6
       5
       5
       5
       4
       9
       7
       5
       5
       7
      11
       6
       8
       3
       6
       6
       6
       4
       3
      11
       9
       7
       7
       7
       5
       3
       3
       9
      11
      10
      11
       5
       7
      10
       7
       6
       8
       8
       2
       8
       8
      11
       3
       7
       8
       5
       9
       7
       7
       3
       1
       8
      10
       3
       6
       5
       5
       8
      11
       6
       5
       8
       6
       7
       5
       6
       6
       5
       7
       7
       4
       3
       3
       5
       5
       5
       9
       4
       6
       3
       4
      12
       5
       5
       3
       9
       5
       4
       7
       3
       4
       6
       9
       5
       2
       8
       7
       9
       5
       4
       4
       7
       3
       0
       6
       2
       6
       8
       7
       4
       3
       4
       5
       5
       4
       8
       5
       9
      10
       3
       7
       7
       4
       6
       6
      11
      11
       4
      10
       8
       4
       7
       1
       6
       3
      10
       6
       3
       8
       6
       4
       3
       6
       6
       5
       9
       5
       2
       8
       3
       9
       8
       7
       2
       6
       9
       3
       3
       7
       3
      10
       8
       5
       4
       2
       5
       8
       7
       9
       9
       3
      10
       6
      10
       8
       7
       2
       9
       9
       4
       4
       4
       6
       7
       7
       6
       9
       5
       6
       5
       8
       5
       9
       3
       3
       6
       8
      13
       5
       8
       5
       8
       7
       7
       6
       7
       7
       7
       9
       5
       4
       4
      11
       6
       6
       7
       6
       6
       9
       6
       8
       6
       4
       2
       1
       3
       3
       6
       5
       7
       3
       3
       6
       3
       4
       6
       6
       4
       6
       9
       4
       5
       4
       3
       5
       4
       6
       3
       5
       7
       5
       8
       5
       7
       7
       7
       7
       7
       7
       7
       9
       5
       5
       5
       5
       6
       4
       8
       9
       7
       2
       4
       6
       3
      10
       1
       6
      10
       8
       7
      10
       6
       6
       6
       6
      11
       5
       9
       9
      10
      14
       9
       9
       7
      10
       4
       8
       4
       3
       8
       8
       4
       4
       7
      10
       6
       5
       9
       8
       5
       6
       8
       4
       8
       8
       5
       7
       5
       3
       4
       9
      10
       5
       6
       8
       9
       4
      11
       3
      10
      10
       3
       6
       8
       3
       4
       9
       4
       8
       7
       5
       4
       9
      11
       7
      11
       3
       7
       3
       5
       5
       3
       9
       4
       7
       6
       3
       7
       6
       5
       9
       9
       6
       5
      12
       5
       9
       7
       6
       9
       6
       6
       6
       5
       5
       9
       6
       7
       6
       5
       9
      13
       9
       6
       5
       9
       5
       3
       8
       5
       8
       9
       9
       9
       9
       5
      13
      12
       7
       6
      12
       8
       6
       9
       7
       4
       7
       1
       6
       8
       3
       7
       4
      13
       4
       5
       0
       7
       6
       6
       9
       3
       8
      12
       7
       6
       5
       9
       7
       3
       4
      11
      10
       8
       4
       6
       5
       4
      11
       8
       6
      12
       3
       7
       5
      10
       5
       6
       7
       7
       5
       9
      10
       4
       9
       7
       6
       3
       9
       5
      11
       5
       8
       5
      10
       9
      13
       7
       8
       6
       9
       8
       8
       6
       5
       5
      10
       7
       5
       5
      11
       7
       5
       4
       8
       4
      10
       4
       6
       7
       7
       5
       9
       9
       8
       3
       5
       3
      11
       6
      13
       9
       9
      11
      12
       5
      12
       8
       3
       6
       6
       6
       9
       5
      12
       6
       3
       6
       9
       6
       5
       9
       6
       6
       7
      10
      12
       8
      11
       7
       6
       7
       8
      10
       8
       8
      11
       5
       5
       6
      12
       8
       8
       9
      13
       6
       3
       7
       6
       9
       8
       5
       4
       8
       4
      11
       2
       7
       5
       5
       9
      11
      10
       7
       8
       8
       7
       6
      11
       9
      11
       6
      10
       5
       8
      14
      11
       3
       9
       9
       6
       6
       8
      10
       5
       8
       7
       7
       8
      10
       7
       6
      11
       7
       7
       6
      10
       6
      10
       7
       7
      11
       5
      11
      10
       5
      10
       4
       6
       9
       8
       8
       7
       9
       7
      13
       4
       5
       6
      12
      12
      16
      12
      10
       5
       4
      11
      17
       9
      11
      17
      12
      11
      10
       6
      13
      12
       8
      11
       8
       5
      11
       8
       8
      16
       8
      11
       5
      13
      10
      11
       9
       7
      11
      10
       9
       8
      12
      14
      11
      10
       7
      12
       6
      15
      11
       7
       8
       8
       3
      10
       8
       6
      13
      12
      11
       5
      12
      13
       5
       5
       4
       7
      11
      10
       7
       7
      11
       7
      10
       6
      11
      16
      13
      11
       7
       2
       3
       4
       4
      13
       5
      11
       6
       7
       8
      11
       5
       8
      10
       9
       7
      11
      11
      11
      13
      12
      15
       9
      11
      15
       6
      10
      12
      18
       8
       8
       4
       5
      11
       8
       8
      16
      12
      10
       7
       6
      10
       9
      13
       9
      11
      13
       7
       6
       6
      11
       5
      15
      10
       8
      13
       7
      14
      14
       6
      14
       5
      11
       5
       4
       7
       5
       5
      10
      11
      16
       7
      18
       6
      15
       8
       6
      13
       8
      12
       7
       5
       3
       8
       7
      18
      18
       7
       9
       8
       7
       7
      11
      10
      11
      12
       9
      11
       9
       8
      11
      10
      14
       9
      11
      12
      11
       9
      12
       9
       5
       7
      10
      10
      15
       6
      19
       4
      11
      10
      12
       9
       9
       8
       7
       7
      12
       7
      11
       4
       5
      13
      10
       9
       7
       7
      14
       5
       7
       8
       7
      11
      11
      11
      13
      12
       8
       8
      12
      12
      20
      11
      11
       9
      12
      11
      17
       9
       9
       9
       7
       8
      12
      17
      10
      13
      11
      12
       8
      17
      13
       8
      21
       6
      17
       9
      11
      13
      15
      13
      14
       9
       7
       9
      11
      11
       9
      10
      10
      14
       6
      12
       9
      13
       8
       6
       8
       8
      11
      13
      12
      11
      10
      11
      13
      12
       9
      12
       7
      14
       9
      15
       9
      10
      11
      10
      13
      13
      13
      13
      10
      18
       9
      10
       5
      12
      10
      21
      13
      20
      12
       9
       9
      12
      15
      12
      10
      14
      13
      16
      16
       7
      13
       6
       8
       9
      13
       7
      14
      17
      14
      13
       9
      12
      10
      13
      10
      11
      17
      19
      11
      13
      13
      19
      15
      14
      15
      13
      21
      16
      15
      14
      13
      14
      15
       4
      10
       8
      20
      13
      12
      15
      12
      21
      14
      15
      13
      14
      13
       9
       6
       7
      14
      20
      10
      22
      17
      14
       9
      10
      13
      16
      16
      15
      12
      10
      13
      15
       9
      11
      11
      16
      12
      15
       6
      17
      14
      12
      12
      13
      13
      11
      17
       4
      14
      12
       7
       9
      16
      18
      11
      11
      21
       8
      11
      17
      11
      12
      11
      12
      16
      11
      17
      12
      14
      10
      14
      10
      17
      13
      10
      12
      16
      20
      12
      11
      23
      15
       9
       7
       5
      14
      15
      17
      13
      16
       9
      17
      12
      17
      11
      21
      14
      11
       8
      18
      14
      16
      22
      22
      16
      13
      13
      19
      20
      13
      19
      14
      11
      15
      13
      12
      17
      16
      18
      12
      12
      12
      24
      10
      26
      13
      23
      18
      11
      20
      11
       9
      14
      14
      14
      12
      17
       8
      15
      14
      13
      16
       8
      14
      14
      12
      12
      17
      22
      13
      16
      13
      18
      14
      18
      12
      11
      17
      17
      12
      12
      20
      17
      15
      16
      16
      12
      21
      15
      16
      15
      18
      18
      17
      12
      15
      23
      11
      16
      24
      12
      20
      13
      14
      19
      16
      14
      15
      14
      14
      10
      16
      10
      17
      13
      13
      21
      17
      13
      19
      14
       7
      19
      19
      18
      10
      12
      18
      25
      12
      19
      15
      24
      22
      15
      16
      20
      15
      18
      13
      21
      24
      15
      21
      14
      19
      22
      23
      14
      20
      14
      11
      13
      19
      16
      21
      13
      16
      13
      12
      21
      19
      20
      16
      30
      20
      25
      24
      25
      17
      18
      23
      15
      24
      28
      23
      23
      23
      26
      21
      19
      23
      16
      19
      21
      19
      23
      21
      18
      24
      20
      12
      18
      22
      24
      19
      14
      29
      22
      18
      19
      18
      31
      19
      20
      21
      21
      17
      20
      17
      20
      18
      22
      28
      20
      23
      17
      18
      21
      27
      15
      29
      28
      12
      24
      30
      25
      23
      23
      27
      30
      32
      18
      22
      21
      24
      19
      21
      17
      26
      20
      21
      18
      24
      32
      20
      19
      21
      22
      22
      15
      24
      29
      14
      24
      14
      22
      22
      23
      25
      29
      17
      18
      22
      21
      23
      25
      25
      13
      30
      16
      18
      24
      22
      26
      34
      21
      22
      20
      21
      27
      25
      35
      26
      19
      29
      25
      21
      21
      19
      19
      30
      27
      16
      25
      31
      23
      26
      22
      26
      22
      23
      32
      24
      25
      30
      22
      27
      29
      22
      20
      24
      44
      26
      26
      22
      23
      40
      19
      25
      29
      21
      27
      20
      17
      28
      26
      30
      27
      16
      30
      33
      24
      34
      36
      29
      24
      30
      25
      33
      20
      20
      30
      24
      30
      35
      37
      29
      25
      18
      29
      25
      24
      32
      33
      24
      32
      35
      36
      24
      24
      36
      22
      28
      23
      26
      25
      26
      36
      16
      37
      14
      25
      26
      30
      36
      36
      34
      33
      33
      35
      24
      28
      30
      20
      32
      27
      22
      35
      33
      34
      26
      30
      35
      37
      30
      34
      43
      22
      32
      30
      32
      37
      24
      26
      38
      30
      15
      32
      14
      30
      41
      39
      35
      28
      31
      27
      32
      24
      31
      21
      44
      35
      26
      44
      29
      30
      39
      32
      41
      38
      31
      26
      41
      26
      41
      41
      28
      44
      30
      41
      29
      24
      38
      35
      38
      32
      44
      33
      39
      45
      41
      41
      31
      33
      33
      35
      37
      36
      44
      32
      32
      39
      53
      48
      33
      32
      33
      38
      34
      32
      47
      37
      43
      38
      30
      32
      52
      37
      44
      43
      45
      39
      31
      45
      34
      39
      44
      38
      45
      49
      41
      36
      37
      32
      34
      38
      38
      49
      39
      37
      50
      35
      48
      52
      38
      44
      41
      43
      43
      53
      43
      41
      52
      29
      41
      49
      34
      43
      50
      34
      56
      61
      51
      35
      43
      50
      47
      46
      46
      37
      44
      48
      57
      52
      54
      44
      42
      46
      45
      43
      47
      51
      50
      38
      45
      52
      38
      44
      33
      49
      47
      51
      58
      57
      59
      42
      35
      45
      47
      49
      50
      50
      57
      44
      33
      51
      44
      47
      59
      63
      60
      59
      45
      48
      44
      43
      53
      60
      54
      46
      45
      47
      60
      54
      61
      47
      61
      46
      60
      50
      48
      49
      47
      47
      47
      60
      59
      53
      45
      58
      45
      52
      44
      41
      51
      50
      53
      55
      61
      52
      69
      31
      60
      63
      58
      49
      55
      64
      59
      47
      50
      42
      48
      56
      57
      62
      50
      54
      44
      47
      58
      68
      50
      61
      67
      63
      75
      71
      68
      59
      71
      66
      72
      48
      63
      63
      73
      60
      55
      64
      70
      62
      59
      62
      65
      65
      48
      59
      72
      60
      65
      68
      62
      55
      94
      72
      54
      63
      67
      56
      86
      60
      75
      71
      56
      69
      70
      60
      59
      58
      61
      67
      68
      71
      61
      92
      68
      73
      72
      68
      69
      65
      70
      53
      68
      76
      67
      56
      67
      66
      64
      81
      78
      76
      69
      73
      80
      56
      72
      72
      78
      85
      67
      77
      74
      88
      87
      64
      88
      62
      85
      74
      86
      63
      79
      69
      80
      66
      83
      76
      59
      82
      75
      75
      92
      85
      88
      84
      96
      88
      86
      79
      71
      69
      71
      84
     103
      66
      90
      83
      80
      95
      82
     100
      76
      74
      94
      75
      72
     104
      95
      93
      85
      72
      86
     100
      89
      97
      81
      95
      85
      90
      87
      91
      91
      88
      94
     114
      90
      81
      93
      82
      85
      99
      95
      92
     105
      92
      89
     100
      85
      95
      89
     101
      85
     114
     107
      85
      88
     107
     106
      94
     100
      87
     109
     102
     117
      86
     115
     112
      93
     104
     101
     100
      90
     123
      91
     107
     118
      80
     111
     123
     124
     100
     111
     114
     107
     117
     108
     104
     112
      90
      98
     113
      90
     128
      98
     114
     104
     109
     127
      91
     114
     139
     116
     112
     107
      96
      91
     109
     131
     134
      90
      94
     122
     101
      94
     105
     123
     128
     116
     121
     126
      98
     116
     119
     136
     131
     122
     107
     118
     120
     107
     132
      96
     119
     136
      98
     125
     122
     130
     119
     136
     113
     154
     120
     137
     141
     161
     137
     122
     146
     136
     131
     137
     150
     147
     127
     147
     147
     121
     137
     120
     122
     133
     139
     126
     138
     130
     129
     115
     156
     123
     161
     138
     133
     149
     149
     147
     132
     138
     142
     149
     145
     140
     152
     144
     123
     148
     137
     171
     147
     149
     131
     138
     149
     141
     155
     153
     150
     176
     164
     181
     144
     148
     151
     138
     163
     167
     175
     182
     167
     169
     135
     143
     159
     143
     147
     160
     159
     145
     150
     168
     161
     150
     139
     165
     167
     150
     155
     168
     157
     166
     188
     174
     156
     167
     167
     178
     176
     180
     158
     157
     182
     179
     184
     162
     194
     195
     176
     200
     177
     149
     159
     180
     185
     191
     173
     181
     174
     191
     171
     183
     166
     175
     161
     175
     188
     173
     177
     194
     153
     209
     223
     196
     217
     212
     186
     191
     185
     208
     210
     181
     199
     181
     194
     222
     213
     221
     186
     194
     200
     202
     207
     201
     206
     192
     211
     212
     236
     216
     202
     204
     201
     210
     205
     188
     204
     206
     198
     224
     194
     190
     214
     234
     211
     232
     215
     193
     218
     223
     244
     222
     203
     219
     199
     187
     198
     252
     210
     223
     229
     226
     233
     227
     228
     211
     216
     230
     236
     236
     232
     247
     212
     250
     265
     223
     242
     243
     213
     246
     284
     238
     224
     226
     248
     226
     217
     190
     227
     244
     240
     251
     270
     284
     259
     272
     259
     262
     225
     259
     287
     240
     247
     266
     263
     246
     256
     249
     251
     287
     275
     285
     264
     247
     254
     259
     263
     292
     257
     243
     298
     252
     284
     252
     264
     247
     282
     302
     307
     280
     298
     283
     283
     299
     297
     268
     273
     284
     282
     267
     290
     297
     321
     262
     275
     301
     293
     304
     282
     301
     297
     293
     310
     309
     291
     274
     328
     280
     300
     303
     308
     318
     310
     300
     306
     298
     298
     329
     331
     292
     319
     335
     326
     342
     316
     327
     305
     314
     327
     312
     357
     337
     312
     325
     322
     339
     328
     357
     313
     349
     364
     343
     345
     337
     346
     350
     322
     370
     396
     345
     348
     366
     349
     339
     389
     356
     330
     356
     338
     353
     361
     338
     329
     328
     318
     375
     366
     376
     377
     385
     348
     362
     387
     379
     386
     347
     374
     358
     390
     374
     372
     376
     402
     390
     376
     388
     412
     383
     401
     403
     411
     375
     403
     380
     426
     423
     397
     365
     417
     418
     441
     434
     401
     402
     421
     428
     420
     423
     384
     444
     427
     386
     395
     461
     447
     406
     451
     412
     416
     421
     463
     419
     408
     424
     474
     395
     461
     444
     432
     449
     440
     458
     461
     431
     435
     443
     412
     460
     451
     498
     445
     444
     460
     469
     436
     476
     462
     477
     478
     464
     491
     460
     486
     466
     472
     459
     480
     493
     457
     502
     448
     531
     533
     497
     488
     501
     473
     488
     512
     536
     487
     499
     523
     516
     523
     497
     482
     498
     530
     504
     513
     534
     510
     518
     519
     496
     517
     514
     537
     510
     500
     492
     534
     554
     555
     524
     553
     543
     553
     567
     548
     518
     576
     568
     536
     555
     562
     541
     587
     544
     610
     579
     540
     571
     573
     578
     572
     633
     631
     563
     571
     528
     585
     580
     587
     510
     635
     609
     602
     598
     575
     559
     609
     642
     636
     581
     593
     575
     623
     583
     605
     597
     613
     590
     601
     586
     659
     591
     621
     623
     641
     655
     660
     613
     620
     584
     620
     667
     658
     642
     620
     642
     669
     596
     648
     660
     658
     689
     617
     649
     676
     659
     684
     674
     636
     663
     670
     717
     642
     668
     659
     676
     700
     673
     647
     664
     679
     697
     726
     769
     713
     667
     655
     693
     676
     707
     676
     722
     653
     737
     705
     762
     722
     765
     667
     749
     691
     746
     709
     685
     769
     731
     733
     717
     762
     733
     740
     744
     810
     714
     760
     739
     747
     695
     761
     784
     761
     749
     763
     791
     745
     806
     831
     783
     788
     759
     799
     774
     743
     861
     803
     797
     810
     828
     767
     800
     771
     794
     849
     802
     808
     797
     780
     834
     876
     809
     811
     859
     798
     811
     800
     837
     797
     797
     843
     823
     830
     811
     851
     847
     844
     789
     782
     819
     824
     853
     858
     854
     869
     954
     866
     874
     850
     901
     827
     867
     868
     829
     850
     861
     899
     891
     864
     942
     878
     920
     923
     928
     966
     887
     888
     851
     905
     906
     926
     884
     915
     977
     957
     931
     959
    1002
     906
     899
     919
     954
     981
     918
    1013
     957
     983
     946
     957
     981
     973
     964
     979
     985
    1003
     981
     987
     994
     993
    1003
    1002
     993
     984
    1010
     937
     970
    1024
    1011
    1046
    1018
     977
    1041
    1018
    1013
    1028
    1056
    1043
    1076
    1060
    1028
    1024
    1063
    1077
    1029
    1000
     988
    1078
     990
    1026
    1032
    1046
    1058
    1051
     995
    1087
    1043
    1095
    1085
    1071
    1066
    1090
    1041
    1051
    1051
    1112
    1109
    1108
    1108
    1103
    1153
    1057
    1104
    1145
    1171
    1100
    1115
    1133
    1091
    1170
    1123
    1159
    1145
    1219
    1104
    1208
    1162
    1134
    1152
    1173
    1191
    1116
    1137
    1196
    1181
    1163
    1176
    1089
    1149
    1149
    1172
    1188
    1258
    1072
    1141
    1190
    1217
    1208
    1178
    1188
    1189
    1197
    1171
    1249
    1165
    1181
    1183
    1184
    1178
    1224
    1157
    1177
    1215
    1178
    1208
    1181
    1160
    1238
    1195
    1232
    1297
    1288
    1283
    1190
    1206
    1282
    1197
    1268
    1235
    1235
    1283
    1274
    1237
    1306
    1259
    1312
    1318
    1262
    1292
    1282
    1292
    1273
    1263
    1227
    1304
    1299
    1307
    1258
    1241
    1319
    1324
    1255
    1314
    1279
    1318
    1312
    1285
    1291
    1359
    1336
    1279
    1275
    1330
    1332
    1318
    1387
    1341
    1331
    1351
    1355
    1327
    1393
    1276
    1411
    1328
    1353
    1385
    1309
    1363
    1327
    1372
    1408
    1415
    1456
    1428
    1322
    1385
    1418
    1422
    1397
    1443
    1353
    1419
    1382
    1399
    1374
    1450
    1406
    1365
    1412
    1445
    1380
    1370
    1458
    1383
    1417
    1457
    1429
    1438
    1355
    1405
    1405
    1442
    1378
    1478
    1400
    1455
    1455
    1448
    1456
    1491
    1494
    1444
    1438
    1479
    1476
    1441
    1463
    1528
    1467
    1476
    1399
    1460
    1459
    1437
    1488
    1516
    1513
    1476
    1511
    1546
    1556
    1522
    1581
    1547
    1527
    1451
    1554
    1503
    1528
    1521
    1529
    1540
    1526
    1596
    1525
    1530
    1541
    1506
    1489
    1551
    1481
    1481
    1565
    1504
    1510
    1514
    1540
    1506
    1538
    1584
    1519
    1543
    1553
    1594
    1603
    1609
    1566
    1473
    1577
    1516
    1593
    1497
    1609
    1587
    1537
    1601
    1551
    1588
    1591
    1650
    1575
    1575
    1570
    1601
    1581
    1652
    1617
    1638
    1623
    1589
    1634
    1667
    1653
    1554
    1679
    1654
    1553
    1602
    1597
    1638
    1644
    1613
    1602
    1615
    1655
    1674
    1674
    1613
    1683
    1705
    1659
    1701
    1608
    1661
    1606
    1598
    1637
    1590
    1665
    1709
    1655
    1673
    1703
    1690
    1645
    1725
    1681
    1650
    1694
    1800
    1739
    1624
    1673
    1678
    1651
    1746
    1719
    1673
    1611
    1684
    1709
    1753
    1680
    1750
    1752
    1695
    1710
    1664
    1685
    1749
    1668
    1813
    1697
    1757
    1683
    1749
    1793
    1732
    1712
    1684
    1739
    1696
    1717
    1694
    1784
    1656
    1679
    1733
    1651
    1764
    1707
    1732
    1659
    1722
    1713
    1721
    1661
    1659
    1707
    1742
    1787
    1733
    1790
    1719
    1761
    1742
    1753
    1794
    1742
    1741
    1846
    1707
    1774
    1707
    1766
    1765
    1741
    1748
    1725
    1833
    1711
    1764
    1722
    1820
    1772
    1705
    1790
    1707
    1718
    1822
    1725
    1827
    1810
    1777
    1750
    1790
    1801
    1799
    1772
    1759
    1778
    1749
    1800
    1797
    1815
    1805
    1694
    1721
    1831
    1745
    1805
    1817
    1743
    1835
    1741
    1772
    1761
    1744
    1882
    1818
    1725
    1794
    1797
    1860
    1844
    1761
    1833
    1739
    1782
    1746
    1751
    1758
    1811
    1726
    1812
    1721
    1732
    1759
    1811
    1864
    1786
    1762
    1742
    1845
    1732
    1805
    1754
    1749
    1825
    1894
    1842
    1764
    1826
    1862
    1837
    1810
    1820
    1838
    1853
    1779
    1723
    1732
    1791
    1872
    1740
    1842
    1771
    1790
    1763
    1752
    1781
    1793
    1811
    1912
    1767
    1913
    1809
    1761
    1794
    1829
    1849
    1773
    1845
    1769
    1721
    1772
    1753
    1745
    1744
    1807
    1774
    1842
    1829
    1776
    1854
    1807
    1796
    1779
    1870
    1835
    1903
    1824
    1844
    1831
    1766
    1764
    1784
    1795
    1784
    1770
    1805
    1869
    1734
    1764
    1864
    1892
    1782
    1848
    1845
    1777
    1741
    1757
    1803
    1751
    1691
    1802
    1738
    1701
    1825
    1857
    1726
    1817
    1816
    1746
    1653
    1808
    1789
    1694
    1780
    1801
    1720
    1834
    1773
    1736
    1741
    1750
    1774
    1789
    1800
    1762
    1724
    1769
    1712
    1697
    1663
    1784
    1764
    1814
    1661
    1765
    1685
    1744
    1735
    1760
    1679
    1779
    1691
    1711
    1754
    1681
    1694
    1679
    1672
    1648
    1784
    1740
    1673
    1684
    1777
    1730
    1767
    1739
    1728
    1764
    1660
    1733
    1711
    1761
    1703
    1652
    1672
    1785
    1795
    1705
    1789
    1696
    1696
    1731
    1659
    1699
    1695
    1616
    1679
    1754
    1716
    1660
    1753
    1669
    1757
    1746
    1678
    1788
    1606
    1657
    1705
    1653
    1616
    1661
    1690
    1649
    1622
    1620
    1677
    1616
    1650
    1636
    1609
    1683
    1581
    1585
    1715
    1697
    1601
    1682
    1640
    1618
    1676
    1677
    1675
    1701
    1642
    1596
    1635
    1559
    1672
    1613
    1610
    1672
    1617
    1591
    1591
    1630
    1616
    1644
    1572
    1637
    1591
    1545
    1570
    1638
    1482
    1560
    1539
    1625
    1579
    1595
    1523
    1608
    1617
    1560
    1614
    1571
    1605
    1624
    1503
    1574
    1585
    1545
    1562
    1549
    1582
    1509
    1594
    1571
    1543
    1530
    1535
    1558
    1484
    1503
    1526
    1571
    1537
    1519
    1469
    1470
    1487
    1505
    1463
    1541
    1458
    1456
    1529
    1471
    1475
    1505
    1490
    1477
    1548
    1482
    1523
    1438
    1478
    1516
    1478
    1489
    1432
    1505
    1431
    1431
    1402
    1454
    1433
    1519
    1546
    1442
    1488
    1413
    1385
    1345
    1421
    1397
    1482
    1412
    1461
    1415
    1420
    1355
    1407
    1406
    1403
    1372
    1430
    1360
    1408
    1347
    1391
    1440
    1401
    1437
    1407
    1385
    1377
    1362
    1371
    1406
    1369
    1369
    1353
    1291
    1329
    1337
    1376
    1364
    1247
    1345
    1328
    1336
    1293
    1323
    1291
    1258
    1324
    1279
    1310
    1284
    1272
    1247
    1317
    1294
    1192
    1302
    1282
    1275
    1285
    1310
    1257
    1278
    1300
    1252
    1262
    1253
    1231
    1223
    1247
    1210
    1138
    1225
    1327
    1228
    1196
    1254
    1237
    1221
    1263
    1195
    1268
    1204
    1185
    1228
    1203
    1190
    1174
    1207
    1286
    1126
    1195
    1183
    1184
    1195
    1162
    1169
    1215
    1142
    1139
    1165
    1137
    1178
    1174
    1153
    1116
    1118
    1093
    1076
    1120
    1102
    1150
    1139
    1097
    1109
    1170
    1101
    1153
    1088
    1137
    1097
    1104
    1057
    1096
    1050
    1160
    1115
    1119
    1086
    1103
    1061
    1042
    1047
    1041
    1060
    1068
    1060
     991
    1089
     993
    1042
    1012
    1039
    1011
     972
    1038
    1009
    1038
    1044
     965
     964
    1021
     976
    1028
    1003
    1006
     950
     981
     962
     979
     978
     964
    1010
    1004
     950
     913
     936
     956
     979
     933
     882
     921
     974
     958
     906
     952
     890
     891
     859
     917
     958
     875
     887
     918
     898
     906
     898
     879
     872
     862
     857
     870
     871
     875
     896
     897
     864
     852
     859
     857
     841
     865
     902
     821
     841
     809
     819
     818
     844
     814
     814
     812
     810
     782
     829
     777
     783
     822
     774
     791
     814
     776
     737
     789
     775
     827
     813
     766
     798
     762
     789
     783
     721
     785
     737
     734
     766
     752
     735
     761
     747
     744
     770
     725
     726
     725
     744
     739
     705
     715
     670
     685
     707
     702
     723
     706
     699
     655
     695
     698
     646
     702
     674
     711
     607
     670
     662
     624
     668
     662
     635
     683
     669
     655
     648
     653
     639
     617
     658
     616
     639
     661
     645
     665
     609
     634
     607
     614
     609
     615
     565
     612
     568
     614
     608
     630
     586
     581
     572
     599
     554
     550
     592
     577
     570
     609
     524
     534
     546
     582
     565
     555
     544
     554
     534
     551
     537
     540
     529
     544
     540
     530
     509
     525
     503
     492
     505
     529
     522
     516
     497
     527
     440
     472
     497
     457
     493
     494
     498
     444
     459
     461
     482
     504
     448
     462
     444
     432
     457
     498
     435
     434
     450
     451
     439
     448
     452
     405
     425
     412
     454
     462
     422
     412
     440
     430
     410
     427
     414
     437
     393
     410
     420
     435
     410
     395
     397
     396
     396
     385
     393
     386
     387
     378
     378
     332
     372
     359
     369
     390
     383
     352
     374
     363
     344
     355
     392
     356
     356
     341
     315
     316
     375
     320
     380
     337
     335
     345
     363
     321
     326
     300
     341
     351
     315
     318
     320
     300
     304
     334
     327
     336
     288
     325
     281
     317
     277
     290
     294
     299
     279
     280
     285
     310
     286
     265
     275
     269
     276
     281
     272
     279
     264
     274
     269
     263
     263
     263
     268
     293
     280
     272
     255
     250
     250
     244
     244
     267
     249
     257
     215
     251
     265
     270
     241
     231
     249
     225
     219
     236
     231
     224
     227
     204
     193
     247
     212
     191
     218
     219
     216
     197
     219
     199
     226
     230
     179
     190
     200
     211
     201
     208
     178
     194
     192
     196
     216
     206
     193
     187
     188
     182
     205
     200
     200
     175
     177
     191
     183
     168
     175
     175
     169
     201
     189
     160
     172
     167
     149
     167
     172
     174
     159
     154
     197
     154
     153
     167
     156
     151
     159
     149
     137
     133
     147
     136
     131
     164
     150
     130
     144
     150
     153
     131
     135
     139
     122
     139
     118
     121
     127
     143
     137
     132
     132
     134
     120
     116
     123
     123
     132
     125
      95
     124
     106
     128
     118
     114
     111
     108
     117
     122
     110
     114
     107
     109
     110
     101
      86
      85
     125
      98
      91
      98
      96
     107
      95
      99
      74
     105
      76
     102
      98
      89
     106
      79
     100
      92
      90
      79
      90
      76
      90
      78
      87
      86
      79
      80
      86
      78
      77
      80
      67
      88
      82
      72
      90
      94
      75
      89
      72
      80
      71
      75
      71
      60
      79
      64
      81
      76
      78
      62
      66
      71
      75
      69
      58
      60
      59
      77
      55
      65
      57
      69
      80
      55
      60
      64
      62
      67
      63
      61
      69
      52
      71
      63
      58
      67
      46
      60
      56
      63
      51
      52
      74
      53
      49
      56
      56
      53
      59
      50
      53
      52
      52
      43
      52
      50
      46
      41
      36
      42
      53
      46
      46
      49
      44
      45
      24
      50
      38
      56
      27
      39
      43
      41
      44
      46
      36
      46
      36
      33
      27
      40
      32
      33
      43
      38
      35
      36
      29
      41
      27
      29
      41
      46
      29
      40
      23
      36
      33
      31
      29
      26
      24
      33
      43
      31
      32
      21
      32
      32
      35
      38
      29
      26
      30
      34
      22
      32
      24
      27
      33
      30
      20
      33
      21
      29
      29
      38
      30
      31
      29
      35
      18
      28
      34
      25
      33
      30
      23
      22
      15
      33
      20
      31
      19
      16
      22
      16
      22
      24
      25
      23
      15
      14
      17
      21
      20
      14
      27
      19
      14
      16
      20
      29
      20
      26
      18
      12
      25
      22
      14
      22
      13
      23
      11
      16
      12
      12
      20
      16
      15
      14
      16
      10
      18
      18
      20
      13
      15
      14
      13
      16
      18
      18
      10
      15
      14
      13
      19
      11
      18
      18
      10
      14
      15
      16
      16
      15
      14
      18
       9
       8
      12
      16
      12
      14
      16
       7
      17
       9
      15
      11
      18
      12
      17
       4
      15
       8
       7
       5
      16
      10
      14
      12
       9
      11
      14
       9
       8
      16
      13
       4
      10
       9
       6
      15
       7
      11
      13
       6
      14
      15
       6
       9
       7
      10
       7
      10
       9
      14
       4
      10
       8
      10
      10
       6
       6
       4
       7
      11
       7
       9
       4
      11
       7
       9
       6
       8
      12
       8
       6
       6
       9
       5
       4
       9
       5
       9
       5
       5
       6
       7
       5
       4
       9
      11
      11
       3
       6
       8
       4
       8
       4
       4
       3
       8
       9
       7
       7
       2
      10
       4
       5
       6
       3
       7
       8
       7
       6
       3
       4
       0
       3
       2
       6
       1
       9
       4
       6
       7
       4
       4
       4
       9
       2
       6
       5
       3
       5
       7
       4
       6
      10
       4
       6
       5
       5
       3
       2
       7
       5
       3
       3
       7
       3
       3
       4
       4
       7
       3
       6
       5
       7
       2
       8
       4
       3
       6
       4
       8
       2
       5
       1
       2
       2
       4
       4
       5
       5
       4
       3
       3
       4
       7
       2
       3
       3
       3
       8
       2
       6
       6
       3
       7
       3
       4
       1
       2
       4
       5
       4
       2
       5
       9
       6
       0
       4
       3
       3
       4
       3
       2
       1
       1
       2
       1
       3
       2
       5
       4
       4
       6
       3
       5
       4
       6
       5
       3
       1
       2
       6
       4
      10
       3
       2
       2
       8
       3
       1
       2
       1
       2
       2
       6
       2
       2
       4
       3
       4
       5
       4
       6
       2
       1
       1
       1
       2
       9
       2
       0
       2
       2
       4
       3
       1
       5
       5
       4
       2
       2
       3
       5
       4
       2
       4
       3
       2
       5
       8
       3
       4
       2
       4
       4
       6
       4
       4
       4
       2
       4
       5
       6
       2
       3
       4
       6
       2
       1
       5
       2
       0
       1
       1
       2
       0
       3
       4
       1
       1
       4
       4
       2
       3
       3
       1
       4
       4
       0
       2
       7
       2
       6
       1
       4
       1
       2
       2
       6
       3
       3
       2
       1
       4
       5
       3
       3
       3
       5
       3
       2
       2
       2
       5
       1
       2
       4
       3
       3
       3
       2
       3
       3
       2
       2
       1
       1
       3
       3
       4
       1
       5
       5
       4
       1
       1
       1
       3
       2
       3
       3
       1
       2
       6
       3
       2
       2
       1
       2
       4
       1
       4
       0
       4
       4
       4
       5
       0
       3
       2
       2
       3
       4
       3
       3
       2
       0
       4
       1
       5
       4
       2
       5
       2
       5
       0
       2
       4
       3
       3
       4
       1
       6
       4
       3
       1
       3
       1
       1
       8
       4
       5
       2
       3
       5
       1
       0
       2
       2
       0
       5
       1
       3
       6
       1
       2
       3
       2
       1
       1
       2
       4
       4
       3
       1
       1
       2
       1
       4
       1
       2
       6
       1
       2
       4
       6
       2
       8
       3
       3
       1
       1
       3
       2
       3
       1
       2
       3
       3
       1
       4
       0
       4
       3
       1
       3
       0
       1
       2
       2
       2
       7
       1
       4
       0
       4
       1
       3
       1
       1
       1
       0
       0
       1
       2
       2
       3
       3
       1
       1
       3
       3
       3
       3
       1
       2
       1
       3
       3
       3
       2
       1
       2
       2
       5
       2
       3
       4
       6
       1
       3
       3
       3
       2
       4
       5
       1
       5
       2
       5
       4
       3
       4
       2
       1
       3
       1
       2
       3
       2
       4
       1
       5
       0
       2
       2
       3
       1
       2
       2
       4
       2
       4
       2
       2
       4
       2
       3
       2
       2
       2
       2
       4
       3
       3
       4
       4
       4
       3
       4
       4
       2
       3
       1
       1
       2
       2
       2
       6
       1
       2
       4
       1
       1
       3
       8
       5
       5
       3
       3
       7
       4
       4
       3
       1
       3
       1
       4
       0
       8
       5
       2
       3
       0
       3
       3
       4
       5
       5
       2
       2
       3
       3
       3
       3
       0
       4
       1
       5
       4
       6
       4
       2
       3
       4
       3
       2
       4
       3
       3
       4
       3
       4
       2
       0
       6
       1
       4
       2
       3
       7
       2
       1
       2
       4
       2
       4
       5
       3
       1
       3
       2
       4
       6
       2
       4
       2
       2
       5
       3
       2
       1
       4
       2
       4
       7
       3
       2
       5
       1
       3
       5
       2
       1
       5
       2
       1
       4
       1
       2
       1
       5
       2
       2
       4
       2
       3
       1
       1
       2
       1
       3
       2
       6
       2
       2
       2
       2
       2
       3
       2
       2
       3
       1
       3
       0
       4
       4
       1
       2
       2
       3
       1
       4
       4
       1
       4
       2
       5
       0
       2
       1
       2
       1
       2
       1
       4
       1
       2
       4
       0
       1
       2
       2
       3
       0
       2
       2
       3
       1
       0
       3
       2
       4
       0
       3
       0
       0
       3
       0
       0
       0
       1
       4
       0
       2
       1
       3
       1
       5
       1
       0
       4
       3
       4
       2
       2
       3
       0
       1
       1
       2
       3
       0
       2
       0
       1
       1
       3
       1
       1
       1
       2
       1
       3
       2
       2
       2
       1
       1
       1
       0
       2
       1
       3
       1
       1
       1
       1
       1
       3
       0
       3
       4
       3
       1
       2
       1
       2
       0
       2
       6
       7
       1
       3
       1
       3
       4
       1
       0
       0
       1
       0
       4
       0
       3
       1
       1
       1
       1
       1
       2
       3
       0
       2
       1
       2
       2
       2
       0
       0
       3
       4
       1
       0
       1
       2
       1
       2
       2
       2
       2
       1
       2
       2
       1
       3
       2
       2
       0
       3
       2
       1
       2
       3
       1
       2
       2
       1
       4
       2
       2
       1
       1
       0
       0
       1
       0
       6
       1
       1
       2
       2
       1
       1
       1
       3
       2
       0
       1
       0
       1
       2
       0
       0
       2
       0
       1
       0
       1
       4
       2
       1
       1
       4
       2
       3
       4
       2
       4
       1
       2
       4
       1
       1
       1
       1
       0
       0
       1
       3
       0
       1
       0
       0
       3
       0
       2
       3
       2
       1
       1
       4
       4
       2
       1
       1
       1
       0
       0
       2
       4
       2
       0
       2
       3
       0
       2
       0
       0
       2
       1
       0
       4
       3
       2
       1
       1
       1
       2
       1
       1
       0
       1
       0
       2
       2
       1
       0
       1
       0
       1
       3
       1
       0
       0
       3
       2
       1
       3
       1
       2
       3
       1
       1
       3
       3
       3
       0
       2
       5
       2
       1
       2
       0
       0
       1
       3
       0
       0
       3
       3
       1
       3
       1
       2
       1
       2
       0
       2
       2
       1
       1
       2
       0
       1
       1
       1
       1
       4
       2
       3
       2
       1
       2
       2
       1
       4
       1
       1
       6
       2
       2
       3
       2
       1
       2
       3
       2
       2
       0
       1
       0
       1
       0
       1
       5
       6
       1
       1
       1
       2
       2
       1
       3
       1
       1
       1
       1
       1
       0
       4
       3
       4
       1
       2
       2
       4
       0
       2
       4
       0
       0
       5
       1
       1
       1
       4
       2
       0
       0
       1
       0
       0
       3
       4
       3
       4
       1
       3
       2
       1
       1
       1
       2
       1
       2
       1
       0
       0
       3
       4
       2
       1
       1
       3
       0
       0
       0
       0
       1
       1
       2
       3
       2
       2
       2
       5
       3
       1
       4
       2
       1
       2
       1
       1
       0
       2
       4
       1
       2
       2
       0
       0
       2
       1
       4
       3
       1
       1
       2
       3
       0
       3
       4
       1
       2
       2
       1
       1
       2
       0
       2
       6
       1
       2
       1
       0
       0
       1
       3
       0
       1
       2
       2
       3
       1
       2
       2
       1
       2
       2
       0
       1
       4
       0
       0
       1
       3
       1
       4
       1
       1
       2
       2
       0
       1
       2
       2
       1
       1
       1
       5
       4
       2
       1
       0
       5
       1
       3
       3
       0
       2
       1
       2
       1
       4
       3
       1
       0
       1
       1
       5
       0
       0
       4
       1
       1
       3
       1
       3
       4
       0
       2
       2
       1
       2
       1
       2
       0
       2
       0
       1
       1
       2
       2
       2
       0
       1
       1
       5
       4
       4
       3
       0
       0
       2
       2
       2
       4
       3
       0
       4
       1
       3
       0
       3
       0
       1
       2
       2
       4
       1
       2
       1
       2
       1
       2
       3
       0
       3
       1
       0
       0
       4
       1
       1
       1
       1
       1
       1
       0
       5
       1
       0
       0
       1
       3
       1
       4
       2
       3
       2
       4
       3
       1
       0
       2
       3
       1
       2
       2
       1
       4
       0
       2
       1
       0
       4
       2
       2
       1
       2
       1
       1
       7
       4
       3
       1
       5
       1
       1
       3
       2
       2
       2
       1
       2
       2
       1
       1
       2
       1
       1
       3
       2
       2
       0
       1
       2
       6
       2
       2
       3
       1
       2
       4
       1
       3
       2
       1
       2
       0
       1
       1
       5
       2
       2
       4
       3
       0
       0
       2
       0
       3
       0
       1
       1
       4
       2
       0
       2
       5
       0
       0
       1
       3
       0
       1
       2
       1
       4
       2
       3
       3
       3
       1
       3
       2
       2
       0
       2
       5
       1
       3
       2
       1
       1
       1
       1
       0
       2
       3
       0
       2
       1
       4
       0
       2
       2
       1
       1
       0
       1
       2
       2
       2
       2
       1
       2
       1
       2
       2
       0
       3
       1
       3
       1
       4
       2
       4
       1
       1
       1
       3
       0
       0
       2
       3
       2
       1
       2
       4
       1
       1
       2
       2
       1
       3
       0
       2
       2
       3
       1
       3
       1
       1
       3
       0
       0
       0
       3
       0
       4
       1
       1
       1
       1
       0
       3
       1
       3
       0
       2
       0
       2
       3
       2
       1
       1
       1
       0
       3
       0
       2
       0
       2
       1
       3
       1
       3
       0
       1
       3
       2
       0
       2
       2
       0
       1
       1
       2
       1
       3
       1
       0
       2
       1
       2
       2
       3
       3
       1
       4
       1
       1
       2
       1
       2
       4
       2
       0
       4
       1
       2
       3
       1
       1
       1
       3
       2
       4
       1
       3
       1
       3
       2
       3
       1
       3
       2
       2
       2
       2
       0
       3
       0
       1
       1
       2
       1
       3
       0
       0
       1
       0
       2
       1
       3
       2
       2
       3
       3
       2
       1
       0
       0
       1
       2
       3
       2
       5
       2
       4
       3
       0
       2
       1
       2
       2
       1
       1
       2
       2
       3
       2
       4
       0
       2
       0
       2
       3
       2
       2
       1
       2
       2
       2
       0
       2
       1
       0
       2
       2
       0
       7
       1
       1
       3
       1
       2
       2
       4
       4
       2
       0
       1
       2
       0
       2
       2
       1
       4
       3
       0
       2
       6
       3
       2
       2
       0
       2
       0
       4
       1
       0
       4
       4
       3
       2
       3
       0
       2
       6
       1
       1
       0
       1
       2
       1
       1
       1
       1
       3
       2
       1
       1
       0
       2
       1
       1
       1
       1
       2
       2
       3
       2
       3
       2
       3
       3
       1
       1
       2
       1
       2
       0
       1
       1
       3
       1
       2
       2
       0
       1
       0
       1
       1
       2
       1
       2
       2
       1
       1
       1
       0
       4
       0
       2
       2
       0
       2
       3
       3
       4
       0
       4
       3
       5
       1
       4
       1
       0
       2
       2
       3
       3
       2
       0
       3
       2
       4
       2
       3
       1
       1
       2
       1
       3
       0
       3
       4
       1
       1
       1
       1
       7
       1
       0
       1
       0
       1
       1
       0
       2
       2
       3
       1
       1
       2
       4
       1
       4
       1
       0
       0
       2
       2
       2
       2
       2
       1
       0
       1
       1
       1
       3
       2
       4
       3
       1
       1
       4
       5
       3
       2
       3
       1
       3
       2
       3
       1
       2
       1
       5
       0
       2
       2
       1
       0
       5
       2
       2
       2
       3
       1
       1
       4
       3
       3
       1
       1
       4
       6
       2
       0
       0
       2
       3
       1
       4
       3
       4
       2
       2
       1
       0
       6
       1
       2
       3
       0
       3
       3
       3
       2
       4
       1
       3
       0
       0
       0
       2
       1
       0
       3
       2
       6
       2
       1
       2
       2
       1
       0
       2
       1
       3
       2
       0
       3
       2
       5
       4
       5
       1
       3
       2
       0
       3
       3
       1
       4
       3
       1
       2
       2
       1
       2
       1
       2
       2
       1
       2
       3
       0
       2
       2
       1
       4
       4
       2
       1
       0
       3
       2
       4
       2
       3
       4
       2
       3
       1
       5
       3
       1
       2
       0
       1
       3
       3
       2
       0
       1
       2
       1
       4
       2
       3
       3
       2
       2
       1
       3
       4
       2
       3
       3
       4
       1
       0
       4
       2
       3
       2
       5
       0
       2
       1
       1
       2
       1
       1
       3
       2
       1
       4
       2
       1
       0
       1
       1
       2
       3
       1
       3
       0
       2
       0
       3
       0
       1
       1
       2
       0
       2
       3
       3
       3
       3
       3
       4
       1
       6
       2
       1
       7
       3
       0
       7
       2
       1
       1
       1
       2
       0
       2
       0
       3
       1
       2
       2
       3
       2
       2
       0
       1
       2
       2
       2
       1
       2
       1
       1
       0
       3
       2
       0
       3
       5
       2
       1
       0
       1
       2
       0
       2
       0
       0
       4
       1
       2
       0
       1
       4
       2
       3
       2
       3
       2
       2
       0
       0
       3
       2
       2
       3
       2
       2
       2
       2
       4
       0
       2
       2
       2
       2
       2
       3
       3
       1
       4
       4
       0
       3
       1
       0
       2
       2
       4
       2
       1
       3
       1
       3
       1
       2
       0
       2
       1
       3
       1
       2
       1
       3
       4
       3
       2
       3
       4
       1
       1
       3
       1
       4
       0
       2
       3
       3
       2
       1
       2
       2
       0
       2
       2
       1
       5
       2
       3
       3
       3
       1
       1
       2
       3
       3
       3
       1
       0
       5
       3
       2
       3
       1
       1
       2
       4
       3
       0
       3
       1
       3
       4
       2
       2
       3
       4
       2
       3
       2
       2
       2
       1
       3
       1
       3
       1
       1
       1
       2
       0
       0
       2
       0
       2
       2
       0
       3
       2
       2
       1
       3
       3
       3
       2
       1
       2
       1
       0
       0
       3
       5
       3
       2
       2
       3
       0
       0
       1
       2
       2
       2
       3
       2
       1
       5
       4
       1
       2
       2
       2
       2
       3
       3
       1
       4
       6
       0
       1
       1
       0
       4
       2
       6
       2
       1
       1
       2
       2
       2
       3
       2
       2
       1
       0
       2
       1
       1
       2
       4
       1
       1
       2
       1
       2
       4
       2
       5
       2
       3
       5
       3
       2
       3
       3
       4
       1
       2
       3
       3
       2
       3
       1
       1
       3
       2
       1
       2
       1
       4
       1
       3
       2
       1
       2
       3
       2
       3
       1
       3
       2
       3
       1
       4
       4
       1
       3
       0
       3
       1
       0
       0
       1
       2
       2
       1
       3
       3
       1
       3
       2
       2
       0
       2
       0
       1
       1
       2
       3
       0
       1
       4
       2
       1
       2
       4
       1
       1
       0
       1
       4
       2
       2
       4
       1
       1
       2
       1
       1
       3
       3
       1
       2
       2
       2
       2
       2
       1
       1
       4
       2
       0
       1
       1
       3
       2
       3
       1
       2
       3
       1
       0
       2
       2
       3
       4
       2
       0
       3
       1
       2
       2
       1
       1
       3
       1
       4
       0
       1
       0
       1
       1
       1
       3
       2
       2
       1
       1
       1
       0
       0
       3
       4
       3
       0
       0
       0
       3
       1
       3
       3
       2
       4
       4
       5
       4
       5
       2
       2
       1
       1
       1
       1
       2
       0
       0
       2
       1
       3
       1
       2
       2
       0
       1
       0
       1
       2
       2
       4
       4
       1
       1
       2
       0
       1
       2
       3
       2
       3
       4
       1
       2
       3
       2
       3
       4
       2
       4
       1
       2
       1
       3
       3
       1
       2
       1
       3
       1
       3
       2
       1
       2
       1
       2
       4
       2
       2
       3
       1
       1
       2
       3
       0
       4
       4
       2
       2
       2
       2
       4
       2
       1
       1
       1
       0
       3
       4
       3
       4
       3
       1
       0
       1
       1
       1
       0
       1
       2
       1
       1
       1
       1
       3
       1
       2
       1
       2
       1
       3
       0
       0
       2
       2
       3
       0
       1
       1
       1
       2
       3
       1
       1
       0
       0
       1
       3
       1
       2
       1
       5
       2
       1
       1
       0
       2
       3
       4
       0
       1
       1
       2
       1
       2
       2
       2
       5
       6
       0
       1
       2
       6
       2
       2
       1
       4
       0
       0
       3
       1
       4
       2
       2
       3
       1
       3
       1
       2
       1
       1
       1
       0
       1
       1
       2
       2
       3
       3
       1
       3
       3
       1
       0
       1
       0
       0
       2
       1
       1
       3
       1
       3
       1
       1
       3
       2
       3
       1
       2
       1
       2
       0
       2
       1
       2
       1
       2
       1
       1
       1
       2
       1
       2
       2
       2
       0
       4
       4
       2
       0
       2
       0
       2
       1
       1
       5
       5
       2
       4
       1
       2
       2
       1
       0
       0
       5
       1
       3
       1
       1
       1
       2
       1
       3
       3
       2
       1
       1
       1
       4
       2
       2
       2
       1
       0
       3
       0
       0
       0
       0
       2
       4
       1
       3
       4
       2
       1
       2
       2
       3
       0
       0
       2
       1
       3
       0
       2
       1
       3
       3
       2
       1
       3
       2
       2
       0
       1
       2
       0
       1
       2
       2
       1
       1
       0
       0
       1
       1
       0
       0
       1
       1
       0
       2
       4
       1
       5
       1
       3
       3
       1
       1
       1
       0
       0
       2
       4
       1
       1
       1
       0
       3
       2
       2
       2
       4
       3
       3
       1
       1
       2
       1
       0
       4
       4
       0
       0
       0
       2
       2
       3
       1
       1
       1
       4
       4
       1
       1
       2
       2
       1
       1
       0
       0
       4
       2
       2
       3
       1
       1
       0
       2
       0
       2
       1
       1
       2
       2
       0
       1
       2
       3
       0
       1
       1
       1
       3
       0
       0
       0
       0
       1
       3
       1
       1
       2
       3
       1
       0
       3
       5
       1
       0
       4
       2
       2
       4
       1
       1
       1
       0
       0
       2
       0
       4
       0
       4
       0
       2
       1
       3
       1
       1
       0
       2
       2
       1
       1
       2
       1
       3
       0
       3
       2
       2
       3
       1
       1
       0
       3
       0
       2
       0
       5
       3
       3
       3
       4
       2
       0
       2
       1
       0
       0
       3
       0
       3
       0
       1
       2
       0
       0
       1
       1
       2
       1
       1
       2
       1
       4
       4
       2
       1
       2
       6
       2
       1
       2
       2
       1
       2
       1
       1
       1
       1
       1
       2
       1
       2
       1
       1
       1
       0
       1
       4
       1
       1
       2
       2
       0
       3
       0
       2
       1
       1
       2
       2
       1
       2
       3
       1
       1
       0
       4
       1
       0
       3
       0
       1
       0
       1
       2
       1
       2
       1
       1
       1
       0
       1
       2
       1
       0
       2
       0
       2
       1
       1
       3
       2
       2
       1
       2
       0
       0
       2
       4
       1
       1
       3
       1
       0
       2
       2
       2
       1
       1
       0
       1
       1
       1
       0
       1
       2
       0
       0
       0
       1
       2
       5
       0
       1
       1
       0
       2
       0
       1
       2
       1
       0
       0
       3
       1
       1
       0
       4
       0
       0
       2
       1
       3
       0
       4
       2
       3
       2
       0
       1
       0
       0
       0
       0
       0
       0
       0
       2
       2
       4
       1
       3
       1
       1
       1
       0
       0
       1
       0
       1
       3
       1
       0
       3
       0
       3
       1
       2
       1
       3
       0
       0
       0
       1
       2
       0
       0
       0
       2
       0
       0
       0
       0
       1
       1
       1
       3
       0
       0
       0
       1
       2
       3
       2
       1
       0
       1
       0
       2
       2
       0
       3
       4
       1
       1
       0
       1
       1
       0
       1
       1
       0
       1
       1
       0
       0
       0
       2
       0
       0
       2
       1
       1
       2
       1
       0
       0
       3
       2
       2
       2
       0
       0
       2
       0
       1
       1
       2
       0
       1
       0
       0
       1
       1
       1
       1
       1
       1
       1
       1
       0
       5
       1
       0
       1
       1
       0
       0
       1
       0
       0
       1
       2
       2
       0
       1
       0
       0
       0
       1
       0
       0
       1
       0
       1
       0
       1
       1
       2
       3
       0
       2
       0
       2
       0
       1
       0
       0
       0
       0
       0
       2
       1
       0
       0
       0
       0
       0
       0
       0
       0
       0
       0
       0
       0
       0
       0
       0
       0
       0
       0
       0
       0
       0
       0
       0
       0
       0
       0
       0
       0
       0
       0
       0
       0
       0
       0
       0
       0
       0
       0
       0
       0
       0
       0
       0
       0
       0
       0
       0
       0
       0
       0
       0
       0
       0
       0
       0
       0
       0
       0
       0
       0
       0
       0
       0
       0
       0
       0
       0
       0
       0
       0
       0
       0
       0
       0
       0
       0
       0
       0
       0
       0
       0
       0
       0
       0
       0
       0
       0
       0
       0
       0
       0
       0
       0
       0
       0
       0
       0
       0
       0
       0
       0
       0
       0
       0
       0
       0
       0
       0
       0
       0
       0
       0
       0
       0
       0
       0
       0
       0
       0
       0
       0
       0
       0
       0
       0
       0
       0
       0
$ROI:
3
6725 6813
6948 7045
7244 7256
$PRESETS:
None
0
0
$ENER_FIT:
-0.000074 0.728814
$MCA_CAL:
3
-7.366740E-005 7.288145E-001 -2.624510E-006 keV
$SHAPE_CAL:
3
0.000000E+000 0.000000E+000 0.000000E+000
